Time,Acc_X,Acc_Y,Acc_Z,Meg,Gyr_X,Gyr_Y,Gyr_Z,Ore
19:31:46:473,0.2299,4.0061,8.8874,55.3332,0.0301,0.3522,0.2764,62.4062
19:31:46:490,0.5568,4.2312,9.0586,55.4172,-0.0035,0.1882,0.2362,62.4062
19:31:46:516,0.4239,4.2312,8.9963,55.1903,0.0498,0.189,0.1738,62.4062
19:31:46:529,0.1928,4.3485,8.7832,55.1075,0.0908,0.2273,0.1677,195.7812
19:31:46:562,0.2228,4.3581,8.642,54.7111,0.0823,0.2452,0.2055,195.5312
19:31:46:574,0.1761,4.3377,8.5761,54.2003,0.0248,0.2428,0.23,195.2812
19:31:46:588,0.0683,4.3126,8.6192,54.6377,-0.0506,0.198,0.2553,195
19:31:46:612,0.0528,4.3221,8.6456,55.9157,-0.1246,0.1251,0.2817,194.6719
19:31:46:630,0.0827,4.3413,8.6863,54.8168,-0.1704,0.0596,0.3001,194.3438
19:31:46:647,0.1354,4.3533,8.6623,57.1104,-0.18,0.0119,0.3121,194
19:31:46:675,0.139,4.4191,8.539,56.0679,-0.1566,-0.0257,0.3216,193.6406
19:31:46:687,0.1138,4.5663,8.4157,56.0242,-0.1121,-0.027,0.331,193.2969
19:31:46:708,-0.0526,4.6597,8.162,56.3532,-0.0831,0.0252,0.3573,192.9375
19:31:46:727,-0.122,4.6262,8.0399,55.9555,-0.0943,0.0588,0.4087,192.5781
19:31:46:748,0.0013,4.5747,8.0925,54.7948,-0.1217,0.0345,0.4463,192.1719
19:31:46:771,0.1605,4.5137,8.1476,54.7948,-0.1228,-0.047,0.4511,191.6875
19:31:46:791,0.461,4.5257,8.132,57.0276,-0.1031,-0.0848,0.4332,191.2031
19:31:46:806,0.6585,4.5508,8.162,57.309,-0.0932,-0.0672,0.389,190.6875
19:31:46:826,0.6992,4.5711,8.3224,56.5431,-0.09,-0.0377,0.3379,190.2188
19:31:46:846,0.7148,4.5867,8.545,56.5431,-0.0858,-0.0083,0.2948,190.2188
19:31:46:865,0.8764,4.5556,8.7797,56.2711,-0.0743,-0.0297,0.2503,189.7969
19:31:46:885,0.9458,4.4909,9.0598,57.7169,-0.0679,-0.0627,0.1818,189.4375
19:31:46:905,0.9626,4.4921,9.4776,54.9151,-0.032,-0.0526,0.1049,189.1094
19:31:46:926,1.0129,4.5652,9.8139,57.223,0.0365,-0.0286,0.03,188.8281
19:31:46:945,1.1829,4.8154,10.1156,55.208,0.1334,-0.0275,-0.0461,188.6562
19:31:46:965,0.8309,4.965,10.1695,55.7661,0.2599,0.0074,-0.1271,188.5469
19:31:46:987,0.2886,4.7387,10.1575,55.5773,0.3662,0.0627,-0.1407,188.5156
19:31:47:010,0.2994,4.5209,10.3754,56.8146,0.4469,0.0465,-0.1015,188.5625
19:31:47:026,0.7926,4.4442,9.9959,55.6701,0.5217,-0.1812,-0.072,188.7031
19:31:47:045,1.4965,4.2743,9.0717,55.2479,0.4637,-0.4515,-0.0451,188.8281
19:31:47:065,2.0675,3.9474,8.709,55.8288,0.1909,-0.5013,-0.06,188.9219
19:31:47:085,2.2459,3.5512,9.3926,57.1309,-0.1782,-0.2289,-0.0741,189.0156
19:31:47:108,2.2842,3.0795,10.6172,56.6529,-0.3934,-0.0438,-0.0975,189.1719
19:31:47:127,2.3943,2.8318,11.3594,56.0157,-0.3361,-0.1317,-0.1617,189.3594
19:31:47:147,2.3069,2.6366,11.1344,56.2136,-0.0871,-0.2677,-0.2832,189.5
19:31:47:166,2.3716,2.7731,9.7613,57.4285,0.1933,-0.3847,-0.3862,189.6406
19:31:47:192,2.3811,3.1083,8.1548,55.9622,0.3246,-0.3721,-0.452,189.875
19:31:47:210,2.4111,3.3597,6.9601,56.552,0.2812,-0.3383,-0.4683,190.25
19:31:47:225,2.3788,3.5368,6.5123,55.6403,0.1089,-0.2819,-0.4597,190.7812
19:31:47:246,2.1561,3.5644,6.8631,55.6403,-0.1068,-0.146,-0.4358,191.375
19:31:47:265,1.7443,3.3273,7.7741,55.6483,-0.2583,0.0412,-0.371,192.5469
19:31:47:285,1.3313,2.9227,8.5354,55.0917,-0.3172,0.1738,-0.269,192.8281
19:31:47:310,1.0679,2.4918,9.1986,55.7785,-0.3446,0.2383,-0.1449,193.3281
19:31:47:330,0.9937,2.1135,9.8822,56.127,-0.3446,0.2343,-0.0392,193.6875
19:31:47:346,1.1589,1.8932,10.1503,56.2066,-0.2724,0.0779,0.0484,193.8594
19:31:47:366,1.6629,1.9674,9.808,57.7603,-0.1667,-0.1884,0.0729,193.9219
19:31:47:388,1.9933,2.2248,8.9042,56.4706,-0.0879,-0.4286,0.0332,193.875
19:31:47:409,2.2495,2.5995,8.1476,54.9559,-0.081,-0.4755,-0.0072,193.8281
19:31:47:428,2.4578,2.8413,7.5945,54.8812,-0.1286,-0.386,-0.0408,193.8438
19:31:47:447,2.6852,3.0317,7.6041,55.3446,-0.2165,-0.2733,-0.1042,193.9531
19:31:47:468,2.8301,3.155,8.0255,55.0638,-0.2775,-0.1519,-0.2091,194.0781
19:31:47:486,2.8049,3.2759,8.4385,54.9732,-0.2706,-0.0851,-0.3484,194.25
19:31:47:508,2.5463,3.5093,8.5905,57.0542,-0.2165,-0.0619,-0.4967,194.4844
19:31:47:526,2.0364,3.7834,8.7042,57.1216,-0.1622,0.0071,-0.6035,194.8438
19:31:47:549,1.4989,3.9929,8.8551,56.6609,-0.1169,0.1416,-0.6472,195.3438
19:31:47:566,0.9327,4.151,9.1017,53.9717,-0.0586,0.2425,-0.651,196
19:31:47:588,0.4478,4.2755,9.1651,56.3418,0.0194,0.2753,-0.6062,196.7188
19:31:47:611,0.2431,4.394,9.1496,54.7009,0.0945,0.2036,-0.529,197.3906
19:31:47:628,0.1378,4.5137,8.9688,56.1715,0.1502,0.0918,-0.4637,198.0469
19:31:47:645,-0.0154,4.5759,8.7114,55.1369,0.1803,0.0561,-0.3769,198.6406
19:31:47:665,0.0947,4.5544,8.6707,54.8894,0.1803,0.1288,-0.2488,199.1406
19:31:47:686,0.37,4.5029,8.5821,56.795,0.1654,0.2079,-0.1734,199.6094
19:31:47:709,0.3209,4.4347,8.5989,54.0587,0.0969,0.2369,-0.1628,200.0469
19:31:47:726,0.0061,4.1653,9.073,55.7091,-0.0221,0.2249,-0.1476,200.1875
19:31:47:745,-0.2357,3.7834,9.6679,55.7061,-0.1143,0.1791,-0.0912,200.3125
19:31:47:772,-0.3937,3.7296,10.1168,54.4771,-0.1457,0.0881,-0.031,200.4375
19:31:47:794,-2.2074,3.6937,11.3343,56.0376,-0.1854,0.3866,0.1866,200.5
19:31:47:811,0.5939,3.7667,10.9308,55.7878,0.0005,0.597,0.4356,200.5156
19:31:47:826,-0.93,3.2268,10.3072,55.8389,0.0248,0.2638,0.3168,200.2031
19:31:47:846,0.3341,3.8253,10.4652,55.6892,-0.1609,0.519,0.4071,199.5625
19:31:47:865,-0.0394,3.4638,10.4077,54.2506,-0.2698,0.319,0.2817,199.1719
19:31:47:886,-0.5218,2.8102,10.6998,55.0403,-0.4541,0.5419,0.2524,198.5781
19:31:47:908,-0.5601,2.4451,11.2888,55.2045,-0.4202,0.5285,0.2497,198.1875
19:31:47:928,-0.5422,2.3098,10.8698,55.0698,-0.1534,0.3871,0.1949,197.7969
19:31:47:945,-1.1671,2.1626,9.4069,56.0841,0.1497,0.2377,0.1573,197.3906
19:31:47:967,-1.4711,2.6678,8.1871,54.5197,0.3545,0.0002,0.241,197.2188
19:31:47:993,-1.3047,2.9969,7.2737,55.1345,0.3699,0.0332,0.4074,196.9531
19:31:48:009,-1.0366,3.1454,6.7434,55.411,0.1971,0.1887,0.56,196.75
19:31:48:027,-0.875,3.0796,6.8248,55.573,-0.0863,0.3166,0.6734,196.3906
19:31:48:049,-0.6619,2.9934,7.2342,54.9112,-0.3808,0.3155,0.7469,195.7969
19:31:48:064,-0.4081,2.9012,8.0099,55.7044,-0.5824,0.1703,0.7597,195.0312
19:31:48:086,-0.2225,2.724,8.6839,56.3343,-0.6549,0.0462,0.7424,194.1719
19:31:48:110,-0.0298,2.7312,9.2154,55.4495,-0.5926,-0.0217,0.6993,193.25
19:31:48:130,-0.116,2.7803,9.4572,55.6715,-0.4,-0.0491,0.6447,191.9688
19:31:48:145,-0.0933,2.9156,9.037,55.5977,-0.1494,-0.097,0.6428,191.1719
19:31:48:166,0.1845,3.2412,8.4924,54.199,0.0437,-0.1498,0.6633,190.4375
19:31:48:186,0.4047,3.5847,8.0363,57.5346,0.1329,-0.1303,0.6359,189.7344
19:31:48:208,0.3389,3.8744,7.8519,55.902,0.1404,-0.0382,0.5898,189.0312
19:31:48:227,0.1342,4.0181,8.211,55.3581,0.0943,0.1624,0.544,188.3281
19:31:48:245,0.1306,4.0851,8.5426,54.6904,0.0967,0.1448,0.5273,188.3281
19:31:48:267,0.0875,4.2683,8.8048,56.4962,0.11,0.0769,0.4881,187.0312
19:31:48:285,0.0193,4.4047,9.0131,58.5917,0.1409,0.0183,0.4351,186.375
19:31:48:310,0.0181,4.528,9.1388,55.4904,0.1891,0.013,0.413,185.7344
19:31:48:328,0.1234,4.7327,9.1113,56.007,0.2234,0.0167,0.4138,185.1875
19:31:48:345,0.303,4.947,9.0981,55.8699,0.1947,0.0098,0.4007,184.6875
19:31:48:364,0.4371,4.9925,9.4021,57.433,0.0887,0.0343,0.3552,184.2031
19:31:48:442,0.5747,4.8405,10.0689,55.6849,-0.0245,0.0689,0.2521,183.7344
19:31:48:443,0.9111,4.5257,10.379,56.5167,-0.0719,-0.0257,0.0955,183.2812
19:31:48:443,1.3169,4.2527,9.9432,57.3849,-0.0911,-0.4728,-0.0773,182.8594
19:31:48:450,1.9274,3.8182,9.6487,56.3795,-0.172,-1.0691,-0.1503,182.4688
19:31:48:472,3.1186,3.4052,10.2533,57.4031,-0.2565,-1.3141,-0.0991,182.6562
19:31:48:493,4.6544,3.392,11.4336,58.1179,-0.1811,-1.1091,-0.1681,182.6562
19:31:48:509,4.9274,3.8373,12.1196,56.5053,-0.0157,-0.513,-0.5745,183.0625
19:31:48:528,4.4438,2.9527,11.3977,54.5766,0.0605,0.1067,-1.1181,183.4688
19:31:48:545,2.3883,2.821,11.2182,54.895,-0.0359,0.0497,-1.272,183.875
19:31:48:565,1.5994,2.7659,11.6156,54.6773,-0.0618,0.2156,-1.1572,184.6406
19:31:48:586,1.3325,2.7037,11.3702,55.1162,0.0711,0.3946,-1.0938,187.2656
19:31:48:609,1.5504,2.548,9.8307,54.546,0.2618,0.552,-1.101,188.5625
19:31:48:628,1.6102,2.8246,8.3379,55.7805,0.3681,0.4052,-1.0414,189.1406
19:31:48:644,1.7108,3.1238,7.4245,56.2308,0.3068,0.1368,-0.9569,190.2969
19:31:48:670,1.3852,3.3692,7.1133,55.2358,0.1502,-0.109,-0.8818,191.3438
19:31:48:693,0.9446,3.1885,7.2139,55.9441,-0.1017,-0.1602,-0.7724,192.4219
19:31:48:709,0.874,3.0724,7.8938,54.0772,-0.3651,-0.0622,-0.6129,193.4688
19:31:48:726,0.8501,2.6713,8.6169,55.376,-0.4695,-0.0864,-0.5063,194.4219
19:31:48:745,0.8872,2.3421,9.225,55.275,-0.383,-0.3138,-0.4392,195.2344
19:31:48:765,0.9135,2.3828,9.128,53.187,-0.1476,-0.4781,-0.4363,195.8906
19:31:48:786,0.7519,2.7491,8.138,54.5274,0.0876,-0.3104,-0.4286,196.4688
19:31:48:811,0.5999,2.9706,7.3264,53.4539,0.2418,-0.0723,-0.3742,197.0312
19:31:48:827,0.2228,3.0245,7.0391,55.7753,0.3419,-0.0161,-0.313,197.6094
19:31:48:847,0.1174,3.125,6.9218,55.7753,0.4288,-0.1173,-0.19,198.1094
19:31:48:865,0.4095,3.4291,6.6009,56.0848,0.4482,-0.1652,-0.0653,198.4844
19:31:48:885,0.874,3.6218,6.5327,54.1216,0.3419,-0.1293,0.0119,198.7969
19:31:48:910,1.3876,3.8313,7.0115,53.7429,0.183,-0.0155,-0.0299,198.9531
19:31:48:928,1.2104,3.9534,7.658,53.7586,0.0714,0.1035,-0.1543,199.0156
19:31:48:947,0.5915,3.9857,8.1691,52.5854,0.0093,0.1011,-0.2262,199.0156
19:31:48:964,0.2048,4.2958,8.5941,54.0899,-0.0421,0.0753,-0.2211,199.1094
19:31:48:984,-0.0968,4.534,9.225,53.5612,-0.1411,0.1861,-0.1575,199.3125
19:31:49:009,-0.3602,4.2982,10.3179,53.3265,-0.2834,0.458,-0.0621,199.5469
19:31:49:029,-0.0514,3.8924,11.509,53.214,-0.3808,0.5325,-0.0152,199.7344
19:31:49:044,0.1306,3.7044,12.4428,52.8374,-0.3076,0.3376,-0.1135,199.75
19:31:49:068,-0.4751,3.6446,12.2919,50.7831,-0.1206,0.177,-0.2437,199.6562
19:31:49:093,-1.3239,3.6158,11.3414,51.5182,-0.0013,0.2508,-0.2288,199.7031
19:31:49:109,-1.8303,3.4722,10.4341,52.8789,-0.065,0.3975,-0.0632,199.9375
19:31:49:127,-1.7752,3.0951,10.446,52.1494,-0.2687,0.47,0.1642,200.1406
19:31:49:144,-1.209,2.402,11.3175,52.8143,-0.4274,0.4585,0.3456,200.1562
19:31:49:165,-0.8079,1.6203,11.958,53.131,-0.3641,0.3687,0.3898,200
19:31:49:185,-0.5278,1.4,11.6371,52.0201,-0.0914,0.1794,0.36,199.5938
19:31:49:210,-0.5482,1.7747,10.1994,52.7549,0.2352,0.006,0.3235,199.0781
19:31:49:227,-0.7217,2.305,8.4109,51.6568,0.376,0.0388,0.3853,198.5781
19:31:49:245,-0.7445,2.6582,7.0211,50.6768,0.2533,0.2044,0.5187,198.1719
19:31:49:265,-0.5326,2.5325,6.5542,52.2362,-0.0921,0.3022,0.6516,197.8125
19:31:49:288,-0.1435,2.1626,7.324,51.9753,-0.4927,0.2249,0.6902,197.2812
19:31:49:309,0.0157,1.801,8.5761,51.881,-0.7191,0.0036,0.6391,196.5469
19:31:49:325,0.2431,1.7113,9.4752,51.5444,-0.6578,-0.2132,0.568,195.7344
19:31:49:344,0.4131,1.8633,9.3938,48.2849,-0.3989,-0.3069,0.4711,194.9375
19:31:49:364,0.2431,2.1674,8.5726,51.7979,-0.0788,-0.2307,0.4386,194.25
19:31:49:385,0.3257,2.584,7.6101,52.8733,0.1276,-0.0443,0.4657,193.7031
19:31:49:410,0.467,2.8365,6.8344,50.54,0.188,0.0742,0.4713,193.2656
19:31:49:426,0.4478,3.1238,6.4046,50.9674,0.1294,0.0524,0.4404,192.7812
19:31:49:444,0.2467,3.2914,6.413,52.4304,0.0027,-0.0464,0.425,192.2344
19:31:49:464,0.3317,3.4411,6.7494,50.9821,-0.1151,-0.1279,0.4322,191.4688
19:31:49:485,0.467,3.556,7.3563,50.5038,-0.1893,-0.133,0.4348,191
19:31:49:510,0.6789,3.6254,8.132,50.3151,-0.2072,-0.0986,0.4202,190.5156
19:31:49:528,0.7854,3.7068,8.897,48.913,-0.1771,-0.0222,0.3632,190.0781
19:31:49:545,0.7699,3.7607,9.6619,49.6937,-0.1063,0.0393,0.2929,189.6094
19:31:49:564,0.8177,3.9331,10.3838,51.4491,0.0021,0.0739,0.2343,189.2031
19:31:49:586,0.9817,4.1162,10.6974,49.2197,0.1334,-0.0108,0.1816,188.875
19:31:49:610,1.2247,4.3652,10.6735,48.4637,0.204,-0.0675,0.1225,188.5938
19:31:49:629,1.3301,4.2539,12.0849,48.6392,0.172,0.059,-0.068,188.3906
19:31:49:646,1.3002,4.2431,12.4871,49.9907,0.3105,-0.0584,-0.1812,188.3906
19:31:49:664,1.1673,4.479,11.7437,49.0592,0.4493,-0.2699,-0.2786,188.25
19:31:49:684,1.2068,4.4933,11.3079,48.7588,0.4139,-0.3077,-0.3074,188.2812
19:31:49:709,1.4797,4.2048,11.3678,47.7825,0.3284,-0.2949,-0.309,188.5
19:31:49:730,1.852,3.7595,11.3546,48.6501,0.2677,-0.3016,-0.3338,188.8438
19:31:49:746,2.0627,3.3202,11.2792,49.4059,0.2538,-0.3093,-0.4118,189.25
19:31:49:765,2.0208,2.894,10.9045,47.2977,0.3116,-0.3351,-0.5005,189.6562
19:31:49:784,2.0579,2.8341,10.0318,46.5894,0.4048,-0.3474,-0.5569,190.0781
19:31:49:804,2.186,2.9515,9.0538,48.5177,0.4306,-0.2654,-0.5873,190.625
19:31:49:827,2.0495,3.1095,8.2829,47.3022,0.3449,-0.0512,-0.6248,191.2656
19:31:49:843,1.542,2.9754,7.962,48.5436,0.1249,0.1775,-0.6352,191.9688
19:31:49:864,0.8776,2.584,8.5223,48.8944,-0.147,0.2875,-0.6262,192.6562
19:31:49:883,0.218,2.1231,9.4405,47.5391,-0.3087,0.1935,-0.6017,193.7188
19:31:49:911,-0.2441,1.9387,9.7158,47.8064,-0.2679,-0.1439,-0.5537,194.3906
19:31:49:929,-0.2441,2.1279,8.9868,47.6901,-0.0943,-0.4723,-0.4781,195
19:31:49:944,0.1294,2.4319,7.8806,47.1551,0.0807,-0.5543,-0.4089,195.9844
19:31:49:965,0.5927,2.7504,7.0941,45.9144,0.1902,-0.4259,-0.3947,196.3281
19:31:49:985,0.6454,3.052,6.6536,48.0823,0.2762,-0.202,-0.4501,196.9219
19:31:50:013,0.2647,3.2675,6.2645,47.304,0.3419,-0.0089,-0.4685,197.4844
19:31:50:031,-0.1806,3.471,5.9617,46.9859,0.3606,0.0604,-0.3987,198.0312
19:31:50:048,-0.0382,3.6194,5.8791,47.1133,0.3031,-0.0081,-0.2674,198.5625
19:31:50:064,0.443,3.7404,6.1041,45.2503,0.1976,-0.1567,-0.1908,199.0625
19:31:50:084,0.8333,3.8804,6.5195,46.0188,0.0783,-0.2555,-0.1942,199.4219
19:31:50:109,0.977,3.9067,7.2893,45.4171,-0.0421,-0.1868,-0.2395,199.6875
19:31:50:125,0.7028,3.9355,8.4672,45.5438,-0.1207,-0.0094,-0.3111,199.9531
19:31:50:145,0.0384,3.9043,9.7481,46.6402,-0.0892,0.1874,-0.3423,200.25
19:31:50:164,-0.5984,3.9163,10.4807,47.4309,0.0189,0.3328,-0.2821,200.5938
19:31:50:185,-0.7206,3.9606,10.6531,46.9956,0.0836,0.4148,-0.166,200.9375
19:31:50:209,-0.6679,3.9834,10.7944,46.6473,0.0458,0.341,-0.0938,201.2344
19:31:50:228,-0.4524,3.9606,11.0123,46.2002,-0.049,0.1315,-0.1007,201.3438
19:31:50:247,-0.5769,3.8768,11.2481,46.7518,-0.1209,0.075,-0.183,201.4219
19:31:50:264,-1.4604,3.5859,11.1427,47.0046,-0.1667,0.1844,-0.2211,201.4531
19:31:50:292,-2.2433,3.2938,10.6076,45.6129,-0.2783,0.2984,-0.0856,201.5312
19:31:50:310,-2.1439,2.7923,10.4975,46.1355,-0.5249,0.3253,0.1552,201.7188
19:31:50:326,-1.179,2.1279,11.2648,46.1284,-0.7217,0.2452,0.3161,201.9531
19:31:50:344,-0.5697,1.5604,11.7102,47.0615,-0.6685,0.0715,0.2897,201.8281
19:31:50:363,-0.6571,1.57,11.2409,46.4871,-0.4458,-0.0496,0.213,201.4531
19:31:50:383,-1.1168,1.898,10.1479,46.9262,-0.2258,0.0111,0.2252,201.0469
19:31:50:403,-1.5513,2.1865,8.8347,47.6288,-0.1358,0.1312,0.3451,200.7656
19:31:50:429,-1.6124,2.2655,7.8435,47.7683,-0.2043,0.1727,0.5089,200.5312
19:31:50:446,-1.2964,2.1817,7.2785,46.4756,-0.3537,0.0835,0.6551,200.1875
19:31:50:521,-0.6607,2.0752,7.1312,47.8102,-0.49,-0.1085,0.7411,199.6875
19:31:50:522,0.0648,2.1398,7.2366,48.2577,-0.5409,-0.2265,0.7456,198.9844
19:31:50:522,0.4682,2.2811,7.3024,47.5809,-0.489,-0.1402,0.6908,198.1719
19:31:50:538,0.4622,2.4666,7.2701,47.9056,-0.3779,0.0358,0.625,197.375
19:31:50:545,0.2204,2.6282,7.1217,47.4518,-0.2445,0.112,0.5739,196.5781
19:31:50:564,0.1174,2.8162,6.8008,47.9257,-0.1574,0.1205,0.5789,195.8438
19:31:50:584,0.2108,2.9383,6.7781,47.5992,-0.1627,0.1019,0.5943,195.1875
19:31:50:610,0.4215,3.0305,7.2115,48.8355,-0.1856,0.0641,0.5858,194.5
19:31:50:628,0.4957,3.1346,7.8112,48.3179,-0.1627,0.0414,0.5517,193.8125
19:31:50:643,0.5544,3.2902,8.2386,49.8591,-0.0999,0.0641,0.528,193.1094
19:31:50:672,0.5663,3.3872,8.5666,47.3413,-0.0575,0.1395,0.5262,191.8594
19:31:50:697,0.9147,3.3609,10.1851,48.8447,0.0085,0.2478,0.4348,190.9375
19:31:50:711,1.1876,3.4854,10.7633,48.0252,0.1329,0.1203,0.3304,190.3438
19:31:50:733,1.3744,3.738,10.792,48.5179,0.2517,-0.0768,0.1944,189.7969
19:31:50:756,1.463,3.8984,11.0206,48.3996,0.2815,-0.1535,0.0455,189.4062
19:31:50:766,1.4115,3.9498,11.709,50.6317,0.2951,-0.08,-0.0906,189.2031
19:31:50:791,1.3349,4.0253,11.9615,49.7997,0.3614,-0.0092,-0.1758,189.1719
19:31:50:808,1.3301,4.2,11.4157,49.1844,0.3728,-0.072,-0.2374,189.2969
19:31:50:827,1.3133,4.309,10.9033,50.2486,0.1704,-0.1394,-0.2504,189.4844
19:31:50:846,1.4091,3.9259,11.5486,50.7081,-0.1843,-0.1037,-0.2259,189.7656
19:31:50:866,1.2918,3.0053,12.7109,50.3755,-0.4245,-0.0688,-0.2251,190.0781
19:31:50:886,1.3684,2.0668,13.4316,49.5752,-0.4474,-0.1572,-0.2177,190.3594
19:31:50:913,1.9095,1.6107,13.4507,49.493,-0.2506,-0.3375,-0.285,190.625
19:31:50:931,1.925,1.655,12.1782,51.5611,0.0538,-0.4214,-0.4264,190.9062
19:31:50:949,1.5935,1.7795,10.2018,51.5611,0.2471,-0.349,-0.5135,190.9062
19:31:50:966,1.3804,2.0058,8.4421,50.9309,0.2429,-0.2001,-0.5375,191.8281
19:31:50:984,1.1745,2.0979,7.5311,52.018,0.0549,-0.0598,-0.5431,192.4688
19:31:51:008,1.0009,1.9136,7.7741,51.2343,-0.2027,0.0734,-0.5436,193.125
19:31:51:029,0.8381,1.6143,8.7485,50.7712,-0.359,0.1125,-0.5774,193.7188
19:31:51:045,0.4035,1.3761,9.7002,49.0721,-0.3366,0.107,-0.6238,193.7188
19:31:51:063,0.1246,1.2719,10.2174,51.4491,-0.1174,0.0558,-0.6296,194.3281
19:31:51:084,-0.1435,1.3821,9.8415,51.8837,0.2349,0.0036,-0.6201,194.9688
19:31:51:110,-0.2573,1.5844,8.6156,50.7743,0.5521,-0.0012,-0.5628,196.7031
19:31:51:128,-0.0885,1.9555,7.3,51.5835,0.726,0.0066,-0.4962,196.7031
19:31:51:145,-0.0107,2.2081,6.164,50.82,0.7571,-0.0393,-0.4395,197.3906
19:31:51:163,0.2096,2.4223,5.3883,49.6478,0.6597,-0.0981,-0.3647,198.5156
19:31:51:184,0.5963,2.5816,5.2183,49.8505,0.474,-0.1676,-0.3117,198.5156
19:31:51:203,0.8297,2.6785,5.7151,50.6683,0.2748,-0.1961,-0.3191,198.9844
19:31:51:226,0.7902,2.7156,6.4896,52.0375,0.1398,-0.1271,-0.342,199.2031
19:31:51:244,0.5101,2.8689,7.1648,51.2374,0.0565,0.0132,-0.3505,199.5781
19:31:51:263,0.133,3.1167,7.8794,51.5179,-0.0144,0.1315,-0.3274,199.9844
19:31:51:283,-0.2441,3.3178,8.7904,51.1478,-0.0969,0.2351,-0.2688,200.4062
19:31:51:303,-0.6296,3.325,9.9265,51.4181,-0.1611,0.2934,-0.1908,200.7969
19:31:51:325,-0.8175,3.234,10.8111,51.7985,-0.1766,0.2731,-0.0898,201.125
19:31:51:344,-0.7577,3.1645,11.4085,52.9778,-0.1752,0.2484,-0.0059,201.3906
19:31:51:363,-0.4907,3.1586,11.7844,50.2745,-0.1244,0.1411,0.0114,201.5469
19:31:51:383,-0.292,3.3621,11.5486,51.2394,-0.0218,0.0928,-0.0331,201.5781
19:31:51:404,-0.6427,3.5261,10.7058,49.7892,0.016,0.2564,-0.0619,201.5312
19:31:51:424,-1.27,3.4878,9.857,52.4406,-0.1523,0.507,0.0082,201.4844
19:31:51:443,-1.9176,2.906,10.1767,51.852,-0.5955,0.7823,0.1579,201.5
19:31:51:462,-2.1642,1.4575,12.2225,53.7859,-1.0661,0.7469,0.2844,201.5156
19:31:51:483,-1.4879,0.6123,14.424,51.557,-1.0533,0.0702,0.2772,201.3906
19:31:51:504,-1.0414,1.0157,14.4252,50.0898,-0.4583,-0.6944,0.1432,200.7969
19:31:51:526,-1.3694,1.6418,11.6431,51.7502,0.1928,-0.6355,0.1781,200.2969
19:31:51:544,-0.9899,2.3613,8.6611,51.3618,0.448,0.0132,0.3882,200.0781
19:31:51:563,-0.5613,2.3326,6.9265,49.6949,0.2149,0.5698,0.5392,200.0781
19:31:51:583,-0.2944,1.8405,7.0846,50.7897,-0.2796,0.5786,0.5257,199.8438
19:31:51:603,-0.1076,1.4599,8.1452,52.2266,-0.6181,0.0606,0.4061,199.2344
19:31:51:625,0.1438,1.5377,8.9951,50.4548,-0.6219,-0.4374,0.2955,198.4844
19:31:51:644,0.2755,1.7903,8.9233,51.3637,-0.3483,-0.4547,0.2569,197.8906
19:31:51:663,0.6968,2.0249,8.2362,52.5939,-0.0165,-0.1295,0.2729,197.5
19:31:51:683,0.8596,2.3553,7.3982,50.1431,0.2269,0.1703,0.2079,197.2812
19:31:51:704,0.394,2.6127,6.565,51.6258,0.314,0.1954,0.1299,197.0156
19:31:51:727,0.0755,2.8796,6.3005,52.3418,0.2431,0.0468,0.1147,196.7344
19:31:51:743,-0.1387,3.0532,6.51,49.6997,0.1137,-0.0752,0.1448,196.5156
19:31:51:763,-0.2441,3.1574,6.9277,49.6107,0.0016,-0.1215,0.2143,196.375
19:31:51:783,-0.1064,3.0987,7.6352,49.979,-0.0828,-0.0986,0.3043,196.25
19:31:51:805,0.2659,2.9287,8.4588,51.4373,-0.1268,-0.0736,0.3541,196.0781
19:31:51:827,0.5676,2.9072,9.1172,49.7082,-0.0951,-0.1045,0.3145,195.7969
19:31:51:843,0.4718,2.9862,9.5781,51.0075,-0.0083,-0.1479,0.23,195.4375
19:31:51:863,0.2755,3.155,9.8176,50.599,0.1236,-0.1721,0.1648,195.0625
19:31:51:883,0.2072,3.3716,9.7924,50.2802,0.2631,-0.1695,0.123,194.7656
19:31:51:903,0.4179,3.6925,9.3064,51.1427,0.3886,-0.2302,0.0958,194.5156
19:31:51:927,0.6609,4.0528,8.7366,50.3755,0.3952,-0.2933,0.0476,194.4062
19:31:51:944,0.8752,4.2707,9.0706,51.0832,0.2812,-0.215,-0.0246,194.3281
19:31:51:963,0.9494,4.1629,10.47,51.4904,0.1875,-0.0006,-0.1172,194.3438
19:31:51:983,0.8249,3.9355,11.6156,48.8226,0.2458,0.0782,-0.2302,194.4062
19:31:52:002,0.5951,3.9403,11.4025,48.8165,0.3649,-0.1282,-0.3053,194.5469
19:31:52:024,0.5963,3.9798,10.7944,50.1896,0.2842,-0.2496,-0.2989,194.7969
19:31:52:044,0.6956,3.7511,10.7992,48.9437,0.0277,-0.3288,-0.2872,195.1562
19:31:52:063,0.9039,3.1957,11.776,47.6362,-0.2346,-0.2555,-0.2587,195.5469
19:31:52:085,1.1805,2.6665,12.7277,48.1463,-0.3393,-0.1253,-0.2347,195.9375
19:31:52:110,1.3397,2.1518,13.2113,48.2266,-0.3265,-0.0278,-0.2611,196.2656
19:31:52:128,1.1841,1.6179,13.3849,50.171,-0.2557,0.0273,-0.3375,196.5625
19:31:52:149,0.7483,1.2216,13.0485,50.3285,-0.1159,-0.052,-0.4129,196.875
19:31:52:164,0.7112,1.0708,11.9556,47.489,0.094,-0.2177,-0.4419,197.0469
19:31:52:183,0.9937,1.2444,10.0905,47.8575,0.29,-0.2733,-0.4469,197.4531
19:31:52:203,1.2379,1.473,8.302,47.1869,0.3768,-0.1799,-0.4704,197.9844
19:31:52:228,1.2954,1.734,6.9146,47.3884,0.3254,-0.0462,-0.5074,198.5312
19:31:52:249,0.9853,1.9052,6.2023,47.7942,0.1515,0.0657,-0.5495,199.0781
19:31:52:264,0.5939,1.8226,6.5064,48.1212,-0.0815,0.1232,-0.5607,199.6562
19:31:52:286,0.5041,1.673,7.5275,46.604,-0.2152,0.0926,-0.5703,200.2656
19:31:52:310,0.3054,1.6263,8.3391,46.3244,-0.1689,0.0183,-0.6115,200.875
19:31:52:329,0.0803,1.7556,8.5259,46.1932,0.0333,-0.0102,-0.6145,201.7812
19:31:52:344,-0.0095,2.0656,8.0039,44.642,0.2527,0.0707,-0.567,202.4844
19:31:52:363,0.1917,2.3505,7.2258,45.3615,0.3681,0.1131,-0.5018,203.1875
19:31:52:387,0.4407,2.6534,6.632,47.4529,0.3462,0.0516,-0.4813,203.7969
19:31:52:410,0.3461,3.3333,6.6728,46.3301,0.0732,-0.1378,-0.5077,204.9062
19:31:52:428,-0.0083,3.6506,7.4174,47.0528,-0.0445,-0.0965,-0.4789,205.4531
19:31:52:443,-0.3518,3.8265,8.1284,45.9227,-0.0716,0.0233,-0.3849,205.4531
19:31:52:462,-0.4512,3.8756,8.5714,44.718,-0.0586,0.1168,-0.2568,206.0781
19:31:52:486,-0.183,4.0253,8.8551,45.5708,-0.0554,0.1964,-0.1647,206.6406
19:31:52:508,-0.3459,4.0205,9.0682,44.1697,-0.1012,0.2572,-0.1319,207.0469
19:31:52:529,-0.541,3.8876,9.5231,45.5619,-0.1965,0.2683,-0.0909,207.3125
19:31:52:600,-0.6703,3.702,10.2461,45.1467,-0.2799,0.2857,-0.0746,207.4688
19:31:52:600,-0.9947,3.4578,10.7944,43.2996,-0.29,0.2691,-0.0773,207.5625
19:31:52:601,-1.2305,3.3238,11.023,43.923,-0.2551,0.1973,-0.0509,207.5938
19:31:52:601,-1.3275,3.1179,11.0733,43.4407,-0.2258,0.2084,-0.0041,207.6094
19:31:52:624,-1.3897,2.8748,10.8435,44.5032,-0.2551,0.2625,0.0572,207.6406
19:31:52:644,-1.5046,2.6354,10.7489,44.1286,-0.4072,0.2644,0.1291,207.6406
19:31:52:662,-1.5861,2.074,11.2732,43.1908,-0.657,0.2897,0.225,207.5938
19:31:52:685,-1.507,1.3198,12.6176,43.3684,-0.8248,0.251,0.2913,207.4688
19:31:52:701,-1.5058,0.6889,13.5812,44.5072,-0.7015,0.0159,0.2846,207.2656
19:31:52:722,-1.6722,0.6937,13.2843,44.2957,-0.2919,-0.2358,0.2774,206.9219
19:31:52:743,-1.7524,1.0074,11.4061,42.9613,0.1534,-0.2052,0.3858,206.2969
19:31:52:762,-1.4508,1.3976,9.1759,42.5376,0.3529,-0.0246,0.5384,205.9844
19:31:52:783,-1.0809,1.5688,7.5682,44.8225,0.249,0.062,0.6492,205.6562
19:31:52:803,-0.6152,1.497,6.9493,42.7074,-0.0498,-0.035,0.6812,205.1562
19:31:52:825,-0.1555,1.3509,7.4042,42.4056,-0.359,-0.222,0.6415,204.4844
19:31:52:844,0.3221,1.2719,8.4385,41.5582,-0.4898,-0.2552,0.5688,203.75
19:31:52:862,0.4825,1.1989,8.9927,42.7471,-0.3859,-0.1405,0.4644,203
19:31:52:883,0.279,1.3701,8.9257,44.3106,-0.1361,-0.0315,0.3714,202.3281
19:31:52:903,0.1366,1.6777,8.0506,42.8788,0.1049,0.0478,0.343,201.7656
19:31:52:927,0.2647,2.0907,7.0678,41.4107,0.1926,0.079,0.3403,201.2969
19:31:52:946,0.37,2.39,6.6117,42.982,0.1214,0.0449,0.3211,200.9062
19:31:52:962,0.364,2.6043,6.9289,41.9261,-0.0067,-0.0134,0.2814,200.5156
19:31:52:983,0.1115,2.6857,7.6436,43.1369,-0.0788,-0.0464,0.2639,200.1406
19:31:53:004,0.0432,2.718,8.2852,43.3644,-0.0538,-0.0611,0.2985,199.7969
19:31:53:027,0.1761,2.742,8.5295,43.2662,0.0338,-0.0699,0.332,199.4844
19:31:53:044,0.3928,2.8677,8.5726,42.0603,0.1127,-0.0891,0.3227,199.1875
19:31:53:061,0.5484,2.9982,8.8766,42.0603,0.168,-0.0797,0.2782,198.8438
19:31:53:083,0.5987,3.1394,9.1843,44.6852,0.2527,-0.0909,0.2218,198.4688
19:31:53:102,0.728,3.3932,9.1687,41.1535,0.3294,-0.1223,0.1706,198.1562
19:31:53:127,0.8812,3.6003,9.5087,43.2662,0.3401,-0.104,0.1169,197.8906
19:31:53:144,0.9973,3.6769,10.124,42.9375,0.3278,-0.101,0.0465,197.6875
19:31:53:161,1.0164,3.6853,10.6088,41.9113,0.3241,-0.1032,-0.036,197.5156
19:31:53:182,0.71,3.5404,10.9883,42.2036,0.3228,-0.1064,-0.1005,197.4844
19:31:53:203,0.558,3.4088,10.9344,41.4823,0.3041,-0.219,-0.1055,197.5
19:31:53:226,0.7579,3.3705,10.6615,42.6573,0.1784,-0.4028,-0.1031,197.6094
19:31:53:244,0.8776,3.295,10.8447,43.0375,-0.0461,-0.5532,-0.1282,197.7656
19:31:53:261,1.129,2.961,11.6024,41.651,-0.2234,-0.4765,-0.1255,197.9375
19:31:53:283,1.3564,2.4846,12.3039,42.7959,-0.2429,-0.3128,-0.1455,198.1562
19:31:53:302,1.36,2.068,12.4978,40.8166,-0.1321,-0.2233,-0.2041,198.3906
19:31:53:331,1.4163,1.8669,12.0549,41.4891,0.0189,-0.247,-0.2746,198.6094
19:31:53:348,1.5791,1.9519,11.108,42.063,0.1087,-0.2318,-0.3428,198.8594
19:31:53:367,1.4486,1.977,10.5645,42.4809,0.0911,-0.0387,-0.4251,199.1719
19:31:53:382,0.9949,1.9279,10.519,42.7959,0.0179,0.1855,-0.4877,199.5469
19:31:53:402,0.291,1.8549,10.549,41.6914,-0.0272,0.2143,-0.5268,200.0156
19:31:53:432,-0.2262,1.8968,10.1551,42.2476,-0.0285,0.0793,-0.4991,200.5312
19:31:53:449,-0.2657,1.9866,9.2932,43.1269,-0.0099,-0.0638,-0.4147,201.0469
19:31:53:462,0.1474,2.0285,8.2745,43.8858,0.0019,-0.1679,-0.3434,201.6094
19:31:53:483,0.6825,2.05,7.4628,42.4843,0.0069,-0.2667,-0.3418,202.1406
19:31:53:502,1.2247,2.0058,7.3671,43.0168,0.032,-0.1974,-0.4073,202.5625
19:31:53:531,1.4271,1.9196,7.6783,42.9484,0.1667,0.0385,-0.5298,202.9844
19:31:53:549,0.935,1.9854,7.6077,41.7912,0.4069,0.2162,-0.6541,203.4531
19:31:53:564,0.2024,2.0824,7.1348,40.5713,0.6288,0.2526,-0.668,204
19:31:53:583,0.4347,2.2727,6.4082,41.393,0.7281,0.2042,-0.5761,205
19:31:53:602,0.9662,2.56,5.9377,42.8337,0.6677,0.107,-0.5604,205.7188
19:31:53:627,0.9171,2.8006,6.0227,42.8428,0.4719,0.0926,-0.5958,206.3125
19:31:53:645,0.6825,2.967,6.832,41.2714,0.2647,0.1634,-0.6238,206.9375
19:31:53:662,0.0648,3.1753,7.7394,42.6179,0.143,0.2888,-0.6201,207.6094
19:31:53:685,-0.8127,3.3824,8.4828,41.1,0.0655,0.4316,-0.5348,208.3125
19:31:53:702,-1.5094,3.4662,9.0658,40.8843,-0.0522,0.4944,-0.3521,208.9219
19:31:53:722,-1.6902,3.2615,9.8702,42.5701,-0.2141,0.328,-0.1455,209.4375
19:31:53:745,-1.3981,2.9167,10.7908,41.1716,-0.3406,0.0425,-0.0083,209.7344
19:31:53:764,-0.9205,2.8401,11.3187,40.5261,-0.3505,-0.1583,0.0226,209.8125
19:31:53:792,-0.7972,2.9036,11.3031,41.6547,-0.2815,-0.153,-0.019,209.7969
19:31:53:802,-1.0952,2.9598,11.1774,41.1023,-0.2,0.1264,-0.0696,209.7812
19:31:53:823,-2.6467,2.9012,9.1388,39.8738,-0.3204,0.4319,0.0649,209.8281
19:31:53:847,-2.8777,2.2344,9.4429,38.5959,-0.7992,0.4835,0.2402,209.8438
19:31:53:863,-2.3737,1.2887,11.6168,40.3885,-1.2243,0.2263,0.3102,209.8438
19:31:53:882,-1.8039,0.8613,14.0565,39.9013,-1.1417,-0.2395,0.2138,209.6719
19:31:53:901,-1.8482,1.2181,14.3581,38.4298,-0.4684,-0.4526,0.1198,209.2656
19:31:53:922,-2.0445,1.7196,11.8167,40.084,0.2597,-0.0491,0.2375,208.7969
19:31:53:946,-1.9428,2.1757,8.7545,38.9902,0.5414,0.601,0.4327,208.5156
19:31:53:963,-1.9272,2.0273,7.1552,37.9034,0.2498,1.0098,0.5736,208.4375
19:31:53:980,-1.452,1.6179,7.5957,37.7324,-0.2618,0.8002,0.609,208.1719
19:31:54:000,-0.9767,1.3461,8.5678,37.2124,-0.5675,0.1677,0.523,207.6094
19:31:54:021,-0.5925,1.3426,9.1053,37.1026,-0.5388,-0.3208,0.4223,206.4062
19:31:54:042,-0.1004,1.4575,8.8946,39.0431,-0.2727,-0.2739,0.3741,205.3125
19:31:54:061,0.2383,1.6754,8.15,37.7159,0.0868,0.0825,0.3123,205.0625
19:31:54:081,-0.1256,2.0512,7.0343,36.1954,0.3715,0.3669,0.2164,204.6719
19:31:54:102,-0.5458,2.39,5.9509,38.6769,0.4722,0.4047,0.1834,204.2656
19:31:54:128,-0.6116,2.7922,5.32,35.4056,0.383,0.2617,0.1832,203.9531
19:31:54:147,-0.5781,3.1191,5.3607,37.5947,0.1654,0.1328,0.1808,203.7031
19:31:54:164,-0.8151,3.2555,6.3196,35.4244,-0.0692,0.1464,0.1768,203.4688
19:31:54:181,-1.0928,3.289,7.7358,37.4335,-0.2051,0.2148,0.2066,203.25
19:31:54:202,-1.2389,3.2687,9.207,35.1759,-0.1824,0.2026,0.2343,203.0312
19:31:54:229,-1.543,3.307,10.0941,34.5928,-0.0123,0.1152,0.2521,202.7969
19:31:54:244,-1.7513,3.3692,10.2748,34.1572,0.2008,-0.0006,0.2793,202.4844
19:31:54:262,-1.3454,3.5967,9.8894,34.6573,0.3606,-0.1588,0.3097,202.1562
19:31:54:281,-0.7708,3.9043,9.5925,33.7155,0.3997,-0.3197,0.2612,202.0156
19:31:54:301,-0.5745,4.0672,9.7409,32.7384,0.3651,-0.373,0.1632,201.7188
19:31:54:321,-0.5434,4.0444,10.136,33.435,0.3116,-0.3796,0.0732,201.4219
19:31:54:345,-0.675,4.0492,10.446,33.8015,0.2655,-0.4598,-0.0126,201.2188
19:31:54:363,-0.6451,4.0336,10.3945,32.0977,0.1963,-0.5857,-0.0384,201.125
19:31:54:382,-0.3147,4.054,10.2078,31.2711,0.0437,-0.6193,-0.0248,201.1406
19:31:54:403,-0.292,3.8122,10.4233,31.2689,-0.2365,-0.4872,-0.0099,201.2656
19:31:54:427,-0.0669,2.8976,11.8646,31.9358,-0.5486,-0.2014,0.0428,201.4219
19:31:54:445,0.2707,1.9411,13.501,31.2832,-0.6037,-0.0299,-0.015,201.6406
19:31:54:464,0.2216,1.3055,14.266,31.8645,-0.3422,-0.1109,-0.1753,201.6719
19:31:54:486,-0.0226,1.2384,13.3705,30.3723,0.1089,-0.2515,-0.3271,201.625
19:31:54:500,0.1653,1.4347,11.369,31.3422,0.4357,-0.1346,-0.3569,201.7031
19:31:54:524,0.5616,1.5101,9.4524,31.7732,0.5009,0.0103,-0.3663,202.0312
19:31:54:547,0.8513,1.4802,8.3714,31.4022,0.3337,0.0404,-0.436,202.4844
19:31:54:565,0.7962,1.5293,8.4181,31.8275,0.0969,0.0614,-0.5439,202.9062
19:31:54:581,0.2814,1.5533,8.9999,31.3726,-0.0298,0.1352,-0.6387,203.3594
19:31:54:666,-0.5948,1.5281,9.2561,30.0337,-0.0056,0.2351,-0.6525,203.9219
19:31:54:666,-1.0509,1.5892,9.0897,32.1264,0.1068,0.2148,-0.5841,204.5469
19:31:54:667,-1.0294,1.6765,8.2038,31.6327,0.2666,0.0803,-0.4965,205.2656
19:31:54:667,-0.7265,1.8382,6.9565,32.2496,0.3792,-0.0355,-0.4294,205.9375
19:31:54:684,-0.5901,2.0453,5.8647,31.9227,0.3601,-0.0917,-0.4224,206.5469
19:31:54:701,-0.4727,2.1913,5.496,33.4283,0.2261,-0.0901,-0.428,207.0469
19:31:54:723,-0.3626,2.5624,5.7677,31.5324,0.102,-0.1354,-0.4754,207.5781
19:31:54:748,-0.8666,2.8126,6.0179,32.6342,0.0453,-0.3359,-0.5354,208.0938
19:31:54:763,-1.2904,3.0448,6.2119,36.0501,-0.0221,-0.5714,-0.4746,208.6094
19:31:54:781,-1.1695,3.471,6.5099,34.8524,-0.1329,-0.647,-0.334,209.2344
19:31:54:802,-0.9648,3.8038,7.3587,34.3892,-0.277,-0.4821,-0.2195,209.9375
19:31:54:830,-1.1168,3.957,8.575,34.7631,-0.3571,-0.1676,-0.134,210.5
19:31:54:848,-1.5968,4.1091,9.3782,34.8203,-0.3462,0.0127,-0.0211,210.9219
19:31:54:865,-2.0433,4.2407,9.5338,35.8926,-0.3353,-0.059,0.1467,211.1719
19:31:54:881,-2.3893,3.8948,9.7936,35.607,-0.4021,-0.0989,0.3653,211.25
19:31:54:904,-1.9428,3.9498,11.1236,37.5719,-0.4455,-0.0502,0.6316,211.1875
19:31:54:928,-1.2437,3.0149,12.0849,34.7763,-0.4626,0.3549,0.7366,210.6562
19:31:54:947,-0.1136,2.6773,12.6607,37.07,-0.2919,0.1831,0.6814,209.9219
19:31:54:963,0.2898,2.8174,12.0585,37.623,-0.0634,-0.0752,0.4428,209.0469
19:31:54:982,0.5855,2.7623,10.7812,39.2833,-0.0029,-0.1982,0.275,208.2188
19:31:55:003,0.0013,3.0784,10.6184,40.4758,-0.1414,0.0822,0.1059,207.7188
19:31:55:027,-1.0438,1.8525,10.7142,41.2581,-0.3672,0.597,0.1387,207.4531
19:31:55:045,-1.4364,1.1833,11.8957,39.0646,-0.5646,0.7781,0.2641,207.3125
19:31:55:062,-1.1515,0.5022,12.8773,41.3573,-0.4746,0.6758,0.2553,207.0469
19:31:55:081,-0.7158,0.1024,12.5469,43.1647,-0.1534,0.0702,0.1501,206.6094
19:31:55:103,-0.7505,0.7955,11.0027,43.4972,0.1702,-0.5141,0.0431,206.1875
19:31:55:130,-1.1467,1.3952,9.0646,43.2637,0.2221,-0.4206,0.1259,206
19:31:55:148,-1.4149,1.5101,8.2446,46.8156,0.0141,-0.0499,0.2913,206.0312
19:31:55:161,-1.6615,1.248,8.2637,45.5526,-0.274,0.255,0.4577,205.9688
19:31:55:181,-1.4448,1.1486,8.2697,45.5526,-0.4549,0.0617,0.5635,205.6406
19:31:55:203,-0.9767,1.2216,7.98,46.2645,-0.5087,-0.4169,0.5659,204.4219
19:31:55:232,0.5137,1.0541,8.1248,47.3663,-0.4336,-0.3791,0.5704,204.4219
19:31:55:248,0.8309,1.3509,8.2793,47.3663,-0.2349,-0.2092,0.462,203.8125
19:31:55:267,0.5304,1.4838,8.2086,47.9346,-0.0261,-0.0736,0.3659,202.6406
19:31:55:284,0.285,1.8118,7.9046,47.9194,0.1372,-0.0321,0.2998,202.6406
19:31:55:301,0.1534,2.0453,7.7837,48.1647,0.208,0.0492,0.2774,202.125
19:31:55:321,0.2084,2.1554,7.7454,50.4297,0.2171,0.14,0.2801,201.3906
19:31:55:346,0.2755,2.3062,7.9058,49.1886,0.1912,0.1344,0.2535,201.2344
19:31:55:362,0.3018,2.6055,8.2493,49.4626,0.1579,0.0785,0.2021,200.9219
19:31:55:380,0.0276,2.6654,8.7461,51.0532,0.1499,0.034,0.1347,200.5781
19:31:55:401,-0.5865,2.7444,9.3315,51.368,0.1545,0.1024,0.115,200.3125
19:31:55:421,-0.9552,2.8856,10.1072,51.3919,0.196,0.2468,0.1866,200.125
19:31:55:445,-1.0593,2.791,10.4436,52.5774,0.3318,0.2478,0.2948,199.9844
19:31:55:464,-0.3554,2.9179,10.2281,53.3424,0.4914,0.038,0.3749,199.6719
19:31:55:481,0.613,3.2088,9.9492,52.6283,0.5537,-0.2185,0.2884,199.6719
19:31:55:501,0.9889,3.4351,9.96,53.3076,0.4908,-0.2829,0.0966,199.3125
19:31:55:522,1.1386,3.5261,10.2868,52.8416,0.3886,-0.2563,-0.0813,198.8906
19:31:55:545,0.9003,3.4375,10.3347,55.4689,0.249,-0.3642,-0.2222,198.6094
19:31:55:562,0.6478,3.2843,10.7944,55.1325,-0.0152,-0.4012,-0.2858,198.5625
19:31:55:581,0.4035,2.6677,12.1806,54.6391,-0.3153,-0.1833,-0.2613,198.7031
19:31:55:601,0.4454,1.7077,13.671,56.6046,-0.4138,-0.1064,-0.2075,199.0312
19:31:55:620,0.9135,1.0529,14.0505,56.2663,-0.2139,-0.2755,-0.1841,199.4062
19:31:55:643,1.378,0.8745,12.8378,55.9521,0.1441,-0.3929,-0.2075,199.7344
19:31:55:663,1.7778,1.005,10.9775,55.9345,0.3936,-0.2512,-0.2107,199.9844
19:31:55:680,2.2327,1.236,9.5446,57.0295,0.4647,0.0335,-0.2256,200.2344
19:31:55:701,2.6421,1.3222,8.9365,56.9176,0.3766,0.2558,-0.2994,200.5312
19:31:55:721,2.4913,1.5317,9.0095,57.4484,0.2495,0.4071,-0.541,200.8125
19:31:55:746,1.3181,1.4742,9.0442,56.9425,0.1491,0.3983,-0.7388,201.0625
19:31:55:762,0.376,1.7603,9.3842,57.956,0.0818,0.3719,-0.7684,201.5781
19:31:55:780,-0.3051,1.8896,9.7757,56.6031,0.1207,0.4412,-0.6917,202.25
19:31:55:801,-0.6056,1.8609,9.7541,58.4905,0.273,0.5024,-0.5625,203.0781
19:31:55:821,-0.4512,1.9674,9.073,59.1138,0.469,0.4423,-0.4496,203.8125
19:31:55:847,-0.4057,2.1063,7.9369,57.3757,0.6264,0.2859,-0.4025,204.4375
19:31:55:863,-0.3363,2.3529,6.8918,57.3594,0.6754,0.2164,-0.371,204.9375
19:31:55:881,-0.268,2.6893,6.2729,58.0401,0.6509,0.2596,-0.3449,205.3438
19:31:55:900,-0.8103,2.6558,5.8264,56.1327,0.5979,0.2532,-0.3114,205.7812
19:31:55:923,-0.9037,3.234,5.848,58.2261,0.5222,0.0596,-0.1585,206.1719
19:31:55:947,-0.5494,3.5093,5.9473,59.019,0.3087,-0.0515,-0.1146,206.5312
19:31:55:963,-0.3866,3.7631,6.34,57.8485,0.0858,-0.2566,-0.1622,206.7969
19:31:55:980,-0.3734,3.8517,7.1672,58.5657,-0.1611,-0.3793,-0.2422,206.9531
19:31:56:001,-0.7768,3.7332,8.302,58.5235,-0.31,-0.3972,-0.309,207.1562
19:31:56:022,-1.0892,3.7475,9.1567,58.0437,-0.2879,-0.3948,-0.2664,207.4531
19:31:56:045,-1.1204,3.9259,9.5219,57.6928,-0.1707,-0.2962,-0.1726,207.8438
19:31:56:061,-0.9923,4.0624,9.5015,58.247,-0.0562,-0.1969,-0.0698,208.2656
19:31:56:081,-0.6918,4.1127,9.5757,58.6567,0.0027,-0.0092,0.0082,208.5625
19:31:56:101,-0.5302,3.9953,9.8199,60.0795,0.0165,0.2758,0.0327,208.75
19:31:56:121,-0.7002,3.8301,10.0067,59.8649,-0.032,0.4114,-0.0134,208.8125
19:31:56:143,-1.1419,3.5632,10.2126,59.3859,-0.1177,0.4012,-0.0896,208.75
19:31:56:160,-1.7285,3.3501,10.1443,59.5344,-0.2141,0.3879,-0.1111,208.6562
19:31:56:181,-2.3594,3.0341,9.705,58.8021,-0.4133,0.3701,-0.0121,208.625
19:31:56:201,-2.533,2.4726,10.2593,58.3911,-0.7947,0.4129,0.1627,208.6562
19:31:56:223,-2.3175,1.2911,12.1423,59.6466,-1.1212,0.4449,0.2897,208.5625
19:31:56:244,-1.932,0.2209,14.0218,60.4052,-1.0623,0.2116,0.2838,208.2344
19:31:56:262,-2.0481,0.3047,14.2121,58.8625,-0.5465,-0.2267,0.1901,207.7344
19:31:56:281,-2.8131,0.8541,11.9029,57.3301,0.0314,-0.3623,0.2364,207.3125
19:31:56:305,-3.2548,1.2288,9.4309,58.7491,0.29,-0.056,0.4921,207.0938
19:31:56:329,-3.3063,1.2659,7.6963,59.3171,0.2053,0.2739,0.8293,206.8906
19:31:56:347,-2.6958,1.1426,7.0283,59.1049,-0.0746,0.3344,1.0668,206.3906
19:31:56:364,-2.0314,0.9703,6.9158,56.7909,-0.3814,0.0457,1.1608,205.4062
19:31:56:380,-1.1754,0.8984,7.4389,59.3034,-0.6248,-0.3016,1.1456,204.125
19:31:56:402,-0.5697,0.914,8.1703,58.4809,-0.678,-0.4028,1.0655,202.75
19:31:56:421,-0.1292,1.0397,8.5307,58.9576,-0.526,-0.3426,0.9749,201.5312
19:31:56:448,0.0492,1.309,8.3679,58.6668,-0.2551,-0.1935,0.8783,200.3438
19:31:56:468,-0.0346,1.655,7.9991,59.171,0.0184,0.0497,0.8207,199.25
19:31:56:482,-0.1603,2.0704,7.4652,58.0748,0.2048,0.2521,0.821,198.3125
19:31:56:500,-0.1507,2.3948,6.9768,57.7457,0.2349,0.3067,0.8271,197.375
19:31:56:522,-0.031,2.7515,6.8463,57.2178,0.126,0.2335,0.8026,196.4062
19:31:56:544,-0.0609,3.0137,7.2402,57.3033,-0.0458,0.1427,0.7595,195.4531
19:31:56:562,-0.28,3.1957,8.0877,57.7824,-0.1814,0.0649,0.7382,194.5
19:31:56:580,-0.3171,3.2029,8.9592,58.4905,-0.2237,0.0233,0.7571,193.6094
19:31:56:601,-0.1184,3.2591,9.6128,59.202,-0.1617,-0.0017,0.7723,192.75
19:31:56:621,0.4167,3.3238,10.2018,58.5551,-0.0503,-0.0073,0.7539,191.9062
19:31:56:645,0.9386,3.374,10.4472,58.5197,0.2184,-0.0739,0.613,191.9062
19:31:56:662,1.5983,3.5392,10.3275,58.7117,0.4088,-0.071,0.4892,190.5938
19:31:56:741,1.937,3.702,9.9301,59.0778,0.5497,0.0042,0.3091,189.4062
19:31:56:742,1.8341,3.8325,9.7122,59.6433,0.5438,0.107,0.0961,188.7188
19:31:56:742,1.3732,3.8744,9.9373,59.3282,0.3918,0.0968,-0.1196,188.1719
19:31:56:742,0.6178,3.9127,10.6675,60.4257,0.1798,-0.0478,-0.2965,187.8281
19:31:56:772,-0.0382,3.6302,11.4707,58.0245,-0.0029,-0.2494,-0.3468,187.7188
19:31:56:779,0.0456,3.3022,11.9304,58.6561,-0.0642,-0.5138,-0.2925,187.8438
19:31:56:799,0.6561,3.2926,11.77,58.349,-0.0469,-0.6616,-0.2352,188.2031
19:31:56:820,1.1553,3.0484,11.3175,58.2169,-0.0778,-0.6323,-0.2184,188.625
19:31:56:848,1.6342,2.6235,11.7844,58.8566,-0.1587,-0.4243,-0.2904,189.0469
19:31:56:860,1.5767,1.8968,12.6152,58.5384,-0.0866,-0.1759,-0.4467,189.4375
19:31:56:879,1.0488,1.6634,12.2057,58.8459,0.2336,-0.1956,-0.583,189.7969
19:31:56:899,0.4047,2.0764,10.4999,60.0911,0.5332,-0.2156,-0.6158,190.2031
19:31:56:921,-0.1675,2.4415,8.9281,58.6844,0.5851,-0.0068,-0.5207,190.75
19:31:56:944,-0.3925,2.25,8.2996,57.9889,0.3843,0.1765,-0.3452,191.4531
19:31:56:962,-0.104,1.7711,8.7126,57.4639,0.1063,0.1445,-0.2336,192.1562
19:31:56:980,-0.1148,1.3366,9.4608,56.4174,-0.0919,-0.0784,-0.2576,192.75
19:31:57:000,-0.347,1.1702,9.9744,58.3832,-0.1353,-0.3903,-0.2832,193.1094
19:31:57:020,-0.3099,1.3222,9.693,59.4494,-0.0117,-0.6835,-0.2395,193.3281
19:31:57:047,0.0432,1.7232,8.7641,57.3602,0.1931,-0.8044,-0.1689,193.6406
19:31:57:063,0.2826,2.2368,7.2558,58.8821,0.3494,-0.7663,-0.0757,194.0469
19:31:57:079,0.71,2.7659,6.2155,59.3538,0.322,-0.6289,0.013,194.4375
19:31:57:103,1.4678,3.0784,6.3208,56.7419,0.1811,-0.4017,0.0306,194.9375
19:31:57:119,1.8125,3.2878,6.9672,58.2626,0.1188,-0.2315,-0.0898,195.1094
19:31:57:141,1.518,3.5093,7.4461,57.9193,0.196,-0.1042,-0.2334,195.1562
19:31:57:163,0.9422,3.8301,7.6221,58.0116,0.3467,0.014,-0.2906,195.25
19:31:57:184,0.7232,3.9127,7.8327,58.2033,0.457,0.2042,-0.2411,195.4688
19:31:57:200,1.0272,4.0348,8.3116,57.9674,0.5508,0.462,-0.1921,195.7812
19:31:57:220,1.0691,4.0205,8.4708,58.1886,0.6506,0.6188,-0.2057,196.0469
19:31:57:247,1.0488,4.0947,8.5941,57.1723,0.682,0.6234,-0.2435,196.1875
19:31:57:264,1.226,4.2467,8.812,57.6438,0.6538,0.5086,-0.3157,196.2656
19:31:57:282,1.2247,4.5975,8.7904,58.3556,0.6024,0.3645,-0.4318,196.3594
19:31:57:300,0.7495,4.8046,8.8383,58.3556,0.4615,0.3855,-0.5322,196.5156
19:31:57:320,0.0839,4.7184,9.4931,58.2182,0.2703,0.4918,-0.5527,196.8281
19:31:57:347,-0.3818,4.3413,10.3646,58.2182,0.1678,0.4537,-0.5426,197.2656
19:31:57:363,-0.7924,4.1091,10.8051,59.0219,0.1982,0.2785,-0.545,197.7812
19:31:57:380,-1.2497,3.9223,10.4592,57.8134,0.2911,0.1283,-0.4938,198.2812
19:31:57:400,-1.4795,3.9822,9.2621,57.3988,0.3191,0.0233,-0.3724,198.8125
19:31:57:421,-1.3442,4.0959,8.0135,57.4664,0.1542,0.0747,-0.1947,199.3438
19:31:57:447,-1.0617,3.7954,7.8148,58.5043,-0.2322,0.3581,-0.0208,199.8281
19:31:57:466,-1.0102,2.973,8.7007,56.0012,-0.6506,0.4409,0.017,200.1719
19:31:57:479,-1.2592,2.3254,9.9444,57.0069,-0.8322,0.0454,-0.0746,200.2188
19:31:57:499,-1.6459,2.408,10.6268,56.8877,-0.6919,-0.4294,-0.1098,200.0469
19:31:57:520,-1.7656,3.0496,9.8918,56.7355,-0.3843,-0.4784,0.0282,200
19:31:57:546,-1.756,3.4016,8.5857,57.5656,-0.2189,-0.0667,0.2591,200.1875
19:31:57:562,-1.7381,3.3848,8.0542,57.4578,-0.3369,0.4436,0.4556,200.2656
19:31:57:579,-1.7106,2.8712,8.2601,56.93,-0.5816,0.5083,0.5635,199.9844
19:31:57:600,-1.2592,2.4571,8.8599,56.4951,-0.7452,0.1248,0.5832,199.375
19:31:57:620,-0.6032,2.3146,9.0227,54.8921,-0.6796,-0.3255,0.5355,198.5781
19:31:57:646,-0.0514,2.5851,8.575,55.9708,-0.4413,-0.4651,0.4862,197.8438
19:31:57:665,0.2204,2.8234,7.9321,56.0682,-0.1633,-0.2305,0.4399,197.2812
19:31:57:681,0.1737,3.0999,7.1049,57.3956,0.0799,0.0816,0.4109,196.8281
19:31:57:700,-0.0286,3.4219,6.2406,57.9763,0.1862,0.2372,0.3962,196.375
19:31:57:720,-0.1807,3.7439,5.8264,56.7885,0.1246,0.2244,0.3933,195.8906
19:31:57:747,-0.286,4.0013,5.9928,55.6248,-0.0626,0.1847,0.4023,195.4219
19:31:57:763,-0.4692,4.1593,6.7889,56.9704,-0.277,0.1395,0.3989,194.9219
19:31:57:780,-0.6487,4.1126,7.9489,56.2048,-0.4365,0.0976,0.4103,194.4219
19:31:57:800,-0.6463,3.9893,9.1113,55.8275,-0.5052,0.0649,0.4322,193.9375
19:31:57:820,-0.6703,3.8122,10.2688,56.459,-0.4551,-0.0382,0.4375,193.4375
19:31:57:842,-0.4931,3.7236,11.0805,56.4724,-0.2525,-0.1756,0.4338,193.1875
19:31:57:863,-0.0801,3.9103,10.9859,56.9115,0.0288,-0.2427,0.4212,192.6719
19:31:57:879,0.3628,4.3174,10.3263,56.0376,0.229,-0.1711,0.3866,192.2031
19:31:57:901,0.7172,4.5412,10.1779,55.9285,0.2626,0.0156,0.3187,191.7656
19:31:57:920,0.7519,4.528,10.6519,56.083,0.2112,0.1232,0.2047,191.3438
19:31:57:948,0.5687,4.3533,11.5857,55.7892,0.1909,0.1445,0.0721,190.9688
19:31:57:968,0.2683,4.3425,11.7377,55.4425,0.2986,0.0612,-0.0025,190.6406
19:31:57:986,0.2838,4.4682,11.1344,54.6114,0.3513,-0.0307,0.0114,190.4219
19:31:58:000,0.7387,4.3102,10.6986,55.5903,0.2479,-0.1024,0.0527,190.4219
19:31:58:020,2.192,3.805,11.1739,55.5725,-0.0349,-0.146,-0.1127,190.4219
19:31:58:046,1.8592,3.1741,11.7556,55.7886,-0.0975,0.0172,-0.2794,190.4219
19:31:58:062,1.3337,2.3697,12.2836,53.4679,-0.0668,0.0452,-0.3743,190.3906
19:31:58:080,1.4019,1.9459,12.2058,55.8332,0.1113,-0.2007,-0.435,190.5469
19:31:58:099,1.5947,2.0632,10.9967,55.8409,0.3436,-0.3096,-0.4834,190.8594
19:31:58:120,1.6904,2.2871,9.6416,54.7648,0.4554,-0.1128,-0.5093,191.2812
19:31:58:145,1.6006,2.3721,8.8072,55.5448,0.4005,0.1299,-0.5721,191.7969
19:31:58:163,0.8776,2.2117,8.3439,55.7113,0.2575,0.1434,-0.6754,192.4219
19:31:58:179,0.1354,2.1721,8.0686,52.9867,0.1044,-0.043,-0.7186,193.0312
19:31:58:200,-0.1531,2.0141,8.1045,55.6924,0.0096,-0.202,-0.6683,193.6406
19:31:58:219,0.1785,1.9746,8.2625,56.1393,0.0525,-0.2475,-0.6073,194.375
19:31:58:240,0.4347,2.0117,7.907,53.3121,0.2218,-0.2507,-0.6174,195.2031
19:31:58:262,0.4514,2.3385,7.0056,53.8397,0.3814,-0.2523,-0.6632,196.0156
19:31:58:280,0.2312,2.9443,6.1975,55.2213,0.4432,-0.1916,-0.6997,196.7344
19:31:58:299,-0.2501,3.708,5.7115,57.6367,0.3755,-0.0997,-0.6885,197.5156
19:31:58:320,-0.7912,4.4718,5.8252,54.6646,0.1689,-0.1298,-0.6427,198.3438
19:31:58:345,-1.3682,4.9003,6.5363,54.8765,-0.0652,-0.3791,-0.5455,199.1562
19:31:58:363,-1.2604,4.8776,7.7897,56.5463,-0.1952,-0.6094,-0.3186,199.9844
19:31:58:379,-0.1543,4.9231,8.9844,55.0421,-0.1257,-0.5996,-0.1316,201.125
19:31:58:400,0.3604,4.9889,9.62,55.5796,0.0791,-0.3311,-0.1141,201.7344
19:31:58:419,-0.0286,4.9853,9.6356,53.453,0.2903,-0.0204,-0.1095,202.125
19:31:58:439,-0.3866,4.8967,9.2788,54.7698,0.3926,0.1578,-0.0179,202.375
19:31:58:462,-0.3483,4.7519,9.1113,54.7129,0.3529,0.1919,0.1014,202.5469
19:31:58:481,-0.1483,4.4167,9.3243,54.537,0.2448,0.2122,0.1832,202.6094
19:31:58:499,0.0193,4.0025,9.5207,55.0693,0.1396,0.2007,0.229,202.5156
19:31:58:520,0.3293,3.6625,9.8654,54.5379,0.049,0.1259,0.217,202.3125
19:31:58:550,0.4814,3.5811,9.7816,55.7601,0.0197,-0.011,0.1443,202.0312
19:31:58:566,0.4155,3.5428,9.3447,53.8412,-0.0083,0.0428,0.0892,201.7188
19:31:58:583,0.0947,3.4135,8.7856,54.4578,-0.0533,0.2284,0.0639,201.4844
19:31:58:599,-0.2417,3.2459,8.1404,54.2368,-0.1848,0.3807,0.0774,201.375
19:31:58:619,-0.6463,2.9012,8.041,55.6388,-0.474,0.4702,0.1137,201.25
19:31:58:639,-0.936,2.4463,9.0059,54.146,-0.8509,0.4404,0.1408,201.0938
19:31:58:664,-1.197,1.7184,10.6531,55.0917,-1.1057,0.287,0.1493,200.8594
19:31:58:680,-1.1982,1.2791,12.1016,55.5129,-1.0583,0.0092,0.1669,200.5781
19:31:58:701,-1.1036,1.4742,12.1531,55.1817,-0.686,-0.2504,0.1912,200.2969
19:31:58:720,-1.2724,1.8717,10.4664,54.7874,-0.2775,-0.1937,0.2889,200.0312
19:31:58:746,-1.3634,2.1877,8.5845,55.3335,-0.118,0.0958,0.4423,199.8438
19:31:58:827,-1.3562,2.1279,7.3539,55.3616,-0.2378,0.2944,0.5808,199.625
19:31:58:827,-1.0881,2.0321,7.1229,55.0073,-0.4815,0.2758,0.6426,199.2188
19:31:58:828,-0.8331,1.8178,7.2881,52.91,-0.6354,0.1072,0.6612,198.2188
19:31:58:828,-0.3207,1.9315,7.3276,54.797,-0.6879,-0.0853,0.6516,197.4219
19:31:58:848,0.0755,2.0776,7.5718,55.1457,-0.6645,-0.1149,0.593,196.625
19:31:58:865,0.1545,2.238,7.8543,54.4676,-0.5401,-0.0358,0.536,195.9062
19:31:58:879,-0.0011,2.5492,7.8746,54.5151,-0.3566,0.0582,0.5022,195.2344
19:31:58:903,-0.0921,2.8198,7.725,55.5292,-0.2021,0.1213,0.502,194.625
19:31:58:920,-0.0538,3.0688,7.5335,54.9241,-0.0951,0.1565,0.5081,194.0625
19:31:58:939,-0.0298,3.2878,7.3455,53.0248,-0.0594,0.2071,0.5217,193.7656
19:31:58:963,0.1545,3.477,7.5526,52.825,-0.1084,0.3019,0.5416,193.1562
19:31:58:982,0.0779,3.5572,8.1548,54.4774,-0.1971,0.4348,0.5246,192.5469
19:31:59:000,-0.2249,3.4399,8.9209,53.9324,-0.2903,0.4654,0.5057,191.9219
19:31:59:018,-0.5027,3.3621,9.4081,55.7985,-0.3918,0.3312,0.5145,191.2344
19:31:59:039,-0.3782,3.2771,10.0486,53.0497,-0.5212,0.0654,0.5235,190.5625
19:31:59:061,0.206,3.1514,11.1487,54.6333,-0.5486,-0.1785,0.4878,189.9062
19:31:59:080,0.9482,3.1119,11.7916,56.6748,-0.3726,-0.3165,0.4127,189.2969
19:31:59:099,1.7036,3.2974,11.9747,53.8832,-0.0914,-0.2041,0.2876,188.7031
19:31:59:119,1.8281,3.4135,11.9005,53.6161,0.1587,0.0753,0.144,188.2188
19:31:59:138,1.7407,3.2448,11.776,54.3261,0.2946,0.1815,0.0268,187.8594
19:31:59:161,2.0017,3.2471,11.7221,54.482,0.3001,0.0414,-0.0994,187.625
19:31:59:179,2.2399,3.2424,11.843,54.1254,0.204,-0.0912,-0.2467,187.5156
19:31:59:199,2.3345,3.0317,12.4081,54.4227,0.0783,-0.1088,-0.3798,187.5312
19:31:59:221,2.3357,2.5756,13.1599,54.7255,0.0157,-0.0273,-0.4826,187.7344
19:31:59:247,2.1477,1.9363,13.5621,53.6402,0.0727,0.0603,-0.5814,188.125
19:31:59:264,1.6952,1.3342,13.4496,55.1557,0.2141,0.0598,-0.6563,188.8906
19:31:59:280,1.621,0.8865,12.6044,54.5236,0.42,-0.1173,-0.7026,189.5469
19:31:59:298,1.9682,0.8901,10.8399,53.5541,0.6035,-0.3152,-0.729,190.2969
19:31:59:319,2.4949,1.0074,9.3543,52.7931,0.6123,-0.3128,-0.7785,191.125
19:31:59:340,2.8049,1.2288,8.7162,54.1776,0.4887,-0.1405,-0.9098,191.9844
19:31:59:363,2.2578,1.2205,8.6947,53.9022,0.3111,0.0494,-1.0973,192.9531
19:31:59:379,1.1972,1.1762,9.2058,53.3338,0.1643,0.0841,-1.2243,194.0312
19:31:59:399,0.4095,1.0732,9.808,53.3338,0.1193,-0.0169,-1.2368,195.2188
19:31:59:419,0.3652,0.9056,9.9432,54.9873,0.3816,-0.3186,-1.1524,196.6094
19:31:59:440,0.5292,1.0014,9.0334,54.9873,0.6195,-0.399,-1.1596,196.6094
19:31:59:462,0.7268,1.2731,7.8579,52.1375,0.8141,-0.3889,-1.1806,199.3594
19:31:59:480,0.6777,1.6263,6.6823,54.4782,0.9079,-0.3314,-1.2107,200.75
19:31:59:499,0.4957,1.9686,5.8096,53.1547,0.8594,-0.2933,-1.2065,202.1875
19:31:59:518,0.358,2.3158,5.2003,51.0839,0.6908,-0.309,-1.1599,203.6562
19:31:59:538,0.4107,2.4547,5.1788,52.2993,0.3987,-0.354,-1.092,205.0781
19:31:59:563,0.6705,2.5636,5.915,50.747,0.0751,-0.4789,-1.0746,206.5625
19:31:59:584,0.6178,2.6689,6.996,50.6472,-0.1712,-0.5341,-1.1111,208
19:31:59:599,0.315,2.7863,8.0925,52.1786,-0.3081,-0.5034,-1.1247,209.2812
19:31:59:618,-0.0346,2.9131,9.0765,52.376,-0.339,-0.431,-1.0912,210.625
19:31:59:638,-0.2297,3.0137,9.8343,52.7856,-0.2921,-0.3106,-1.0004,212.0156
19:31:59:664,-0.0406,2.9946,10.3922,50.0287,-0.2211,-0.142,-0.8874,213.3281
19:31:59:682,0.3257,2.9826,10.9057,51.6477,-0.1372,-0.0044,-0.8512,215.2812
19:31:59:698,0.2144,2.8712,10.9608,50.7215,-0.061,0.058,-0.8842,216.4062
19:31:59:719,-0.1902,2.8054,10.8542,51.7715,-0.0519,0.0012,-0.9287,217.3281
19:31:59:738,-0.5458,2.7982,10.7944,51.9032,-0.0554,-0.0803,-0.9593,218.3125
19:31:59:763,-0.9731,2.7815,10.3227,51.6425,-0.0562,-0.0571,-0.9223,219.3281
19:31:59:780,-1.2461,2.7982,9.7529,50.8846,-0.1646,0.0872,-0.7961,220.4375
19:31:59:798,-1.4412,2.475,9.6643,50.3042,-0.433,0.2875,-0.6414,221.4844
19:31:59:821,-1.1539,1.661,10.7321,51.8315,-0.7428,0.3818,-0.5258,222.4688
19:31:59:850,-0.8953,0.7512,12.0753,51.2006,-0.8405,0.21,-0.5545,223.2344
19:31:59:871,-0.6056,0.4447,12.9444,49.7487,-0.6056,-0.2004,-0.6965,223.7344
19:31:59:879,-0.863,0.5812,12.0418,48.9064,-0.0623,-0.5426,-0.8552,224.2031
19:31:59:902,-1.1096,1.1211,9.6356,49.8062,0.4493,-0.4978,-0.8243,224.8438
19:31:59:918,-0.8666,1.7795,7.403,49.0371,0.6996,-0.1325,-0.6818,225.7188
19:31:59:941,-0.7924,2.2104,5.654,49.0363,0.6067,0.2313,-0.546,226.8281
19:31:59:963,-0.7888,2.3122,5.2303,49.0822,0.2053,0.3916,-0.4326,227.7969
19:31:59:982,-0.8175,2.1207,5.9593,48.0531,-0.2748,0.2803,-0.3532,228.5469
19:31:59:998,-0.5817,1.8202,7.1755,49.4067,-0.6429,-0.0254,-0.2949,228.8125
19:32:00:018,-0.0801,1.6945,8.4864,49.4565,-0.799,-0.1876,-0.2816,229.25
19:32:00:038,0.1366,1.5892,9.5961,48.5573,-0.7268,-0.0701,-0.309,229.5781
19:32:00:064,-0.2716,1.5712,10.1934,47.0141,-0.4674,0.1594,-0.3167,229.8594
19:32:00:080,-0.687,1.7208,9.8774,47.3079,-0.1534,0.369,-0.2736,230.1094
19:32:00:098,-0.7601,1.9267,9.037,46.1196,0.0304,0.4441,-0.2097,230.5625
19:32:00:120,-0.5135,2.05,8.4648,48.045,0.0591,0.2532,-0.1873,230.8125
19:32:00:139,-0.055,2.1458,8.1787,48.0708,0.0144,-0.0347,-0.2294,231.0312
19:32:00:163,0.1713,2.25,8.1248,46.3937,-0.0069,-0.2683,-0.2821,231.1875
19:32:00:180,-0.0669,2.3685,8.6156,48.1437,0.0645,-0.3242,-0.2794,231.4219
19:32:00:198,0.0336,2.7444,8.9221,48.0007,0.0887,0.1134,-0.3505,231.7188
19:32:00:219,-0.1986,2.7108,9.1951,47.4183,0.1542,0.2867,-0.4171,232.0938
19:32:00:238,-0.1495,2.4008,9.5566,47.1129,0.2186,0.3767,-0.4621,232.4688
19:32:00:262,0.2515,2.2978,9.5446,45.7715,0.2943,0.3642,-0.5713,232.875
19:32:00:280,0.7363,2.5397,9.6296,47.0674,0.3217,0.2668,-0.7908,233.3438
19:32:00:298,0.3329,2.5887,10.1743,47.0792,0.3001,0.1647,-1.1237,233.9062
19:32:00:319,-0.3674,2.0105,10.3407,45.2958,0.2541,-0.1008,-1.3902,234.6562
19:32:00:339,-1.3634,1.6754,11.2612,46.0938,0.1976,-0.9511,-1.5428,235.7031
19:32:00:363,-1.3682,1.8465,11.9556,46.0028,0.2362,-1.4483,-1.387,237.1875
19:32:00:382,-0.1459,1.9543,11.3091,43.5503,0.2029,-1.4345,-1.292,239
19:32:00:400,1.5228,1.5904,10.8303,44.5289,0.0695,-1.3407,-1.2616,240.8281
19:32:00:420,2.8983,1.2456,11.9196,43.7537,-0.1089,-0.9876,-1.4347,242.5938
19:32:00:440,2.6924,0.5824,13.118,43.9287,-0.1702,-0.301,-1.7072,244.25
19:32:00:463,0.9506,-0.0233,13.8039,44.2907,-0.073,0.1027,-1.8568,245.8594
19:32:00:480,-0.0358,-0.3885,13.9092,44.3179,0.0892,0.0015,-1.8467,248.75
19:32:00:500,0.892,-0.6949,12.6786,44.4156,0.2362,-0.4608,-1.8411,250.8594
19:32:00:518,2.423,-1.0062,10.9285,44.3019,0.3049,-0.7703,-1.9697,252.875
19:32:00:539,2.617,-1.0169,9.8176,43.2726,0.3204,-0.577,-2.1884,255.0625
19:32:00:562,1.7,-0.9607,9.1017,43.6523,0.3316,-0.2092,-2.3365,257.4531
19:32:00:581,0.6537,-0.8745,8.9329,44.3049,0.3004,-0.0076,-2.411,259.9219
19:32:00:598,-0.1364,-0.5944,8.6767,43.3023,0.2687,-0.1455,-2.4089,262.6562
19:32:00:618,-0.0837,-0.2053,7.816,43.3023,0.1955,-0.3287,-2.3245,265.4531
19:32:00:640,-0.3842,-0.1383,7.1959,42.5007,0.0855,-0.4281,-2.2752,268.2656
19:32:00:663,-1.2257,0.1969,7.6412,41.2367,0.0727,-0.676,-2.1375,270.8438
19:32:00:681,-2.0888,1.2193,8.7018,41.8767,0.2357,-0.8118,-1.8821,273.5156
19:32:00:698,-3.3123,2.0907,7.9788,41.8312,0.4083,-0.4097,-1.4669,276.0469
19:32:00:719,-3.0118,2.6749,6.7997,42.2901,0.4514,-0.1383,-0.7849,278.2031
19:32:00:740,0.0815,2.232,6.7566,42.6833,0.3619,-0.0733,-0.4131,279.9688
19:32:00:761,1.682,1.5688,6.9038,41.2091,0.1177,-0.0861,-0.644,280.9375
19:32:00:778,1.1194,2.0848,7.2677,40.6782,-0.2176,-0.2283,-1.1226,281.4531
19:32:00:798,0.2611,2.2895,8.5606,40.6689,-0.5063,-0.3258,-1.4933,282.1875
19:32:00:820,-0.4608,1.4802,10.3431,41.0711,-0.4714,-0.1455,-1.6819,283.4688
19:32:00:888,-1.0617,1.6071,10.2305,40.4995,-0.2088,-0.2784,-1.5111,283.4688
19:32:00:888,-1.7273,1.5497,10.367,42.4226,0.1377,-0.4669,-1.296,286.9531
19:32:00:888,-1.6196,1.2743,10.9608,40.5134,0.5025,-0.3698,-1.1354,286.9531
19:32:00:901,-1.2293,1.6957,11.7724,41.2796,0.8019,-0.0297,-1.1015,292.0312
19:32:00:918,-1.3538,2.0165,11.9747,41.7548,1.0312,0.3179,-1.1117,294.0781
19:32:00:938,-2.4156,1.8513,11.8155,39.8437,1.2048,0.2915,-1.0467,294.0781
19:32:00:960,-3.7109,1.837,10.6962,39.9931,1.2442,0.0641,-0.8198,296.7031
19:32:00:980,-3.1004,1.6442,9.0023,39.0912,1.1199,0.0819,-0.5119,296.7031
19:32:00:998,-2.0793,2.2607,7.998,38.4897,0.7822,-0.0574,-0.3489,297.9219
19:32:01:018,-2.2241,3.1143,8.6528,40.4992,0.33,-0.1407,-0.3985,298.4219
19:32:01:039,-2.8693,2.8353,9.4476,37.8697,0.0101,0.0827,-0.4605,299.125
19:32:01:062,-3.2345,1.74,9.863,38.3011,-0.2418,0.3259,-0.3703,299.5938
19:32:01:081,-3.4368,1.1618,10.2186,38.1788,-0.335,0.295,-0.1849,300.1094
19:32:01:097,-2.9364,1.2348,9.9097,37.8305,-0.2775,0.2183,0.0268,300.625
19:32:01:117,-2.0541,1.3605,9.1124,37.0223,-0.2535,0.1205,0.0926,300.9688
19:32:01:138,-1.786,1.3916,8.8503,37.9446,-0.2951,-0.1269,-0.0001,301.0938
19:32:01:164,-1.9176,0.8577,9.1998,37.7668,-0.3249,-0.3929,-0.0991,300.9844
19:32:01:181,-2.5928,0.3059,9.7266,36.4022,-0.2639,-0.6217,-0.052,300.8438
19:32:01:197,-2.3953,0.5118,9.8618,36.575,-0.143,-0.6284,0.1302,300.8281
19:32:01:218,-1.4831,0.4986,9.0933,36.4792,-0.0514,-0.5826,0.2974,300.9375
19:32:01:239,-0.8067,0.9619,8.6552,35.9607,-0.1012,-0.569,0.3219,301.0469
19:32:01:263,-0.7134,1.2731,7.8064,35.7271,-0.237,-0.4022,0.2742,300.9531
19:32:01:281,-0.687,1.3809,8.2063,36.4484,-0.3766,-0.1929,0.221,300.6719
19:32:01:297,-0.4296,1.1714,7.8938,35.3045,-0.2735,0.6191,0.1645,300.3594
19:32:01:318,-0.3255,0.9056,6.9684,33.9986,-0.2141,1.2551,0.1661,299.8125
19:32:01:338,-0.7804,1.2492,6.4633,35.6375,-0.3547,1.2886,0.1888,299.6875
19:32:01:363,-1.5178,2.0872,6.9086,34.9135,-0.6091,0.8327,0.2761,299.375
19:32:01:379,-2.2816,2.2536,7.5119,35.9038,-0.7915,0.5648,0.4207,299.0312
19:32:01:397,-1.9272,1.7065,8.1392,35.4045,-0.9047,0.3791,0.5041,298.6094
19:32:01:419,-1.6974,1.3976,8.9508,33.9402,-0.91,-0.0395,0.5334,298.0469
19:32:01:437,-1.3215,1.4132,9.5733,32.5635,-0.8916,-0.5197,0.5739,297.3594
19:32:01:458,-0.802,1.8705,11.1954,32.8568,-0.8906,-0.6334,0.6828,296.6562
19:32:01:480,0.1988,1.8681,12.1148,32.7847,-0.8,-0.0994,0.7336,295.9062
19:32:01:499,0.7076,2.001,11.9352,32.7847,-0.6642,0.5328,0.6426,295.125
19:32:01:518,0.3844,2.2272,11.6575,33.7371,-0.4618,0.6641,0.4189,294.25
19:32:01:540,-0.7684,1.8322,11.715,33.7371,-0.1577,-0.0768,0.1097,293.3438
19:32:01:564,-1.5154,0.7177,12.6367,35.0056,0.2205,-1.1386,-0.0025,292.6094
19:32:01:581,-1.6579,-0.2759,13.9691,33.3119,0.5617,-1.4742,0.2495,292.2656
19:32:01:600,-1.1359,-0.0772,14.1989,33.9681,0.8442,-0.9248,0.6633,292.2812
19:32:01:617,0.1222,0.5788,12.6056,31.1117,1.0053,-0.3847,0.9281,292.2812
19:32:01:639,1.214,1.4994,10.6435,34.8851,0.9622,-0.2726,0.878,291.8906
19:32:01:666,1.8413,1.9375,9.7553,33.1944,0.7201,-0.6033,0.4996,291.1094
19:32:01:680,1.4235,1.3138,10.5657,33.4271,0.3776,-1.076,-0.0392,290.125
19:32:01:697,1.0332,-0.1502,11.9101,33.6941,0.142,-1.1362,-0.3572,289.3906
19:32:01:717,1.4354,-1.1187,12.1854,33.1266,0.0754,-0.7562,-0.4025,289.25
19:32:01:738,2.2303,-1.2169,11.2972,33.5336,0.081,-0.2489,-0.3801,289.9375
19:32:01:764,2.7343,-0.908,9.9241,35.8663,0.0708,0.0758,-0.5114,290.4688
19:32:01:781,2.1752,-0.7859,8.6743,34.5024,0.024,0.1637,-0.7796,290.9062
19:32:01:798,0.9722,-0.7991,7.5574,32.9466,-0.0101,0.1996,-0.9205,291.4844
19:32:01:818,-0.0143,-0.6949,6.4238,33.9906,-0.0107,0.1882,-0.8581,292.3594
19:32:01:838,-0.4668,-0.3011,5.5427,35.5399,-0.0088,0.1086,-0.6842,293.3438
19:32:01:866,-0.3794,0.2616,5.0028,33.3313,-0.0551,-0.0523,-0.5029,294.3125
19:32:01:880,0.0253,0.7249,4.9681,35.2998,-0.1614,-0.2097,-0.4262,295.0938
19:32:01:897,0.218,1.145,5.3727,35.6171,-0.2706,-0.3346,-0.4392,295.6562
19:32:01:917,0.1893,1.3354,6.3304,34.487,-0.3574,-0.3708,-0.5045,296.1406
19:32:01:937,-0.1076,1.2312,7.5335,36.0641,-0.4282,-0.1492,-0.5319,296.6562
19:32:01:960,-0.4009,1.6251,8.3858,34.2751,-0.4679,0.1898,-0.4637,297.2344
19:32:01:979,-0.1771,2.238,8.8634,35.8586,-0.452,0.3781,-0.4374,297.8125
19:32:01:997,-0.0968,2.6438,9.1771,35.4693,-0.4245,0.3307,-0.5695,298.0781
19:32:02:018,-1.0055,2.5612,9.8223,36.1118,-0.4322,0.165,-0.7282,298.5156
19:32:02:039,-2.2672,2.1279,11.454,36.863,-0.4517,0.0643,-0.6925,299.0312
19:32:02:069,-2.8346,1.7244,12.997,37.8313,-0.3462,0.1956,-0.3881,299.7188
19:32:02:087,-2.6132,1.9986,13.8099,36.9928,-0.1049,0.4023,0.0705,300.5312
19:32:02:100,-1.4472,2.493,13.9475,38.1672,0.2253,0.4888,0.4458,301.1562
19:32:02:117,-0.5075,2.572,13.3239,38.6184,0.5689,0.3714,0.5579,301.3125
19:32:02:138,-0.2525,2.4056,12.262,38.7182,0.7878,0.1858,0.5475,300.9688
19:32:02:162,-0.6128,2.3816,11.5007,39.404,0.7414,0.0577,0.5366,300.0781
19:32:02:182,-1.3167,2.4606,11.3726,39.8963,0.4993,0.0295,0.5334,299.5312
19:32:02:197,-1.5011,2.2416,11.5617,39.7002,0.1806,0.0729,0.5746,298.9688
19:32:02:218,-0.8403,0.8505,12.2309,40.2898,-0.1435,-0.1418,0.6122,298.4062
19:32:02:240,-0.4249,0.2699,12.675,41.7334,0.1265,-0.411,0.572,298.4062
19:32:02:264,-0.4512,-0.3741,11.4947,41.3262,0.5934,-0.5863,0.498,297.0781
19:32:02:279,-0.3602,-0.7871,9.2429,40.502,0.8719,-0.5839,0.4684,296.375
19:32:02:300,0.0851,-0.9044,7.4808,42.3485,0.7809,-0.4081,0.4314,295.7656
19:32:02:316,0.0743,-0.7991,6.3531,41.6578,0.4256,-0.1772,0.3238,295.3125
19:32:02:336,0.0229,-0.6207,6.0467,41.6739,-0.0242,-0.0182,0.2508,294.8906
19:32:02:358,0.2108,-0.3226,6.4669,41.2334,-0.42,0.0316,0.2101,294.4688
19:32:02:380,0.3832,0.1167,7.3096,44.2398,-0.6216,0.001,0.1379,294.1562
19:32:02:396,0.5029,0.3741,7.7202,44.3131,-0.6171,-0.0411,0.0188,293.875
19:32:02:418,0.5005,0.3466,7.5047,44.0152,-0.5204,-0.0624,-0.0941,293.6094
19:32:02:436,0.4849,0.3358,6.7601,43.5662,-0.4429,-0.0787,-0.1479,293.4219
19:32:02:457,0.4179,0.3238,6.3053,43.8914,-0.4836,-0.169,-0.1615,293.375
19:32:02:481,0.0396,0.3202,6.7075,43.7109,-0.6128,-0.2944,-0.1236,293.4688
19:32:02:498,-0.1531,0.2005,8.0111,44.1716,-0.6991,-0.3394,-0.0203,293.625
19:32:02:517,-0.2273,0.1754,9.0526,45.9278,-0.6464,-0.1815,0.1246,293.7812
19:32:02:537,-0.189,0.4926,9.3555,44.5975,-0.5414,0.0612,0.2476,293.9375
19:32:02:556,0.1115,0.8458,9.3962,46.5143,-0.4932,0.2643,0.3017,293.7812
19:32:02:579,0.3233,1.1989,9.723,48.4939,-0.4733,0.2979,0.2556,293.6406
19:32:02:596,0.1593,1.4347,10.2186,45.1861,-0.4171,0.2399,0.1363,293.2969
19:32:02:622,-0.4548,1.2755,10.6112,46.813,-0.3177,0.1983,0.0412,292.9375
19:32:02:636,-0.6619,1.0098,10.8494,47.9664,-0.2216,0.2063,0.0934,292.6719
19:32:02:657,-0.0657,1.0277,11.0781,48.1372,-0.1766,0.1544,0.1656,292.5625
19:32:02:680,0.3628,1.0169,11.3091,46.0403,-0.212,-0.0118,0.0883,292.5
19:32:02:700,0.1521,0.4316,12.1579,46.1746,-0.3515,-0.1375,-0.0414,292.3125
19:32:02:718,-0.3351,-0.4615,13.4986,49.2738,-0.4738,-0.0158,-0.0059,292.1406
19:32:02:737,-0.6344,-0.9523,14.2037,48.1828,-0.4072,0.2633,0.2543,292.125
19:32:02:756,-0.5302,-0.5321,13.9009,46.1364,-0.1547,0.3861,0.6079,292.1562
19:32:02:782,0.4562,0.252,12.9492,48.6163,0.1316,0.1799,0.858,292.0156
19:32:02:798,2.1441,0.6853,12.1782,50.149,0.3148,-0.2385,0.7965,291.5
19:32:02:823,2.5703,0.3214,11.8945,49.3173,0.3505,-0.6217,0.3746,290.6406
19:32:02:837,1.4247,-0.8074,12.1974,50.2663,0.3105,-0.7027,0.0037,289.6875
19:32:02:857,0.8788,-1.8094,12.2991,50.5474,0.3643,-0.4377,-0.0086,289.0156
19:32:02:882,1.6617,-1.9507,11.1523,50.5331,0.5435,-0.0467,0.1523,288.875
19:32:02:896,2.9713,-1.4479,9.2094,49.6827,0.6887,0.0915,0.1571,288.9531
19:32:02:958,3.5352,-0.8697,7.9465,49.7292,0.669,-0.0893,-0.0975,288.8906
19:32:02:958,3.2443,-0.6865,7.5203,49.0204,0.5667,-0.2702,-0.4587,288.7031
19:32:02:958,2.2136,-0.6075,7.0331,49.8878,0.4538,-0.2723,-0.7431,288.6562
19:32:02:977,1.378,-0.4675,6.2502,50.1251,0.2951,-0.1671,-0.8792,289
19:32:02:998,0.9195,-0.1275,5.7378,50.5478,0.0317,-0.0467,-0.9338,289.7344
19:32:03:018,0.5424,0.185,5.8779,49.9996,-0.2684,0.0657,-0.9673,291.2344
19:32:03:038,0.1677,0.2927,6.5279,52.0512,-0.4599,0.1269,-0.979,292.25
19:32:03:062,-0.3243,0.258,7.1732,50.9032,-0.4884,0.16,-0.9436,293.3594
19:32:03:081,-0.7265,0.3478,7.5574,52.3355,-0.4224,0.2153,-0.8131,294.4375
19:32:03:097,-0.7696,0.665,7.9441,51.6831,-0.3156,0.263,-0.6478,295.4531
19:32:03:116,-0.5972,1.0026,8.2146,51.3651,-0.175,0.2694,-0.5135,296.3594
19:32:03:137,-0.2645,1.4359,8.3343,51.2186,-0.0312,0.2132,-0.4603,297.0781
19:32:03:158,-0.0933,1.8214,8.3846,51.48,0.0668,0.0955,-0.5183,297.375
19:32:03:180,-0.213,1.9938,8.6935,51.9319,0.0636,0.0303,-0.6422,297.875
19:32:03:200,-0.5314,1.9004,9.45,51.8359,-0.0357,0.1261,-0.7484,298.4219
19:32:03:216,-1.2748,1.6849,10.2844,51.9179,-0.1326,0.3203,-0.7865,299.0781
19:32:03:237,-2.2947,1.4288,11.2134,53.338,-0.1518,0.4558,-0.6661,299.8438
19:32:03:257,-2.5425,1.309,11.6958,53.5995,-0.0474,0.4383,-0.3239,300.7188
19:32:03:282,-1.8015,1.4826,12.2489,52.4024,0.1209,0.161,0.0479,301.5625
19:32:03:297,-1.0055,1.5389,13.0485,52.3193,0.2767,-0.214,0.3549,302.125
19:32:03:316,0.042,1.886,14.1151,53.7015,0.4069,-0.4478,0.5994,302.2656
19:32:03:338,0.5256,2.4846,14.4635,54.8004,0.526,-0.3974,0.6588,302.0469
19:32:03:361,0.443,2.639,13.2891,54.7913,0.5002,-0.1383,0.5706,301.5156
19:32:03:377,0.3233,2.0596,11.9316,52.4601,0.2533,0.0798,0.4498,300.8438
19:32:03:396,0.0743,1.0648,11.4157,53.6818,0.0109,0.0473,0.3214,300.1719
19:32:03:416,-0.4285,-0.1239,11.4276,53.8615,0.0517,-0.1146,0.2466,299.6094
19:32:03:436,-0.5206,-0.841,10.7956,53.359,0.3843,-0.267,0.2593,299.1719
19:32:03:455,-0.1759,-1.0672,8.9496,53.2704,0.7044,-0.3535,0.2372,298.75
19:32:03:481,0.2276,-1.0684,7.0582,53.0878,0.6727,-0.3261,0.0977,298.4844
19:32:03:496,0.1605,-1.1355,5.8324,53.8611,0.278,-0.2275,-0.125,298.2812
19:32:03:516,-0.4117,-1.1091,5.7462,52.5432,-0.2876,-0.2305,-0.2757,298.2344
19:32:03:537,-0.6751,-1.169,7.1312,52.949,-0.7891,-0.3375,-0.2821,298.4062
19:32:03:557,-0.8714,-1.09,9.0322,51.6698,-0.9502,-0.3501,-0.2102,298.7188
19:32:03:580,-1.009,-1.0121,9.8582,52.4977,-0.7151,-0.2417,-0.0576,299.0156
19:32:03:597,-0.7636,-0.817,8.9975,52.6302,-0.3028,-0.1024,0.1616,299.25
19:32:03:618,0.7663,0.3669,6.1353,53.767,-0.0333,-0.1157,0.3571,299.3125
19:32:03:637,0.9506,0.586,6.4944,53.767,-0.2876,-0.4656,0.299,299.125
19:32:03:656,0.4071,0.3825,7.7011,52.6488,-0.4392,-0.427,0.2466,298.7188
19:32:03:683,0.0672,0.3107,8.5558,52.332,-0.4267,-0.223,0.332,298.7188
19:32:03:697,0.3485,0.5884,8.8563,52.6053,-0.3654,-0.0105,0.4364,297.9844
19:32:03:715,0.8596,1.1355,9.2693,51.666,-0.3356,0.0952,0.4271,297.7031
19:32:03:735,0.9398,1.3641,10.1599,51.0477,-0.3039,0.0667,0.2886,297.3281
19:32:03:757,0.5316,1.1714,11.0589,54.1177,-0.1832,0.0399,0.1544,296.8281
19:32:03:780,0.1126,0.9415,11.43,51.8027,-0.0298,0.0865,0.1211,296.3438
19:32:03:796,-0.0179,0.8482,11.3606,52.8553,0.0629,0.1914,0.1653,296.0156
19:32:03:816,0.1378,0.6458,11.3295,52.3809,0.0357,0.2508,0.2194,295.8438
19:32:03:835,0.4382,0.2017,11.9927,53.6589,-0.0631,0.226,0.2668,295.5156
19:32:03:855,0.8764,-0.4064,12.9396,53.7041,-0.119,0.2359,0.3403,295.3906
19:32:03:879,1.3983,-0.6482,13.3957,51.9283,-0.0767,0.3214,0.4476,295.1094
19:32:03:898,1.9203,-0.5285,12.9994,52.0415,0.0178,0.3616,0.5046,294.7812
19:32:03:917,2.3213,-0.3382,12.1722,51.2333,0.0818,0.2225,0.4718,294.3281
19:32:03:935,2.623,-0.1203,11.4492,53.6261,0.0701,-0.0502,0.347,293.7656
19:32:03:955,2.5248,-0.2951,11.345,51.1957,-0.0184,-0.2768,0.0908,293.2188
19:32:03:978,1.9706,-1.0588,11.7892,52.1794,-0.0746,-0.3034,-0.1306,292.7188
19:32:03:996,1.8724,-1.9052,11.7353,52.1409,0.0179,-0.1176,-0.1926,292.4688
19:32:04:016,2.3823,-2.2523,10.3467,52.4813,0.2232,0.051,-0.1809,292.5156
19:32:04:036,3.2059,-2.0141,8.5067,52.0679,0.3105,-0.0616,-0.2403,292.7188
19:32:04:057,3.7638,-1.4742,7.9046,53.1652,0.1593,-0.3487,-0.4738,292.9375
19:32:04:080,3.2814,-1.3916,8.4361,51.1108,-0.0629,-0.4467,-0.8264,293.1562
19:32:04:097,1.8676,-1.5844,8.709,50.7516,-0.1654,-0.2459,-1.0464,293.5312
19:32:04:117,0.5831,-1.4946,8.0015,51.6537,-0.1494,0.0697,-1.0259,294.2812
19:32:04:136,-0.0693,-1.0241,6.7506,49.1785,-0.1441,0.2921,-0.8406,295.3906
19:32:04:155,-0.0681,-0.4172,5.8839,49.9729,-0.1851,0.2579,-0.6395,296.5625
19:32:04:181,0.1031,0.2101,5.9629,49.0782,-0.2157,0.0319,-0.5306,297.625
19:32:04:197,0.2695,0.4962,6.571,50.4023,-0.18,-0.1833,-0.5191,298.0781
19:32:04:216,0.291,0.4567,6.8799,49.6435,-0.139,-0.227,-0.5399,298.7969
19:32:04:237,-0.1819,0.5357,7.2342,49.0106,-0.1894,-0.1197,-0.5157,299.375
19:32:04:255,-0.4979,0.8458,8.0063,50.081,-0.2525,-0.0078,-0.4422,299.9688
19:32:04:280,-0.2273,1.1271,9.0454,49.735,-0.2509,0.0558,-0.3907,300.5938
19:32:04:296,0.2683,1.6287,9.9732,49.7903,-0.1673,0.1378,-0.4182,301.4062
19:32:04:316,0.5316,2.0824,10.4771,49.4707,-0.0392,0.1754,-0.5774,301.875
19:32:04:335,-0.0406,2.068,10.683,47.6372,0.0035,0.2265,-0.7766,302.3281
19:32:04:355,-1.2449,1.6945,11.29,49.2463,-0.0772,0.3956,-0.8139,302.875
19:32:04:379,-2.0793,1.4958,12.4356,49.3705,-0.0945,0.544,-0.5977,303.6094
19:32:04:396,-1.9512,1.339,13.1754,48.6387,0.0661,0.4612,-0.2427,304.5625
19:32:04:416,-1.1024,1.0134,13.6147,50.0198,0.3119,0.1432,0.1105,305.4062
19:32:04:436,0.5017,0.8649,13.7285,48.7535,0.5412,-0.1213,0.3661,305.8594
19:32:04:455,1.4737,0.9475,12.9288,48.5601,0.6714,-0.1492,0.3195,305.9375
19:32:04:478,0.5077,0.8446,11.6838,49.1047,0.5633,-0.0646,0.0545,305.6562
19:32:04:495,-0.9121,0.1634,10.9883,48.1641,0.1712,0.0787,-0.097,305.2656
19:32:04:515,-2.1319,-0.8122,11.6982,48.5346,-0.282,0.0995,-0.0099,305.0625
19:32:04:536,-2.8514,-1.716,13.4388,48.1005,-0.3771,-0.0853,0.3217,305.1406
19:32:04:556,-2.3701,-2.1266,14.1834,45.796,0.0434,-0.231,0.772,305.2344
19:32:04:579,-1.1252,-1.7843,12.5314,48.5693,0.6615,-0.2254,1.1275,305.0625
19:32:04:595,0.1605,-1.0828,9.7541,46.0549,1.0269,-0.2164,1.1909,304.4375
19:32:04:616,0.5137,-0.8697,7.5335,47.4658,0.9734,-0.2776,0.9941,303.3438
19:32:04:635,0.2168,-0.981,6.6572,47.9578,0.6115,-0.345,0.7973,302.0625
19:32:04:656,0.0612,-1.1845,6.966,47.952,0.1712,-0.362,0.724,300.8281
19:32:04:681,-0.1387,-1.1486,7.7681,47.6521,-0.1148,-0.3721,0.7342,299.8594
19:32:04:697,-0.2262,-0.8446,8.308,46.9373,-0.1635,-0.3413,0.8151,299.0625
19:32:04:715,0.0767,-0.7452,8.0039,47.7504,-0.0448,-0.2704,0.8942,297.8438
19:32:04:736,0.4071,-0.6291,7.1253,48.1073,0.1111,-0.2009,0.9778,296.9219
19:32:04:758,0.9075,-0.4387,5.9808,46.1734,0.2197,-0.211,1.046,295.9688
19:32:04:785,1.3181,-0.1538,5.0854,46.9829,0.1867,-0.3325,1.037,294.8594
19:32:04:796,1.6497,0.1598,5.3224,46.1066,-0.0133,-0.4659,0.96,293.6719
19:32:04:820,1.6701,0.149,6.6045,47.4606,-0.2424,-0.3362,0.8519,292.5
19:32:04:837,1.1912,0.5453,8.1284,46.2854,-0.3105,0.238,0.7603,290.5469
19:32:04:858,1.2571,0.9834,8.4277,47.4515,-0.3097,0.2574,0.7888,289.6562
19:32:04:879,1.293,1.3569,9.2334,46.1672,-0.3148,0.1727,0.7874,288.8281
19:32:04:900,1.3325,1.4395,10.209,47.4159,-0.2269,0.0092,0.7462,287.9219
19:32:04:917,1.6773,1.485,10.7034,47.6001,-0.0727,-0.1207,0.6668,287.0156
19:32:04:937,1.949,1.5796,10.4855,47.335,-0.0173,-0.1849,0.4878,286.2031
19:32:04:956,1.8963,1.1163,10.5753,45.1327,-0.1603,-0.1698,0.2567,285.4531
19:32:04:983,1.8484,0.3657,11.2804,45.1385,-0.4285,-0.0563,0.1086,285.4531
19:32:05:067,1.9263,-0.3059,12.4931,47.5592,-0.6232,0.0801,0.0513,284.6094
19:32:05:067,2.1513,-0.9786,13.173,47.6116,-0.6179,0.2193,0.0673,284.6094
19:32:05:068,2.5224,-1.2264,12.7708,45.5959,-0.4815,0.3184,0.1105,284.5
19:32:05:068,2.514,-1.23,11.5222,45.84,-0.3931,0.2995,0.0892,284.3906
19:32:05:085,1.9789,-1.1869,10.6771,44.286,-0.4703,0.0896,0.0649,284.3906
19:32:05:101,2.0029,-1.2659,11.4181,44.6583,-0.6373,-0.1245,0.1107,284.2812
19:32:05:116,2.3716,-1.667,12.7468,46.0366,-0.6541,-0.0571,0.1035,284.1719
19:32:05:135,2.3081,-1.9231,13.0509,45.8618,-0.3878,0.1155,0.0457,284.1094
19:32:05:155,2.9282,-2.2487,11.9651,45.2436,0,0.243,0.0188,283.9375
19:32:05:181,3.6932,-2.0153,9.9708,44.8449,0.2346,0.19,-0.0701,283.8594
19:32:05:198,4.2223,-1.6442,8.8419,45.0426,0.2024,-0.015,-0.3106,283.8281
19:32:05:215,4.0547,-1.6514,8.8431,43.8797,0.016,-0.0701,-0.6406,283.8438
19:32:05:235,3.1605,-1.752,8.8838,43.8949,-0.1023,0.0979,-0.8946,284.0469
19:32:05:255,2.0723,-1.5185,8.1404,44.0632,-0.134,0.2984,-0.9809,284.5781
19:32:05:281,1.445,-1.0373,7.2893,43.799,-0.1936,0.4068,-0.9367,285.4844
19:32:05:301,1.1505,-0.5549,7.0499,41.9394,-0.2716,0.3829,-0.8677,286.5312
19:32:05:318,0.9626,-0.2185,7.4245,42.7674,-0.2674,0.2691,-0.8073,287.0938
19:32:05:335,0.7088,-0.0377,7.6388,43.1757,-0.1473,0.2055,-0.7543,288.1719
19:32:05:355,0.4969,0.2029,7.3934,42.375,0.0072,0.1956,-0.6856,289.1875
19:32:05:380,0.3928,0.4112,6.911,42.4146,0.0985,0.1893,-0.627,290.0625
19:32:05:398,0.3185,0.6363,6.905,43.095,0.0975,0.1408,-0.5892,290.9219
19:32:05:415,0.2755,0.7955,7.4269,44.0593,0.0551,0.0564,-0.5599,291.7188
19:32:05:435,0.4454,0.9463,8.2122,42.1125,0.0384,-0.0275,-0.554,292.4062
19:32:05:459,0.6849,1.0756,9.2657,41.3876,0.0501,-0.0329,-0.6054,293.0938
19:32:05:480,0.4287,0.9691,9.9672,39.4388,0.0831,0.1083,-0.7037,293.7344
19:32:05:498,-0.7529,0.6506,10.7585,40.4902,0.0951,0.2604,-0.7175,294.3281
19:32:05:515,-1.841,0.1814,11.9759,40.9897,0.187,0.3008,-0.5055,295.0312
19:32:05:535,-1.9009,-0.0054,12.8833,39.8733,0.4298,0.1845,-0.1111,295.8281
19:32:05:555,-0.7732,0.1227,13.0306,40.6897,0.6951,0.0079,0.2444,296.6562
19:32:05:580,0.6573,0.2304,12.9192,40.9932,0.8384,-0.0883,0.3949,297.3438
19:32:05:601,1.2583,0.3238,12.6188,38.8768,0.8067,0.0494,0.3371,297.2656
19:32:05:616,0.7435,0.4076,11.9364,40.8059,0.5902,0.3312,0.2015,296.875
19:32:05:638,-0.2333,0.2915,12.116,39.5517,0.2072,0.4899,0.1429,296.4688
19:32:05:654,-0.5506,-0.3549,12.9061,40.949,-0.0985,0.5187,0.2207,296.1719
19:32:05:676,-1.1539,-0.9798,13.2712,40.6811,-0.1486,0.3861,0.3754,296
19:32:05:697,-1.61,-1.3366,13.1347,38.6099,0.0746,0.1307,0.6617,295.8125
19:32:05:716,-0.8977,-1.3797,12.3937,39.4455,0.5097,-0.0579,0.9787,295.4531
19:32:05:735,0.2395,-0.9379,10.5741,39.4455,0.9547,-0.1271,1.0905,294.875
19:32:05:756,0.9901,-0.4986,8.1679,40.4751,1.1263,-0.0755,0.9262,293.9844
19:32:05:780,1.0931,-0.0784,5.8264,41.0781,0.9247,-0.0006,0.5874,292.7969
19:32:05:797,0.6418,0.2041,4.7131,40.5338,0.4224,-0.096,0.2351,291.6406
19:32:05:815,0.4406,-0.0389,5.3009,39.7558,-0.183,-0.3149,-0.0275,290.7969
19:32:05:837,0.042,-0.4483,6.9038,38.6974,-0.6759,-0.5583,-0.1833,290.3906
19:32:05:855,-0.0107,-0.7548,9.043,39.8478,-0.8927,-0.8228,-0.1692,290.3125
19:32:05:881,0.5472,-0.6817,10.3598,41.3432,-0.7891,-0.8542,-0.0613,290.4531
19:32:05:900,0.8082,-0.2436,10.1599,39.7525,-0.489,-0.6694,-0.0208,290.7031
19:32:05:920,0.5999,0.0581,8.8084,40.6359,-0.2104,-0.3698,-0.0038,290.8594
19:32:05:936,0.1833,-0.0664,7.3144,39.0843,-0.0754,-0.1093,0.0692,290.9219
19:32:05:956,-0.3255,-0.3681,6.5447,38.9227,-0.0594,0.0276,0.2593,290.9531
19:32:05:983,-0.3806,-0.2951,6.4166,40.6325,-0.0921,0.1048,0.5781,290.9375
19:32:06:002,0.3197,0.2771,6.9373,40.6947,-0.0746,0.0502,0.8338,290.7812
19:32:06:020,1.4618,0.7775,7.4221,38.6688,0.0202,-0.0904,0.8748,289.9531
19:32:06:038,2.0974,1.3246,7.6041,39.9288,0.0485,-0.2259,0.7062,289
19:32:06:055,2.0807,1.5856,8.4301,40.1707,-0.0716,-0.2925,0.4154,288
19:32:06:082,1.4725,1.1929,9.9397,39.7753,-0.1699,-0.2153,0.1515,287.2031
19:32:06:100,0.4035,0.6973,10.6316,40.363,-0.1651,-0.0001,0.0489,286.7656
19:32:06:115,-0.1866,0.4759,10.7704,39.4055,-0.1462,0.1996,0.1448,286.5938
19:32:06:140,0.1953,0.6099,10.5406,40.4669,-0.1739,0.2209,0.2862,286.5469
19:32:06:155,1.044,0.4495,10.7118,40.3426,-0.335,-0.0422,0.307,286.3906
19:32:06:175,1.5707,-0.2101,12.784,39.2747,-0.5657,-0.3146,0.2705,286.0625
19:32:06:200,2.1405,-1.072,14.9028,41.0359,-0.5454,-0.1727,0.3248,285.7188
19:32:06:217,2.5835,-1.491,14.6502,40.8006,-0.2874,0.19,0.4167,285.4375
19:32:06:237,2.8935,-1.151,12.9779,42.4508,-0.0874,0.4031,0.5075,285.0625
19:32:06:257,3.4705,-0.7608,11.5545,42.3861,-0.0219,0.3384,0.5118,284.5938
19:32:06:275,4.2319,-0.4519,11.0458,41.1569,0.0168,0.0319,0.4039,284.0156
19:32:06:296,5.0674,-0.5417,10.9308,39.9793,0.0786,-0.3764,0.0977,283.4688
19:32:06:317,4.7813,-1.0253,11.1727,41.447,0.1076,-0.6419,-0.3463,283
19:32:06:342,4.0224,-2.0991,11.5043,41.5492,0.142,-0.5724,-0.6541,282.8906
19:32:06:355,3.8763,-2.7312,10.9512,42.1207,0.2269,-0.2355,-0.7511,283.25
19:32:06:377,4.3504,-2.6881,9.3279,42.6231,0.2171,0.0529,-0.8432,284
19:32:06:413,4.4976,-2.3385,8.1835,40.8462,-0.0168,0.2098,-1.0536,284.4219
19:32:06:417,2.6074,-1.497,8.4014,41.0924,-0.4384,0.4803,-1.3596,286.9688
19:32:06:435,1.4989,-1.1115,7.9333,42.4381,-0.3555,0.4953,-1.3343,286.9688
19:32:06:455,0.6932,-0.7153,7.318,41.0754,-0.2469,0.3602,-1.1892,289.9844
19:32:06:475,0.2802,-0.2735,7.2881,42.8242,-0.1566,0.1301,-1.0118,289.9844
19:32:06:499,0.0348,0.0078,7.5838,43.8123,-0.0328,-0.0701,-0.8536,291.4375
19:32:06:516,-0.1208,0.0796,7.6999,43.2467,0.1089,-0.146,-0.7162,292.7969
19:32:06:534,-0.2884,0.2005,7.4461,43.0575,0.1904,-0.068,-0.5868,293.9688
19:32:06:554,-0.4596,0.3849,7.0295,45.1184,0.1308,0.1288,-0.4627,294.8906
19:32:06:574,-0.6356,0.6518,7.0834,44.9262,-0.0405,0.267,-0.3401,295.7188
19:32:06:599,-0.7265,0.8972,7.9273,45.2673,-0.1878,0.2814,-0.1947,296.3906
19:32:06:614,-0.5901,1.2767,9.2896,44.1215,-0.196,0.1887,-0.0429,296.8906
19:32:06:635,0.0731,1.7723,10.6675,44.1566,-0.0266,0.0928,0.0399,297.2812
19:32:06:654,0.7148,2.0632,11.0374,43.8242,0.2256,0.1104,-0.0344,297.5
19:32:06:674,0.7256,2.1338,10.7908,45.559,0.3595,0.2375,-0.2054,297.5469
19:32:06:697,0.1701,2.0117,10.6112,44.4986,0.3502,0.3975,-0.35,297.5
19:32:06:717,-0.511,1.5317,10.7106,46.5011,0.2977,0.4777,-0.3844,297.5469
19:32:06:737,-0.7134,0.9439,10.8686,44.7949,0.285,0.4375,-0.2704,297.7812
19:32:06:755,-0.2465,0.3346,10.9967,46.2692,0.2786,0.315,-0.1034,298.1719
19:32:06:776,0.1055,-0.0162,11.0278,45.6089,0.1904,0.1754,0.0271,298.9219
19:32:06:799,0.1641,-0.1778,11.9065,46.2052,-0.0045,-0.0321,0.1405,298.9219
19:32:06:817,0.4395,-0.4016,13.3227,46.7565,-0.1872,-0.1359,0.2591,299.0312
19:32:06:835,0.4143,-0.8793,14.321,46.4576,-0.2453,-0.0611,0.3187,298.9375
19:32:06:858,-0.1016,-1.6011,14.3091,46.4996,-0.0692,0.0918,0.4189,298.7188
19:32:06:881,-0.1759,-1.91,12.5625,47.029,0.2658,0.2265,0.6306,298.3906
19:32:06:898,0.3604,-1.5401,9.9025,47.2283,0.506,0.1437,0.7922,297.9844
19:32:06:919,0.7687,-0.9906,8.0817,46.7468,0.4906,-0.1511,0.7627,297.3906
19:32:06:935,0.8788,-0.7129,7.4784,47.6242,0.2445,-0.3881,0.5954,296.5625
19:32:06:956,0.5915,-0.7608,7.8256,47.4138,-0.0748,-0.5378,0.4101,295.7031
19:32:06:974,0.0672,-0.7213,8.6779,46.9517,-0.3135,-0.5783,0.3259,294.9219
19:32:06:999,-0.0023,-0.6351,9.4321,48.4172,-0.3902,-0.448,0.3336,294.375
19:32:07:019,-0.0059,-0.4328,9.4105,48.7803,-0.2786,-0.2185,0.3501,294
19:32:07:039,0.0779,-0.1658,8.4121,47.94,-0.0642,-0.0358,0.3848,293.6406
19:32:07:055,0.5855,0.094,6.9864,49.3472,0.0834,0.0257,0.4093,293.25
19:32:07:120,1.0631,0.2101,6.0658,47.0543,0.0581,-0.1013,0.3445,292.8594
19:32:07:120,0.8297,-0.0533,6.4944,47.2357,-0.1031,-0.28,0.2615,292.4062
19:32:07:120,0.1725,-0.2795,7.9165,48.5552,-0.1768,-0.2986,0.3033,291.9531
19:32:07:138,-0.0466,-0.4758,8.727,48.3385,-0.0189,-0.1674,0.4396,291.625
19:32:07:158,0.3161,-0.313,8.2039,47.9392,0.2,-0.0121,0.5949,291.3438
19:32:07:174,1.2966,0.3418,7.4209,49.4489,0.2485,0.009,0.6575,290.9219
19:32:07:195,2.2842,0.8506,7.5658,49.9535,0.1555,-0.1788,0.5344,290.3438
19:32:07:214,2.4254,1.0553,8.5857,50.1697,0.0376,-0.4808,0.2735,289.625
19:32:07:238,1.9622,0.6782,9.9157,50.2504,-0.0405,-0.5509,0.042,288.9219
19:32:07:254,1.5659,0.2113,10.7309,48.1498,-0.0921,-0.2968,-0.0536,288.4531
19:32:07:275,1.6389,0.0054,10.7788,50.604,-0.1278,0.0287,-0.0491,288.2969
19:32:07:299,2.1597,-0.0162,10.6795,50.649,-0.167,0.1149,-0.0706,288.375
19:32:07:317,2.7151,-0.0748,10.8889,50.5808,-0.1947,-0.0012,-0.1713,288.4375
19:32:07:334,2.5966,-0.4172,11.211,50.0135,-0.2019,-0.1143,-0.3319,288.5156
19:32:07:359,1.9777,-1.0612,11.1571,52.5056,-0.2448,-0.0222,-0.3971,288.7031
19:32:07:373,1.3385,-1.4144,10.7405,50.7497,-0.3718,0.148,-0.3047,289.0938
19:32:07:397,0.7399,-1.4168,10.3898,52.3803,-0.542,0.1389,-0.0792,289.5625
19:32:07:414,1.4139,-0.9834,11.1439,51.0861,-0.746,-0.0992,0.2657,289.8906
19:32:07:441,3.4969,-0.7931,13.4412,51.4294,-0.8,-0.2883,0.3723,289.9062
19:32:07:465,4.1672,-1.2755,15.086,52.0398,-0.4631,-0.2787,0.1091,289.4844
19:32:07:478,2.678,-2.548,10.7525,53.1708,0.4916,0.1227,-0.1569,289.2188
19:32:07:501,3.267,-2.1961,8.3846,51.1501,0.4197,0.1333,-0.1473,289.2656
19:32:07:518,4.0906,-1.6777,7.7741,51.0117,0.074,-0.0278,-0.3228,289.4375
19:32:07:538,4.0308,-1.5556,8.8287,51.2796,-0.2573,-0.1333,-0.6664,289.5781
19:32:07:565,2.8349,-1.7627,9.6272,52.6009,-0.3404,-0.0108,-0.9628,289.8125
19:32:07:577,1.275,-1.8334,8.9868,51.9196,-0.2466,0.2066,-1.0376,290.3594
19:32:07:601,0.0707,-1.5473,7.7513,52.2653,-0.164,0.3693,-0.8728,291.2812
19:32:07:618,-0.2752,-0.847,6.7829,51.9227,-0.1204,0.3882,-0.5708,292.4844
19:32:07:638,0.2491,0.0521,6.4178,51.7001,-0.0597,0.2199,-0.3133,293.6094
19:32:07:665,1.0368,0.7679,6.4525,51.1855,0.0296,-0.0422,-0.232,294.4531
19:32:07:676,1.5252,1.0373,6.6811,52.0497,0.1041,-0.2451,-0.3463,295.0781
19:32:07:699,1.2702,1.0014,6.7434,52.0491,0.0855,-0.1961,-0.5764,295.3438
19:32:07:718,0.443,0.6171,6.7542,51.7456,-0.0605,0.1227,-0.7702,295.7344
19:32:07:737,-0.3782,0.3394,6.8392,54.0035,-0.2674,0.4793,-0.8073,296.3594
19:32:07:756,-0.6499,0.3933,7.6328,54.2209,-0.4791,0.5906,-0.685,297.25
19:32:07:776,-0.1304,0.6734,9.7625,53.0396,-0.5438,0.4287,-0.5042,298.1875
19:32:07:799,0.2599,0.6255,12.0441,52.9653,-0.3148,0.1815,-0.3668,298.9531
19:32:07:815,0.1234,0.319,13.3454,52.2319,0.118,0.1107,-0.1865,298.9531
19:32:07:834,-0.0992,0.1897,12.8031,52.2319,0.5111,0.2532,0.1152,299.5469
19:32:07:854,0.1366,0.3226,11.7988,54.1922,0.6474,0.3341,0.4567,299.9688
19:32:07:876,1.2044,0.5513,11.6347,53.692,0.53,0.2846,0.6948,300.1719
19:32:07:899,2.0879,0.7871,12.675,53.8056,0.3691,0.1895,0.6921,300.0469
19:32:07:916,1.8173,0.7021,13.513,52.2719,0.3902,0.2058,0.5195,299.5469
19:32:07:933,0.4143,0.5441,12.7265,54.6636,0.485,0.373,0.4282,298.75
19:32:07:953,-0.4859,0.8158,11.5833,54.2762,0.4083,0.5634,0.5504,298.0156
19:32:07:975,0.1976,0.7069,11.035,52.8213,0.2397,0.6082,0.6426,297.4219
19:32:08:000,0.7028,0.2771,10.8494,55.785,0.1436,0.3733,0.5464,296.9375
19:32:08:017,0.7351,-0.319,11.2948,54.1173,0.1912,-0.0688,0.3717,296.3438
19:32:08:037,0.3341,-1.0457,11.3235,53.9749,0.3619,-0.3021,0.2013,295.6094
19:32:08:054,0.2336,-1.9076,10.13,53.991,0.4695,-0.17,0.1227,294.9844
19:32:08:075,0.534,-2.2679,8.4397,53.4436,0.3614,0.0422,0.0788,294.5781
19:32:08:097,0.6849,-2.0668,7.5215,53.6363,0.0575,0.0252,-0.0419,294.25
19:32:08:116,0.3377,-1.9052,7.9716,53.4397,-0.2565,-0.1381,-0.1665,294.2031
19:32:08:134,0.0971,-1.8956,8.8096,55.6259,-0.3569,-0.2329,-0.1492,294.1719
19:32:08:154,0.0408,-1.4862,8.7761,53.4989,-0.2211,-0.2827,-0.0424,294.2969
19:32:08:174,0.3628,-1.0241,7.7549,52.3231,-0.0325,-0.3277,0.0844,294.5
19:32:08:200,1.1122,-0.5393,6.5854,52.8684,-0.012,-0.4148,0.1368,294.6094
19:32:08:218,1.3181,0.0114,6.6632,52.6166,-0.1742,-0.4789,0.0782,294.5781
19:32:08:236,1.1972,0.1502,7.3419,53.9635,-0.3015,-0.4574,-0.0094,294.4375
19:32:08:258,0.5915,-0.003,8.1931,52.41,-0.3132,-0.3202,-0.0584,294.3125
19:32:08:273,0.1929,-0.2197,8.4971,52.0923,-0.2189,-0.0733,0.0167,294.2812
19:32:08:294,0.2922,-0.0305,8.4169,53.4813,-0.1095,0.1568,0.1422,294.3438
19:32:08:314,0.7411,0.3262,8.0231,52.0892,-0.0546,0.2548,0.2085,294.375
19:32:08:334,1.0069,0.6255,8.1739,55.3204,-0.0863,0.193,0.1709,294.2969
19:32:08:354,0.9949,0.659,8.7952,53.8221,-0.1398,0.0894,0.0955,294.0781
19:32:08:375,0.953,0.5321,9.3758,53.2356,-0.1582,0.0143,0.042,293.8438
19:32:08:398,0.941,0.41,9.9923,53.2868,-0.1598,-0.072,-0.0041,293.7031
19:32:08:415,1.0631,0.1742,10.5873,51.8577,-0.1515,-0.1498,-0.047,293.625
19:32:08:435,1.2798,-0.2795,11.1595,52.1867,-0.1558,-0.2499,-0.101,293.6094
19:32:08:457,1.3732,-0.8865,11.8023,51.1543,-0.1723,-0.3362,-0.1463,293.6406
19:32:08:473,1.3971,-1.4838,12.4236,51.3304,-0.1891,-0.3495,-0.118,293.7031
19:32:08:495,1.615,-1.9483,12.6906,53.3122,-0.1633,-0.2227,0.0063,293.8594
19:32:08:514,2.1597,-1.9519,11.9556,52.3722,-0.1217,-0.0371,0.1136,293.9375
19:32:08:534,2.4913,-1.631,10.8447,52.044,-0.1518,0.01,0.1003,294.0938
19:32:08:558,2.9498,-1.473,10.4161,51.0903,-0.3321,-0.108,-0.0062,293.9375
19:32:08:573,3.1593,-1.6454,11.5761,51.7526,-0.538,-0.2944,-0.2091,293.875
19:32:08:594,2.4338,-2.2511,13.1575,51.1854,-0.5081,-0.3959,-0.4035,293.8125
19:32:08:615,1.8628,-2.9323,13.5393,49.9104,-0.2333,-0.2542,-0.4067,294.0625
19:32:08:634,2.35,-3.3046,11.8574,51.1528,0.0898,0.03,-0.2746,294.2812
19:32:08:653,3.4334,-2.8772,9.3782,51.3571,0.1973,0.0995,-0.2283,294.7812
19:32:08:674,4.1612,-2.2248,7.9956,50.0686,0.0139,-0.0712,-0.4216,295.1562
19:32:08:700,3.5184,-1.8274,8.1296,50.2568,-0.3033,-0.2156,-0.7527,295.4062
19:32:08:715,1.8736,-1.8393,8.8647,50.3172,-0.5009,-0.1152,-0.9532,295.75
19:32:08:733,0.3449,-1.6131,8.7569,47.9728,-0.4637,0.1267,-0.8816,296.4062
19:32:08:754,-0.2285,-1.1821,7.7202,48.9634,-0.3156,0.2987,-0.6406,297.375
19:32:08:774,-0.2776,-0.5979,6.6093,48.549,-0.1878,0.3205,-0.3923,298.4844
19:32:08:799,0.0456,0.0233,5.9401,49.5163,-0.0945,0.1972,-0.2256,299.3906
19:32:08:820,0.2802,0.3932,5.6768,47.531,-0.028,0.013,-0.1817,299.9688
19:32:08:838,0.2922,0.6315,5.6049,47.7094,-0.0125,-0.166,-0.2049,300.3125
19:32:08:853,-0.1519,0.7416,6.0335,48.9722,-0.0871,-0.2773,-0.2432,300.5469
19:32:08:874,-0.3902,0.6423,6.9792,48.0851,-0.2008,-0.2883,-0.2195,300.7344
19:32:08:899,-0.5039,0.7608,8.2781,46.7394,-0.3225,-0.2033,-0.1697,300.9844
19:32:08:917,-0.4332,0.8637,9.9923,46.7671,-0.3643,-0.108,-0.1119,301.25
19:32:08:937,0.1055,0.8876,11.3462,47.3607,-0.2535,-0.007,-0.0906,301.4688
19:32:08:954,0.4047,0.8697,12.0477,47.5757,-0.0874,0.0798,-0.1575,301.625
19:32:08:973,0.3126,0.4304,12.5637,46.9284,0.0123,0.2098,-0.2413,301.7344
19:32:08:998,-0.2297,-0.2472,12.9683,45.7218,0.0304,0.4532,-0.2262,301.9688
19:32:09:015,-0.7984,-0.8649,13.756,44.8693,0.077,0.6638,-0.0246,302.2656
19:32:09:033,-0.4656,-1.2444,13.853,45.4653,0.2786,0.7949,0.3083,302.5469
19:32:09:055,0.4347,-1.4515,13.015,45.9554,0.5286,0.8079,0.6085,302.625
19:32:09:074,1.4019,-1.4682,11.4719,45.894,0.6613,0.6886,0.7816,302.3281
19:32:09:099,1.8245,-1.09,10.282,44.5675,0.5484,0.3999,0.7914,301.6719
19:32:09:116,1.8245,-0.902,10.5214,44.1023,0.2171,0.0167,0.6961,300.8125
19:32:09:134,1.4881,-1.4335,12.1651,42.839,-0.1204,-0.2073,0.601,299.9688
19:32:09:190,0.7651,-2.3505,14.005,43.1099,-0.1731,-0.203,0.6476,299.1719
19:32:09:190,0.9614,-2.8353,14.2348,42.5123,0.1848,-0.0725,0.8665,299.1719
19:32:09:204,1.6988,-2.5696,12.2429,41.7864,0.7063,-0.0347,1.0125,297.7344
19:32:09:215,0.947,-1.4467,7.4329,41.5637,0.9944,-0.6688,0.8146,296.7812
19:32:09:233,0.3916,-1.1761,7.3168,41.6673,0.6626,-0.9101,0.7667,296.7812
19:32:09:253,0.9865,-1.157,8.5989,43.2454,0.2826,-0.8885,0.8063,294.5469
19:32:09:273,1.4773,-1.1821,9.6918,42.3195,0.0988,-0.7282,0.735,293.6562
19:32:09:300,1.0548,-1.0708,10.13,41.9848,0.1467,-0.558,0.6524,292.7656
19:32:09:317,0.8106,-1.0995,9.6416,43.0081,0.3417,-0.3983,0.662,291.8438
19:32:09:337,0.8489,-1.1103,8.399,42.3787,0.5489,-0.2776,0.7155,291.0469
19:32:09:357,0.9566,-0.7775,7.1791,42.4568,0.6429,-0.1958,0.7797,290.2969
19:32:09:372,1.269,-0.5249,6.5387,44.8914,0.6418,-0.1567,0.8047,289.5312
19:32:09:395,1.3684,-0.3896,6.3819,41.2165,0.6115,-0.0891,0.7781,288.6875
19:32:09:419,1.3157,-0.1993,6.0658,41.9163,0.5774,0.0476,0.7664,287.3438
19:32:09:438,1.4702,0.2711,5.6756,42.4936,0.5156,0.1469,0.7422,286.4062
19:32:09:458,1.8161,0.6913,5.6205,43.6127,0.42,0.1549,0.6295,285.5
19:32:09:471,1.7263,1.0229,5.8456,43.6883,0.2839,0.1528,0.4527,284.6406
19:32:09:492,1.4582,1.1235,6.0574,43.4557,0.1342,0.2143,0.3137,283.8125
19:32:09:514,1.2224,1.0828,6.2478,41.182,-0.0559,0.2396,0.2215,283.1719
19:32:09:534,1.2295,0.9475,6.6309,43.7102,-0.294,0.2375,0.1813,282.75
19:32:09:553,1.6581,0.8913,7.2797,42.1077,-0.6221,0.058,0.1296,282.4375
19:32:09:574,2.3835,0.6578,9.6224,43.6997,-1.0314,-0.2608,0.0095,282.2031
19:32:09:601,3.1772,-0.082,13.1562,42.6546,-1.2613,-0.309,-0.1647,282.0312
19:32:09:616,3.3508,-0.9176,15.3625,42.5791,-1.1998,-0.0057,-0.3378,281.9688
19:32:09:634,3.2083,-1.8537,15.2548,41.952,-1.037,0.4178,-0.4209,282.1094
19:32:09:653,2.842,-2.5911,13.926,44.9411,-1.0242,0.7877,-0.4089,282.4688
19:32:09:674,2.4374,-2.7934,12.8881,42.9096,-1.2117,1.013,-0.3346,282.6875
19:32:09:700,1.718,-2.4116,13.3885,43.642,-1.4019,1.0249,-0.2786,283.2031
19:32:09:720,0.5807,-2.311,14.7281,43.267,-1.2882,0.9229,-0.1457,283.7344
19:32:09:734,0.619,-2.7084,15.2236,43.865,-0.7521,0.8108,0.1214,284.1719
19:32:09:753,1.5384,-3.1837,13.094,43.3141,0.0493,0.5136,0.3714,284.5312
19:32:09:774,2.6457,-2.9143,10.0749,43.3459,0.5499,-0.0707,0.5161,284.75
19:32:09:800,3.6178,-2.2751,8.8072,44.9347,0.5611,-0.7037,0.4215,284.6562
19:32:09:818,3.6058,-1.9818,9.4788,45.6774,0.388,-1.0326,0.1549,284.2969
19:32:09:834,3.2072,-2.0572,10.1384,44.5353,0.392,-0.9048,-0.08,283.7031
19:32:09:853,2.4338,-1.7376,9.146,43.7168,0.5816,-0.5466,-0.2291,283.1875
19:32:09:874,1.9945,-1.248,6.9529,44.6669,0.6892,-0.2017,-0.3101,282.9531
19:32:09:894,1.7467,-0.7871,5.2207,45.8585,0.5457,-0.0172,-0.3969,283.0938
19:32:09:916,1.5947,-0.349,4.7095,44.5775,0.2378,0.0281,-0.4869,283.375
19:32:09:934,1.4893,-0.0569,5.6253,46.8542,-0.0301,0.0209,-0.5705,283.75
19:32:09:953,1.2559,-0.0221,6.7506,46.8542,-0.0573,-0.0121,-0.6379,284.25
19:32:09:973,0.8058,0.0018,7.1779,44.7321,0.0914,-0.0424,-0.6416,284.8438
19:32:09:993,0.6609,0.2161,6.8882,43.6677,0.2136,-0.0595,-0.5628,285.5469
19:32:10:017,0.6717,0.4663,6.9026,45.6884,0.1912,-0.113,-0.481,286.25
19:32:10:035,0.7531,0.7679,7.6711,43.796,0.0956,-0.1525,-0.4272,286.9375
19:32:10:053,0.7375,1.0636,8.6623,45.4304,0.0453,-0.1951,-0.4499,287.5312
19:32:10:073,0.5304,1.09,9.547,44.5704,-0.0088,-0.1695,-0.5287,288.0156
19:32:10:093,0.2874,0.8242,10.2653,43.7567,-0.1369,-0.0326,-0.5865,288.5
19:32:10:118,-0.0502,0.3478,11.545,44.9948,-0.3193,0.1227,-0.6003,289.0469
19:32:10:138,-0.8881,-0.3047,13.5369,44.5307,-0.3452,0.345,-0.505,289.6719
19:32:10:154,-1.61,-1.0181,14.3629,45.3577,-0.0764,0.5791,-0.2344,290.3594
19:32:10:173,-1.6902,-1.4096,13.3873,44.2435,0.2911,0.6899,0.1512,291.0312
19:32:10:193,-1.3011,-1.5185,11.4851,44.965,0.4839,0.6063,0.5177,291.5
19:32:10:215,-0.6415,-1.4108,10.2569,44.6839,0.3561,0.2976,0.7717,291.5625
19:32:10:234,0.1761,-1.4467,10.6483,45.1179,-0.0309,-0.1152,0.8775,291.1719
19:32:10:253,0.5029,-1.8645,13.2448,45.9195,-0.3965,-0.4299,0.8814,290.4219
19:32:10:274,-0.0298,-2.9,15.5672,45.5155,-0.3087,-0.3402,0.9193,289
19:32:10:293,-0.8833,-3.4937,14.7005,45.0656,0.2155,-0.0323,1.1725,287.9844
19:32:10:318,-0.8199,-2.8222,11.8371,44.7647,0.6437,0.299,1.5787,286.9219
19:32:10:334,0.06,-1.6418,9.1986,46.2088,0.7332,0.455,1.8024,285.6406
19:32:10:352,0.364,-0.914,7.895,46.6657,0.6093,0.357,1.7331,283.8281
19:32:10:373,0.3233,-0.6662,7.5682,46.4149,0.4237,0.1102,1.5755,281.7656
19:32:10:393,0.212,-0.3968,8.0662,47.2443,0.2557,-0.1647,1.4357,279.875
19:32:10:418,0.285,-0.3585,8.8766,46.7416,0.1771,-0.3705,1.3062,278.0781
19:32:10:435,0.1294,-0.4244,9.4165,47.0662,0.1846,-0.46,1.1901,276.4375
19:32:10:457,-0.122,-0.5453,9.6942,46.3067,0.2381,-0.4395,1.1699,275.0312
19:32:10:473,-0.0945,-0.568,9.8008,46.4255,0.3286,-0.3269,1.2341,273.6562
19:32:10:494,0.2443,-0.4627,9.4105,45.9524,0.4639,-0.1452,1.3235,272.3281
19:32:10:516,0.6489,-0.1718,8.4756,47.9577,0.5928,0.0052,1.3672,270.9062
19:32:10:539,0.9746,0.1323,7.5909,45.4567,0.6621,0.0987,1.3579,269.4688
19:32:10:552,1.1302,0.3753,6.8463,48.3481,0.6805,0.1498,1.3116,267.8906
19:32:10:573,1.1206,0.6447,6.2909,45.9482,0.6458,0.1477,1.2506,266.3125
19:32:10:594,1.3289,0.8601,5.9689,46.6291,0.5713,0.0718,1.172,264.875
19:32:10:617,1.5791,1.0217,6.48,48.0474,0.2333,-0.3567,0.8577,263.4219
19:32:10:634,1.6306,0.896,7.6807,46.2412,0.012,-0.4797,0.6948,263.4219
19:32:10:653,1.4869,0.6219,9.067,47.415,-0.1364,-0.447,0.5613,262.0625
19:32:10:672,1.3433,0.4615,10.1767,47.1391,-0.1739,-0.2803,0.5019,259.9688
19:32:10:694,1.5396,0.4423,10.4125,49.1027,-0.1382,-0.1383,0.4647,258.5938
19:32:10:718,1.955,0.4663,10.1839,47.9134,-0.1816,-0.1343,0.3946,258.3438
19:32:10:733,2.3835,0.3514,10.6555,47.379,-0.3065,-0.3058,0.2788,258.0625
19:32:10:752,2.4805,-0.0054,11.5881,47.5709,-0.3555,-0.4691,0.1461,257.3125
19:32:10:772,2.6397,-0.5381,11.9388,49.344,-0.327,-0.431,0.0468,256.9531
19:32:10:793,3.267,-0.665,11.3857,49.9275,-0.3113,-0.2563,-0.0437,256.75
19:32:10:817,3.941,-0.562,10.2605,47.7264,-0.3518,-0.1554,-0.2419,256.7031
19:32:10:834,4.2319,-0.4579,8.9496,48.7398,-0.4724,-0.1439,-0.5471,256.6875
19:32:10:853,4.0906,-0.4974,7.5742,49.4246,-0.787,-0.1381,-0.8944,256.7812
19:32:10:872,3.3843,-1.1079,8.0889,49.7597,-1.3406,-0.2398,-1.1721,257.0625
19:32:10:892,2.2686,-1.898,11.7892,49.0792,-1.7566,-0.2318,-1.2323,257.7344
19:32:10:916,1.2918,-2.548,15.3913,49.7422,-1.5614,0.1243,-1.0882,258.8125
19:32:10:934,1.0057,-3.0436,15.6091,50.2512,-0.8213,0.6026,-0.79,260.1719
19:32:10:952,1.6102,-2.6426,12.3351,48.8074,-0.1436,0.8401,-0.4557,261.7031
19:32:10:972,2.6206,-1.6574,9.6428,50.0331,0.0682,0.6436,-0.3487,263.0625
19:32:10:993,2.9426,-1.0995,8.7246,49.2997,0.0035,0.311,-0.5045,264.0156
19:32:11:014,2.4039,-0.8853,8.6935,48.8201,-0.0679,0.1834,-0.7239,264.5625
19:32:11:032,1.5168,-1.0936,8.1691,50.0243,-0.0474,0.2588,-0.8621,264.9844
19:32:11:052,0.6765,-1.0109,7.227,49.4049,-0.0541,0.4052,-0.8611,265.5625
19:32:11:074,0.394,-0.7751,6.7015,50.9843,-0.1198,0.4268,-0.7897,266.3594
19:32:11:098,0.2575,-0.568,6.8595,48.789,-0.1814,0.3229,-0.7141,267.3594
19:32:11:116,0.2539,-0.3394,7.4712,50.4171,-0.18,0.1807,-0.6563,268.375
19:32:11:133,-0.1459,-0.3944,7.9393,50.3322,-0.1281,0.0966,-0.6118,269.25
19:32:11:152,-0.8714,-0.4447,8.5762,50.2587,-0.086,0.1152,-0.472,270.4531
19:32:11:173,-1.2796,-0.2604,9.0263,51.3137,0.0104,0.1823,-0.22,271.2031
19:32:11:250,-1.0306,0.1646,9.1508,49.5182,0.1617,0.152,0.0649,271.8125
19:32:11:251,-0.4344,0.92,9.2968,51.2522,0.2802,0.0566,0.2777,272.2188
19:32:11:251,0.4993,1.5544,9.5242,50.732,0.3926,-0.0526,0.3355,272.3281
19:32:11:252,0.6813,1.8513,9.462,51.3957,0.4581,-0.2369,0.2034,272.125
19:32:11:275,0.1952,1.4312,9.9672,50.4839,0.481,-0.5871,0.0663,271.7344
19:32:11:300,-0.6164,0.6985,11.3474,51.0676,0.6354,-1.0947,0.0881,271.3906
19:32:11:316,-0.7026,0.0114,12.4272,51.4449,0.8488,-1.2848,0.2966,271.2344
19:32:11:333,0.1845,-0.4639,12.3446,51.5236,0.8802,-0.8568,0.5446,271.1562
19:32:11:352,1.3792,-0.4675,11.4516,50.9652,0.6194,-0.0683,0.6753,270.9062
19:32:11:373,2.1441,-0.3849,10.8937,51.9517,0.1726,0.6745,0.6157,270.3594
19:32:11:392,1.3947,-0.2771,11.035,51.0647,-0.1702,1.0244,0.5001,269.625
19:32:11:415,0.3892,-0.4555,11.6826,52.2803,-0.2021,0.9067,0.523,268.8281
19:32:11:433,-0.1268,-0.7739,11.6539,52.585,-0.0117,0.6436,0.6865,268.1875
19:32:11:453,-0.043,-0.8757,11.0458,51.6283,0.1531,0.2979,0.919,267.6562
19:32:11:472,0.953,-0.7703,11.4755,52.9743,0.1228,0.0316,1.1017,266.9688
19:32:11:493,2.119,-0.835,12.6846,53.6122,0.1396,0.1573,1.0434,266.0469
19:32:11:519,1.9825,-1.3677,11.2169,51.572,0.3446,0.4971,0.7944,264.8594
19:32:11:535,1.3887,-1.7998,8.4756,51.7396,0.3497,0.606,0.6215,263.6562
19:32:11:552,1.0655,-1.795,7.0187,52.5777,0.0655,0.4622,0.528,262.1562
19:32:11:577,0.5699,-1.3713,7.4473,53.159,-0.2847,0.1232,0.4726,261.4375
19:32:11:601,0.7303,-1.3665,9.0311,52.4662,-0.4248,-0.1301,0.4644,260.8438
19:32:11:618,0.7232,-1.2013,9.5039,51.1756,-0.2895,-0.1671,0.4372,260.3125
19:32:11:636,0.6944,-0.9643,8.6695,52.7633,-0.0756,-0.0853,0.4548,259.7812
19:32:11:657,0.9602,-0.501,7.3515,52.6172,0.0485,-0.0132,0.4689,259.3125
19:32:11:672,0.8704,0.1119,6.243,53.4299,0.0277,-0.0973,0.4332,258.7969
19:32:11:692,0.2348,1.3725,6.4345,52.4064,-0.0522,-0.2981,0.4543,258.25
19:32:11:717,0.4407,2.3373,6.9972,52.0312,-0.0333,-0.5303,0.4756,257.7812
19:32:11:734,0.935,2.3134,7.646,52.5518,-0.0264,-0.6627,0.3288,257.2656
19:32:11:751,0.9973,1.5784,8.7042,53.5555,-0.1193,-0.4776,0.136,256.7344
19:32:11:775,0.6238,0.7823,10.0354,54.5709,-0.179,-0.1335,-0.0065,256.3594
19:32:11:800,-0.2261,0.0413,10.7022,52.4981,-0.1127,0.1312,-0.0414,256.2188
19:32:11:817,-0.8139,-0.4615,10.956,54.4763,0.0256,0.251,0.1046,256.2344
19:32:11:833,-0.0633,-0.6722,11.0494,53.3652,0.1782,0.2244,0.3291,256.2812
19:32:11:852,1.1469,-0.7907,11.466,53.326,0.2642,0.1216,0.4039,256.1719
19:32:11:873,1.6282,-1.0936,12.0046,53.0955,0.3124,0.1445,0.3224,255.7812
19:32:11:891,1.5444,-1.7962,11.6742,52.7271,0.3822,0.307,0.229,255.3125
19:32:11:917,1.1493,-2.2631,10.8674,52.7383,0.4056,0.3858,0.2079,255.1094
19:32:11:936,0.9506,-2.4583,10.531,53.7899,0.343,0.3568,0.2801,254.7969
19:32:11:952,0.8417,-2.4942,10.5095,53.5215,0.261,0.2686,0.4029,254.5625
19:32:11:973,1.3289,-3.0041,10.124,53.2571,0.1806,0.128,0.5432,254.2656
19:32:11:993,1.876,-3.3106,10.0773,52.8865,-0.0077,0.0295,0.6479,253.6406
19:32:12:017,2.2363,-2.6701,9.9696,53.7719,-0.4906,0.169,0.6258,253.0156
19:32:12:036,1.9693,-2.1781,10.2868,51.9494,-0.6962,0.0702,0.5584,252.2656
19:32:12:052,1.9885,-1.6179,11.5665,51.9494,-0.7657,-0.129,0.5004,251.5156
19:32:12:072,1.8173,-1.2133,13.161,52.1281,-0.6189,-0.2017,0.4287,250.8125
19:32:12:091,1.8664,-0.8278,13.5082,51.8634,-0.2471,-0.047,0.3981,249.6094
19:32:12:117,2.3847,-0.6051,11.8766,52.3207,0.1654,0.1448,0.3395,249.6094
19:32:12:135,2.4937,-0.1957,9.5949,51.7072,0.3617,0.1943,0.2122,249.1562
19:32:12:151,2.5918,0.1155,8.1883,51.3697,0.319,0.1006,0.0428,248.7031
19:32:12:171,2.6792,0.1478,7.7813,51.976,0.159,-0.0457,-0.1742,248.3125
19:32:12:191,2.1776,0.0245,8.1308,50.9127,0.0157,-0.1258,-0.3963,248.0781
19:32:12:214,1.2523,-0.1945,8.4457,49.1344,-0.0261,-0.031,-0.5042,248.0312
19:32:12:232,0.4586,-0.3083,8.2074,51.5205,0.0344,0.1786,-0.4605,248.2188
19:32:12:252,0.0827,-0.2963,7.3503,50.0521,0.1036,0.3267,-0.3226,248.6562
19:32:12:271,0.0456,-0.0245,6.9146,50.9639,0.1081,0.3536,-0.1766,249.2344
19:32:12:291,0.1438,0.2173,7.0331,50.8085,0.0993,0.3056,-0.0824,249.7656
19:32:12:321,0.3066,0.3466,7.4449,49.2336,0.1196,0.2753,-0.0315,250.125
19:32:12:331,0.3999,0.4914,7.6137,49.7758,0.1758,0.2747,-0.0211,250.3125
19:32:12:354,0.7112,0.8266,7.877,50.1988,0.192,0.2199,-0.0278,250.4062
19:32:12:370,0.9219,1.2348,8.7581,51.1038,0.1782,0.1458,-0.1109,250.4375
19:32:12:391,0.4909,1.2564,9.2477,48.9044,0.2149,0.0691,-0.2328,250.4688
19:32:12:413,-0.2058,1.0289,9.4117,49.5737,0.22,-0.0331,-0.2509,250.5312
19:32:12:432,-0.5374,0.8517,10.0641,48.575,0.1659,-0.1183,-0.1306,250.7344
19:32:12:451,-0.1962,0.6949,11.1415,50.8887,0.1659,-0.1439,0.0457,251.0156
19:32:12:472,0.7866,0.4052,11.8754,49.107,0.2906,-0.0933,0.1046,251.2656
19:32:12:492,0.6178,0.2101,11.3379,49.0521,0.3899,0.0034,-0.0515,251.3125
19:32:12:516,-0.8774,-0.3071,10.8506,49.7349,0.3228,0.0947,-0.1183,251.2031
19:32:12:536,-2.0757,-0.9116,10.5202,48.7752,0.1561,0.1799,0.2314,251.1562
19:32:12:552,-1.0126,-0.3621,10.7214,49.0244,0.0405,0.1344,0.8721,251.2969
19:32:12:572,4.2283,2.9574,9.9588,47.732,-0.0197,0.0665,1.0596,251.2969
19:32:12:591,8.7868,5.3624,8.6683,47.3858,-0.5271,0.3749,0.0111,250.6875
19:32:12:615,4.7921,1.2336,9.7936,46.971,-1.1915,0.7435,-1.1833,249.4375
19:32:12:635,-2.612,-0.9702,11.952,47.9936,-1.3052,0.6002,-1.3098,248.6562
19:32:12:652,-5.8549,-2.724,14.8657,46.8596,-0.9566,0.3368,-0.4717,249.3438
19:32:12:676,-4.0868,-3.1178,15.5529,47.5954,0.0988,-0.0856,0.388,250.9062
19:32:12:691,-1.8063,-2.2511,11.6419,45.8661,1.0682,-0.5343,0.785,251.9688
19:32:12:712,-0.4572,-1.3438,8.5474,46.7681,1.2136,-0.7799,0.7707,251.9531
19:32:12:735,0.0779,-0.8781,7.2438,45.128,0.8128,-0.7764,0.5906,251.2344
19:32:12:751,0.5257,-0.817,7.3407,46.6512,0.2378,-0.5218,0.4279,250.3438
19:32:12:773,0.5532,-0.8637,7.9764,46.5445,-0.187,-0.1508,0.2852,249.5938
19:32:12:792,0.376,-0.8326,8.1715,44.3233,-0.3148,0.161,0.2066,249.0625
19:32:12:816,0.3808,-0.7955,7.6424,45.7326,-0.2131,0.2862,0.1975,248.5312
19:32:12:835,0.7663,-0.6686,6.4417,44.3836,-0.0482,0.0518,0.1967,248.2812
19:32:12:852,1.056,-0.3789,6.3627,44.3233,-0.0538,-0.4371,0.1033,248.0625
19:32:12:872,0.5675,-0.495,7.6328,45.2646,-0.1606,-0.6387,-0.0302,247.8438
19:32:12:892,-0.201,-0.8637,8.8491,43.6,-0.2011,-0.3759,-0.0555,247.7656
19:32:12:918,-0.6798,-0.9619,8.7761,42.9255,-0.1619,0.0774,0.0745,247.7344
19:32:12:935,-0.5829,-0.5908,8.0399,43.7803,-0.151,0.2974,0.2721,247.8281
19:32:12:951,0.1342,-0.0629,7.986,44.4919,-0.1933,0.1701,0.3906,247.8438
19:32:12:972,0.6322,0.3585,8.9927,44.779,-0.1981,-0.0877,0.3904,247.625
19:32:12:992,0.7148,0.3406,9.9863,41.2341,-0.0836,-0.3133,0.3248,247.25
19:32:13:016,0.4191,0.0616,10.4005,41.3728,0.0482,-0.3756,0.2955,246.7812
19:32:13:033,0.2216,-0.1454,10.446,41.7595,0.0852,-0.2542,0.3523,246.375
19:32:13:051,0.5783,-0.1933,10.5131,41.6032,0.0085,-0.1567,0.4189,246.0625
19:32:13:071,1.1661,-0.3944,10.9704,43.4571,-0.1121,-0.1993,0.4079,245.6875
19:32:13:091,1.5527,-0.7452,11.9723,41.7814,-0.2186,-0.3005,0.3653,245.25
19:32:13:118,1.7323,-1.0241,13.3035,40.8601,-0.2075,-0.2819,0.3619,244.7656
19:32:13:136,1.9957,-1.3282,13.1982,41.2927,-0.025,-0.0859,0.3853,244.3594
19:32:13:153,2.4937,-1.3605,11.4779,42.1883,0.0969,0.0465,0.3992,243.9531
19:32:13:171,3.2251,-1.1702,10.3431,41.8747,0.0128,0.0121,0.3059,243.5312
19:32:13:192,3.2299,-0.9092,10.0605,41.1201,-0.2176,-0.0358,0.0601,243.0938
19:32:13:220,2.5763,-1.0026,10.7621,40.5748,-0.4655,-0.0036,-0.2054,242.6719
19:32:13:240,1.7922,-1.3054,11.7652,41.5766,-0.5481,0.128,-0.3628,242.4531
19:32:13:253,1.1793,-1.5808,12.0537,41.0441,-0.4133,0.3245,-0.387,242.6875
19:32:13:316,1.0212,-1.7531,11.2074,42.1481,-0.1747,0.4891,-0.3202,243.125
19:32:13:316,1.3684,-1.6729,9.7361,40.5268,0.0117,0.4953,-0.2576,243.5781
19:32:13:317,1.8748,-1.74,8.7557,40.9865,0.0772,0.2492,-0.2909,243.9375
19:32:13:331,2.1752,-1.8382,8.6121,41.1118,0.0573,-0.0371,-0.3969,244.25
19:32:13:351,2.022,-1.7675,8.5522,40.7595,0.0059,-0.1229,-0.53,244.5781
19:32:13:371,1.3804,-1.564,8.2553,39.953,-0.0794,-0.019,-0.636,245.0312
19:32:13:392,0.6406,-1.3557,7.8699,39.5773,-0.1702,0.1203,-0.6544,245.6094
19:32:13:417,0.9063,-0.9702,7.7944,40.7312,-0.1936,0.1597,-0.5524,246.3438
19:32:13:438,1.1541,-0.683,8.454,40.2445,-0.1143,0.0199,-0.6241,247.0938
19:32:13:455,0.2336,-0.1802,8.9927,39.7847,0.1172,-0.0933,-0.6986,247.75
19:32:13:470,-0.6954,0.1933,8.5414,40.5547,0.4767,-0.1905,-0.6446,248.375
19:32:13:490,-0.8738,0.5764,6.9732,41.3184,0.6836,-0.1799,-0.481,249.0938
19:32:13:510,-0.1914,1.23,5.976,41.365,0.5438,-0.1274,-0.3266,249.8594
19:32:13:535,0.6202,1.8034,6.4896,40.0014,0.1577,-0.0307,-0.2999,250.5938
19:32:13:552,1.0524,1.7867,8.1416,38.9305,-0.196,0.1381,-0.3663,251.125
19:32:13:571,0.6106,1.473,9.8834,40.1292,-0.3505,0.2947,-0.3987,251.4844
19:32:13:590,-0.1316,1.0074,11.2229,38.9009,-0.2581,0.4169,-0.2643,251.8125
19:32:13:610,-0.7002,0.6877,11.7137,39.4777,-0.0029,0.3871,0.0516,252.2344
19:32:13:634,-0.4644,0.6674,11.8993,40.59,0.253,0.1288,0.4335,252.7031
19:32:13:651,0.6442,0.6746,12.596,41.0691,0.4341,-0.2171,0.6817,252.9375
19:32:13:670,1.439,0.507,13.2245,40.1312,0.5667,-0.3799,0.6932,252.7344
19:32:13:691,1.3121,0.1574,13.0964,39.7847,0.6266,-0.2198,0.5672,252.0625
19:32:13:718,0.449,-0.1287,11.9735,39.3082,0.5566,0.1967,0.4553,251.2812
19:32:13:735,-0.5709,-0.2675,10.8087,38.9837,0.3241,0.5235,0.4495,250.5625
19:32:13:752,-0.8391,-0.3956,10.1659,39.8169,0.0131,0.6425,0.5608,249.9844
19:32:13:770,-0.2297,-0.5405,10.2653,39.636,-0.253,0.3565,0.6481,249.5
19:32:13:792,0.8273,-0.7847,11.958,39.3207,-0.3715,-0.3002,0.5952,248.9219
19:32:13:810,1.2307,-1.1426,14.163,40.321,-0.1915,-0.7013,0.4074,248.1875
19:32:13:834,0.8692,-1.8214,14.0996,40.0856,0.2735,-0.4864,0.2007,247.4531
19:32:13:853,0.0564,-2.2176,10.962,40.7774,0.6277,0.0121,0.1272,246.9062
19:32:13:871,-0.1112,-2.1566,7.8028,38.979,0.5715,0.2992,0.1469,246.5781
19:32:13:891,-0.1663,-1.916,6.2071,39.4626,0.2594,0.238,0.1438,246.4062
19:32:13:912,-0.213,-1.6275,6.0814,39.4732,-0.0642,-0.0901,0.1366,246.2656
19:32:13:934,-0.14,-1.4203,6.9852,39.9118,-0.2634,-0.4355,0.1376,246.0781
19:32:13:952,-0.1663,-1.0876,7.8615,40.3026,-0.3007,-0.5953,0.1512,245.9219
19:32:13:974,-0.2645,-0.7739,8.4014,40.6336,-0.2437,-0.5871,0.2069,245.8438
19:32:13:993,-0.2417,-0.5249,8.5271,39.9506,-0.1441,-0.4302,0.3145,245.7031
19:32:14:017,-0.0897,-0.3454,8.3942,39.2908,-0.0354,-0.2193,0.4338,245.5625
19:32:14:035,0.0863,-0.1538,7.8734,40.4921,0.0714,-0.0603,0.5547,245.3438
19:32:14:051,0.1605,0.1694,7.3994,37.9477,0.1214,-0.0044,0.6647,245
19:32:14:071,0.4323,0.495,7.3431,40.1353,0.13,-0.0262,0.7629,244.5156
19:32:14:091,0.9686,0.7596,7.5862,38.2895,0.1188,-0.0632,0.801,243.5156
19:32:14:118,1.3397,0.9954,8.0399,39.3637,0.0687,-0.0936,0.7491,242.7344
19:32:14:137,1.5791,1.0457,9.1388,38.4418,-0.0264,-0.0776,0.6375,241.8125
19:32:14:155,1.5551,0.8865,10.2641,38.4418,-0.0823,0.0356,0.5099,240.9219
19:32:14:171,1.1733,0.6219,11.1331,40.2054,-0.0346,0.1458,0.422,240.1562
19:32:14:191,0.8537,0.4411,11.363,38.6125,0.1316,0.2265,0.4276,239.5
19:32:14:212,1.2271,0.404,10.6088,39.6828,0.3023,0.1602,0.4583,238.9844
19:32:14:235,1.8029,0.2927,9.8918,39.3082,0.3417,-0.1109,0.3981,238.5
19:32:14:251,2.0998,-0.2125,10.1599,39.3428,0.1989,-0.4036,0.2641,238
19:32:14:271,1.6904,-1.2827,11.4193,39.355,0.0027,-0.4819,0.1898,237.4844
19:32:14:291,1.3852,-2.0321,12.6104,38.5769,-0.0618,-0.3479,0.3355,237.1094
19:32:14:312,1.8927,-1.88,12.4392,39.8326,0.0469,-0.1141,0.5696,236.8906
19:32:14:337,2.7115,-0.9918,10.9512,38.7958,0.1145,-0.006,0.6404,236.6406
19:32:14:351,3.2981,-0.4352,9.8559,38.5189,-0.0008,-0.1442,0.486,236.125
19:32:14:370,3.5184,-0.2699,10.2868,39.8946,-0.2517,-0.3732,0.2319,235.4219
19:32:14:392,3.1054,-0.6602,11.8083,40.1231,-0.3672,-0.3634,-0.0517,234.75
19:32:14:419,2.0615,-1.2635,12.0118,39.822,-0.2029,-0.088,-0.1977,234.3438
19:32:14:437,1.6892,-1.4455,10.5849,39.0036,0.0322,0.164,-0.118,234.2812
19:32:14:458,2.6062,-1.0756,9.0801,39.4215,0.142,0.0971,-0.0496,234.4688
19:32:14:470,3.4909,-0.6877,8.2733,39.0194,0.1039,-0.1801,-0.1969,234.6719
19:32:14:490,3.4825,-0.6375,8.1021,38.528,-0.0727,-0.3453,-0.4682,234.7344
19:32:14:511,2.7498,-0.7045,8.466,38.9785,-0.2567,-0.2747,-0.6976,234.9844
19:32:14:534,1.864,-0.7416,8.3319,39.3043,-0.3071,-0.0875,-0.8046,235.5312
19:32:14:552,1.1122,-0.574,7.7226,40.3632,-0.3206,0.0676,-0.7961,236.3594
19:32:14:570,0.8177,-0.2256,7.3372,41.0549,-0.3412,0.1626,-0.7231,237.25
19:32:14:595,0.7687,0.0341,7.1444,40.2166,-0.3305,0.1616,-0.6725,239.0156
19:32:14:619,0.6118,0.1095,7.1839,39.7843,-0.2786,0.0747,-0.6275,239.7656
19:32:14:636,0.7088,0.5333,8.1308,40.3959,-0.1044,-0.0867,-0.3058,240.5
19:32:14:654,1.9083,1.0744,8.6073,40.2162,0.0253,-0.1109,-0.0885,241.1094
19:32:14:673,3.3113,1.7651,8.9413,40.4272,0.1228,-0.1101,-0.1194,241.4688
19:32:14:698,3.6465,2.0261,9.1951,41.596,0.1462,-0.1061,-0.4429,241.4688
19:32:14:718,2.6673,1.5724,9.5877,38.1945,0.0615,-0.0771,-0.8022,241.6875
19:32:14:735,1.032,0.8254,10.7549,40.7229,-0.0256,-0.0001,-0.9229,242.1875
19:32:14:752,-0.2824,0.1778,11.7892,39.7755,0.0455,0.1538,-0.7548,243.0625
19:32:14:771,-0.8558,0.0162,12.0513,40.414,0.1915,0.3389,-0.3806,244.125
19:32:14:794,-0.1543,0.3406,11.7066,40.712,0.2834,0.446,-0.0128,244.9688
19:32:14:818,0.6765,0.6542,11.5761,39.6601,0.2535,0.4715,0.1152,244.9688
19:32:14:834,0.4454,0.2221,11.782,40.2085,0.1843,0.463,0.0633,245.3906
19:32:14:851,-0.7804,-0.5357,12.0884,39.9016,0.1595,0.4564,0.0966,245.3906
19:32:14:870,-2.0793,-0.9056,12.2249,38.2798,0.1838,0.3751,0.3398,245.2344
19:32:14:890,-1.8638,-1.1307,12.5493,41.0512,0.2131,0.2641,0.7179,245.1406
19:32:14:912,-0.9037,-1.078,12.754,41.4828,0.236,0.222,0.9733,244.6094
19:32:14:933,-0.3075,-1.048,12.9396,39.9181,0.2653,0.0809,1.0487,244.25
19:32:14:954,-0.2046,-1.2348,13.3322,41.5815,0.3625,0.0201,1.058,243.2344
19:32:14:972,-0.1986,-1.5006,12.5469,42.0168,0.6003,0.2239,1.078,242.0938
19:32:14:990,-0.0705,-1.558,10.1851,40.5489,0.8037,0.4553,1.1139,240.8906
19:32:15:012,0.3892,-1.1785,8.0051,42.4688,0.7907,0.4644,1.1342,239.6406
19:32:15:034,1.0715,-0.4794,7.2809,42.3727,0.6386,0.1631,1.0593,238.4219
19:32:15:050,1.7479,0.2388,7.8938,41.2023,0.5252,-0.2664,0.8676,237.75
19:32:15:070,1.7263,0.428,8.4145,40.7782,0.4967,-0.5844,0.5898,236.4219
19:32:15:090,1.1015,0.2855,8.4325,43.0408,0.432,-0.6118,0.3992,235.1875
19:32:15:111,0.5544,0.0317,8.4265,41.5414,0.286,-0.3631,0.3667,234.25
19:32:15:134,0.3401,-0.0796,8.3152,42.7153,0.1457,-0.0369,0.4489,233.6094
19:32:15:156,0.5388,-0.07,8.1536,40.1811,0.0695,0.1536,0.5755,233.1875
19:32:15:171,0.9865,0.2149,8.041,42.2614,0.1137,0.1384,0.6817,232.8125
19:32:15:190,1.3133,0.4483,7.6209,41.6405,0.2328,-0.052,0.7166,232.2812
19:32:15:211,1.226,0.6387,7.3264,41.2927,0.3081,-0.2305,0.715,231.625
19:32:15:234,1.2271,0.6578,7.0606,41.4892,0.2908,-0.2443,0.7323,230.8125
19:32:15:253,1.4881,0.8721,7.2126,42.8518,0.1723,-0.1551,0.7512,230.0312
19:32:15:270,1.8245,1.418,7.3036,40.9653,0.0349,-0.0246,0.7419,229.2188
19:32:15:295,2.2447,1.6598,7.9094,42.992,-0.1398,-0.0033,0.6476,228.3906
19:32:15:319,2.2686,1.831,9.0478,42.9221,-0.2258,0.0723,0.511,227.5781
19:32:15:382,2.1513,1.8717,9.808,41.7228,-0.2354,0.3312,0.3651,226.7344
19:32:15:382,2.1681,2.0692,9.8678,42.4477,-0.3201,0.8385,0.2495,226
19:32:15:382,2.0471,2.1937,9.7385,41.595,-0.4591,1.2641,0.1472,225.2188
19:32:15:394,2.0472,1.9208,9.9863,43.1004,-0.5185,1.1589,0.0804,224.8281
19:32:15:409,1.9813,1.5868,10.7597,43.2549,-0.396,0.4939,0.0181,224.5312
19:32:15:430,1.6006,1.0612,11.5701,43.313,-0.1332,-0.3381,-0.0003,224.3281
19:32:15:451,1.6808,0.4184,11.6874,43.6854,0.0975,-0.8305,0.0734,224.2188
19:32:15:471,1.9227,0.3286,11.2756,43.1789,0.0637,-0.9008,0.2053,224.2188
19:32:15:490,2.368,0.7021,11.4336,45.2564,-0.1987,-0.7794,0.3491,224.2344
19:32:15:510,3.1162,1.0481,12.1339,43.8383,-0.481,-0.607,0.3991,224.1406
19:32:15:534,3.8668,0.9798,12.9946,45.0426,-0.5681,-0.4787,0.1994,223.875
19:32:15:552,3.1066,0.1574,13.3203,45.4219,-0.3598,-0.3375,-0.1753,223.4844
19:32:15:570,1.5492,-0.7308,12.1399,45.6391,0.0261,-0.154,-0.379,223.1875
19:32:15:594,0.8369,-1.1941,9.9373,45.7443,0.2839,-0.0688,-0.3197,223.2188
19:32:15:609,1.305,-0.999,8.3727,44.5635,0.2349,-0.1066,-0.2094,223.5938
19:32:15:631,2.0484,-0.7117,8.0746,45.7388,0.0139,-0.2459,-0.2699,224
19:32:15:653,1.9382,-0.7224,8.6935,46.6044,-0.1848,-0.3607,-0.4603,224.2812
19:32:15:670,1.1948,-0.7763,8.9748,46.1453,-0.2746,-0.2792,-0.5886,224.5156
19:32:15:690,0.4371,-0.7895,8.8383,46.216,-0.244,-0.1021,-0.5676,224.9688
19:32:15:710,0.06,-0.6889,8.0554,46.3554,-0.1281,0.0843,-0.4472,225.5781
19:32:15:736,0.0684,-0.2652,6.9744,47.2418,-0.0599,0.2164,-0.3042,226.2969
19:32:15:753,0.2084,0.185,6.2119,46.4469,-0.1036,0.2614,-0.2139,226.9062
19:32:15:771,0.2563,0.6686,6.2023,46.9213,-0.2155,0.2225,-0.1545,227.4531
19:32:15:789,0.5412,1.084,6.8284,45.7362,-0.2757,0.1285,-0.1159,227.7031
19:32:15:810,0.8943,1.4204,7.6161,47.7022,-0.2522,0.0199,-0.1172,227.875
19:32:15:834,1.0129,1.7101,8.2625,47.4177,-0.1787,-0.0598,-0.1564,228.0156
19:32:15:854,0.8692,1.6993,8.5833,48.5056,-0.134,-0.0928,-0.2062,228.1562
19:32:15:870,0.7208,1.6765,9.0538,48.5404,-0.1798,-0.0813,-0.1995,228.3594
19:32:15:890,0.7567,1.7029,10.1779,48.7324,-0.2437,-0.0235,-0.1452,228.5938
19:32:15:917,0.7651,1.6993,11.3522,48.367,-0.2005,0.0649,-0.0903,228.8281
19:32:15:938,0.6884,1.6155,12.1734,48.9269,-0.0517,0.1986,-0.0405,229.0156
19:32:15:954,0.5484,1.394,12.1926,49.1748,0.126,0.3765,0.0244,229.125
19:32:15:971,0.212,1.0253,11.8706,48.0991,0.2245,0.504,0.1198,229.1719
19:32:15:989,0.0863,0.5034,11.703,49.1345,0.2562,0.5014,0.254,229.125
19:32:16:012,0.0695,0.0162,11.6862,49.6063,0.2504,0.4431,0.4047,228.9531
19:32:16:036,0.2323,-0.082,11.606,48.8746,0.2016,0.3959,0.5693,228.6406
19:32:16:052,0.5939,0.1443,11.6898,49.3476,0.1332,0.3413,0.6934,228.1562
19:32:16:071,1.0583,0.3059,11.606,49.349,0.0221,0.2825,0.7145,227.4844
19:32:16:090,1.0943,-0.0772,11.8107,49.1037,-0.1257,0.1064,0.6383,227.0781
19:32:16:109,0.4622,-0.7344,12.7899,50.589,-0.1651,-0.1647,0.6042,226.2812
19:32:16:136,0.06,-1.2995,13.61,50.5002,0.0312,-0.15,0.6825,225.5
19:32:16:154,-0.0741,-1.7137,12.0106,49.5437,0.4048,0.1158,0.7949,224.8125
19:32:16:173,-0.0286,-1.4623,9.0706,50.2508,0.5675,0.3014,0.9006,224.125
19:32:16:190,0.3389,-1.0696,7.0427,49.1637,0.4029,0.2026,0.9094,222.7969
19:32:16:211,-0.1304,-0.6794,7.5131,49.7918,0.0732,-0.1178,0.8293,221.7188
19:32:16:236,0.0241,-0.677,9.2573,48.945,-0.2903,-0.7,0.8388,220.7188
19:32:16:254,0.2958,-0.4878,9.7038,48.945,-0.1097,-0.5626,0.8836,219.7656
19:32:16:272,0.6489,-0.2065,8.7066,48.4522,0.1225,-0.3064,0.9091,217.9688
19:32:16:294,1.0931,0.0916,7.2067,48.6694,0.2067,-0.1689,0.882,217.9688
19:32:16:309,1.2008,0.2496,6.4465,48.4671,0.1055,-0.2403,0.8098,217.0469
19:32:16:331,1.0236,0.2472,7.1612,49.9947,-0.0493,-0.3311,0.7568,216.0156
19:32:16:356,0.9207,0.1814,8.077,51.0691,-0.0727,-0.2928,0.756,215
19:32:16:372,0.8608,0.2819,8.4062,48.9242,-0.0037,-0.2073,0.7856,214.125
19:32:16:389,1.2894,0.5225,8.5498,50.2199,0.0495,-0.2105,0.821,213.2812
19:32:16:409,1.712,0.8039,8.9748,48.6025,0.0836,-0.2699,0.789,212.4219
19:32:16:430,1.9885,0.932,9.3004,49.4222,0.1206,-0.3362,0.7225,211.5781
19:32:16:452,2.1729,1.0002,9.778,49.4893,0.1361,-0.3461,0.6727,210.6406
19:32:16:477,2.4817,1.2061,10.3048,49.8657,0.1694,-0.2648,0.6114,209.75
19:32:16:488,2.7582,1.3258,10.379,49.3696,0.2216,-0.1053,0.47,208.9219
19:32:16:509,2.9187,1.0744,9.9648,48.6852,0.18,0.006,0.2833,208.1875
19:32:16:538,2.8468,0.6147,10.3981,49.5799,0.0133,-0.0467,0.1086,207.4844
19:32:16:558,2.9139,-0.2855,11.6898,50.3833,-0.1158,-0.1357,-0.007,206.9375
19:32:16:570,2.8636,-1.2564,12.5493,48.4882,-0.1153,-0.1194,-0.0334,206.6094
19:32:16:592,3.0623,-1.8417,12.2728,49.1914,-0.0474,-0.003,0.0463,206.4844
19:32:16:608,3.4897,-1.7244,11.1032,49.1564,-0.0756,0.1309,0.0974,206.5469
19:32:16:629,3.5148,-1.3258,10.1575,49.0096,-0.2679,0.1512,-0.007,206.5625
19:32:16:650,2.678,-1.1331,10.4376,48.17,-0.5132,0.0513,-0.1782,206.4688
19:32:16:671,1.7156,-1.4838,11.7628,48.0891,-0.5848,0.0108,-0.2501,206.4062
19:32:16:693,0.7387,-1.7579,12.4236,48.6033,-0.3625,0.1373,-0.1473,206.5312
19:32:16:708,0.6705,-1.5377,11.2385,47.8786,-0.0107,0.2987,0.0948,206.8594
19:32:16:730,1.6485,-0.9188,9.3028,47.8277,0.1963,0.296,0.2583,207.1562
19:32:16:754,2.6613,-0.3968,7.9572,49.2957,0.147,0.0553,0.1962,207.2188
19:32:16:774,3.1186,-0.1119,7.9848,47.7985,-0.081,-0.2614,-0.047,206.9688
19:32:16:790,2.8468,-0.2436,9.128,46.2086,-0.3164,-0.3394,-0.3492,206.6562
19:32:16:809,1.8353,-0.6518,9.966,47.729,-0.4168,-0.0984,-0.5641,206.5469
19:32:16:829,0.5352,-0.8038,9.8355,46.8774,-0.3601,0.2801,-0.5676,206.7969
19:32:16:851,-0.0621,-0.6375,8.8647,50.3005,-0.2189,0.5339,-0.3841,207.3906
19:32:16:869,0.1689,-0.1275,7.8567,46.6622,-0.0786,0.5096,-0.1668,208.1094
19:32:16:890,0.643,0.4148,7.3467,47.3057,0.0439,0.2849,-0.0342,208.6562
19:32:16:913,1.0212,0.7727,7.2318,46.453,0.1489,0.0747,0.0095,208.9688
19:32:16:936,1.1924,0.9487,7.0103,45.998,0.1891,0.022,-0.0022,209.0781
19:32:16:953,1.1122,1.066,6.9158,46.7437,0.0948,0.1067,-0.0211,209.0625
19:32:16:969,1.2547,1.1115,7.4054,47.2124,-0.0754,0.2092,-0.0166,209.0469
19:32:16:989,1.5408,1.1678,8.4624,46.3081,-0.1814,0.2169,-0.0248,209.0469
19:32:17:008,1.8425,1.1462,9.5697,46.6448,-0.1364,0.1631,-0.0643,209.0625
19:32:17:029,1.8377,1.0876,10.2449,46.7244,-0.0056,0.1341,-0.1287,209.1094
19:32:17:052,1.5959,1.0433,10.4676,43.3684,0.1052,0.205,-0.1676,209.1875
19:32:17:070,1.4139,0.8948,10.5047,45.7919,0.1441,0.3418,-0.1676,209.3438
19:32:17:089,1.1266,0.8625,10.5107,44.8535,0.1007,0.4878,-0.1314,209.5156
19:32:17:109,0.7734,0.8673,11.1463,44.3445,0.0357,0.5277,-0.0421,209.6875
19:32:17:138,0.6705,0.7871,12.2321,43.8785,0.0743,0.5059,0.1086,209.8281
19:32:17:154,0.7579,0.6482,12.9468,43.8134,0.2871,0.4281,0.275,209.8594
19:32:17:171,1.0236,0.4531,12.4727,43.8371,0.6075,0.303,0.4279,209.7188
19:32:17:189,1.2307,0.507,10.962,43.9852,0.7649,0.1797,0.5323,209.5781
19:32:17:210,1.3397,0.8565,10.1108,44.2474,0.5878,0.1269,0.5486,209.1406
19:32:17:236,1.3409,1.1833,10.2533,44.4475,0.1957,0.2705,0.4409,208.5781
19:32:17:253,1.3385,0.9511,11.035,44.031,-0.228,0.4257,0.2468,207.9219
19:32:17:269,1.4749,0.1275,12.1495,44.7792,-0.5585,0.4154,0.001,207.3125
19:32:17:294,0.2048,-0.9762,14.0613,42.4226,-0.6903,0.311,-0.2382,206.8906
19:32:17:308,-1.4819,-1.983,15.3565,42.6826,-0.3116,0.4122,-0.22,206.75
19:32:17:331,-2.1642,-2.7025,13.0102,41.614,0.3638,0.6939,0.0641,206.9062
19:32:17:354,-1.6064,-2.22,8.9485,42.9196,0.7667,0.8444,0.4599,207.2031
19:32:17:371,-0.6822,-1.2228,5.8575,40.041,0.746,0.5525,0.6519,207.3125
19:32:17:460,-0.3064,-0.3777,4.7466,41.8395,0.4671,-0.1064,0.6724,206.9688
19:32:17:462,0.3126,-0.0976,5.5391,43.5327,0.1105,-0.7354,0.6471,206.2656
19:32:17:462,0.6513,-0.0557,7.5586,41.2608,-0.1547,-1.0105,0.5848,205.5312
19:32:17:471,0.6358,-0.003,9.3734,42.5303,-0.1947,-0.8941,0.5358,204.4531
19:32:17:471,0.3892,0.1179,9.8654,42.0501,-0.0458,-0.4789,0.5446,203.8438
19:32:17:493,0.4634,0.3071,8.8168,40.9661,0.1473,-0.015,0.6151,202.7031
19:32:17:518,0.9793,0.9571,5.8599,42.9736,0.2131,0.1155,0.6354,202
19:32:17:536,1.0117,1.2588,5.7282,41.0821,0.1241,-0.2193,0.5624,201.2812
19:32:17:574,0.8165,1.0253,6.65,42.1363,0.0378,-0.4963,0.4764,200.5312
19:32:17:575,0.4478,0.7308,7.6652,40.6155,-0.0131,-0.471,0.4615,199.9062
19:32:17:596,0.4466,0.7356,8.1895,41.6433,-0.0565,-0.3202,0.5118,199.3906
19:32:17:608,0.8094,0.9727,8.8575,41.0169,-0.1244,-0.2454,0.5459,199.3906
19:32:17:631,1.226,1.3318,9.8247,39.8748,-0.1582,-0.2331,0.5153,198.9062
19:32:17:653,1.864,1.4096,10.9081,41.0501,-0.1087,-0.2627,0.4069,198.3438
19:32:17:672,1.9298,1.3222,11.3582,40.8114,-0.0205,-0.2009,0.2316,197.7344
19:32:17:690,1.5719,1.1163,11.193,41.8381,0.0051,-0.0989,0.0873,197.1875
19:32:17:708,1.597,0.6087,11.1176,39.5485,-0.0743,-0.0363,0.0037,196.75
19:32:17:728,1.6976,0.0724,11.369,40.7792,-0.2141,0.0084,-0.052,196.3906
19:32:17:752,2.2219,-0.7332,11.5474,41.6313,-0.3734,0.0867,-0.0869,196.3906
19:32:17:771,2.7894,-1.5042,11.4612,41.8999,-0.5902,0.1485,-0.1319,196.3906
19:32:17:794,2.7774,-1.9806,12.0046,40.8895,-0.7947,0.1432,-0.1876,196.4688
19:32:17:808,2.0471,-2.2511,12.7564,41.0744,-0.8085,0.128,-0.2288,196.5938
19:32:17:828,1.1481,-2.5061,12.948,39.1485,-0.6203,0.2031,-0.1572,196.7656
19:32:17:856,1.0907,-2.4738,11.952,41.6433,-0.376,0.373,0.0063,197.1719
19:32:17:874,1.3361,-2.1901,10.543,41.7053,-0.2368,0.3932,0.09,197.4531
19:32:17:889,2.1142,-1.9339,9.8726,40.3248,-0.1952,0.2084,0.1145,197.5469
19:32:17:911,2.7786,-1.4682,10.1348,42.3467,-0.138,-0.112,0.0029,197.5
19:32:17:937,2.8109,-1.2025,10.4891,42.087,-0.0173,-0.3397,-0.1979,197.375
19:32:17:954,2.3764,-1.1869,10.0905,41.3035,0.0945,-0.2726,-0.3732,197.2969
19:32:17:971,1.8089,-0.9762,9.0203,40.4467,0.1673,-0.0941,-0.4453,197.4062
19:32:17:989,1.4354,-0.5213,7.7813,40.531,0.167,-0.0054,-0.4672,197.75
19:32:18:009,1.2702,-0.1921,7.1121,43.0136,0.1017,-0.0563,-0.4885,198.2188
19:32:18:029,1.0153,-0.0197,7.0666,40.0566,0.0226,-0.1695,-0.5103,198.7031
19:32:18:052,0.6765,-0.0413,7.5993,42.3214,-0.0184,-0.218,-0.4911,199.25
19:32:18:073,0.4227,-0.0377,7.9201,40.2044,0.0064,-0.1194,-0.4046,199.8125
19:32:18:089,0.4849,0.2245,7.8818,42.6399,0.0565,0.0321,-0.2813,200.375
19:32:18:109,0.8896,0.5118,7.5933,42.4409,0.1004,0.1328,-0.1865,200.8906
19:32:18:136,1.3911,0.9164,7.2857,40.5524,0.1207,0.1069,-0.1625,201.2969
19:32:18:154,1.6437,1.2133,7.4102,42.4833,0.1241,-0.0981,-0.2264,201.5312
19:32:18:172,1.7479,1.2983,8.0351,43.1071,0.1305,-0.2827,-0.3295,201.625
19:32:18:189,1.5839,1.2743,8.8192,41.9486,0.1159,-0.2726,-0.4368,201.8125
19:32:18:209,1.0655,1.1007,9.6811,43.134,0.1201,-0.0741,-0.4946,202.0625
19:32:18:236,0.6609,0.9212,10.1946,42.9975,0.1427,0.1631,-0.428,202.4062
19:32:18:257,0.7519,1.151,10.7357,42.3757,0.1734,0.315,-0.2914,202.9062
19:32:18:276,0.856,1.3557,11.0685,44.1238,0.2639,0.3371,-0.1937,203.4688
19:32:18:289,0.8812,1.3617,10.7549,44.0488,0.3779,0.2289,-0.1101,204.0938
19:32:18:309,0.9794,1.0086,10.5334,43.5126,0.3835,0.0388,-0.0171,204.3438
19:32:18:330,1.1206,0.6039,10.604,42.5013,0.2466,-0.1327,0.0963,204.5
19:32:18:353,0.7758,0.2855,11.4276,44.2284,0.0242,-0.3232,0.2149,204.5469
19:32:18:370,0.3185,0.0138,12.8139,44.2285,-0.1587,-0.5098,0.4122,204.4844
19:32:18:389,0.4023,-0.3645,13.8422,44.138,-0.2943,-0.5567,0.6836,204.3125
19:32:18:409,0.7699,-0.574,14.6335,44.024,-0.4064,-0.4001,0.9129,204
19:32:18:429,1.5384,-0.6638,15.0812,44.173,-0.3225,-0.1618,1.0197,203.4375
19:32:18:452,2.2578,-0.5716,14.3174,44.5034,0.061,0.0665,0.96,202.5469
19:32:18:470,2.4183,-0.4328,11.6707,44.4206,0.5465,0.1642,0.7483,201.4531
19:32:18:489,2.0364,-0.2316,8.5761,45.2629,0.776,0.0625,0.478,200.3594
19:32:18:509,1.5001,-0.2113,6.7518,44.9252,0.6687,-0.1341,0.2204,199.3438
19:32:18:529,0.947,-0.4028,6.1748,46.7041,0.3787,-0.2805,0.0402,198.5781
19:32:18:552,0.3796,-0.5154,6.3831,45.0059,0.0607,-0.3674,-0.0158,198.1562
19:32:18:570,0.1043,-0.4411,7.3252,45.6802,-0.1601,-0.4496,0.0567,197.9844
19:32:18:588,0.382,-0.2915,8.2613,46.5928,-0.2149,-0.5077,0.1896,197.9844
19:32:18:608,0.8285,-0.064,8.8838,45.8063,-0.1348,-0.5018,0.2689,198.0156
19:32:18:629,1.3181,0.0389,8.8395,46.787,0.0274,-0.3596,0.286,197.9062
19:32:18:655,1.7323,0.2101,7.8088,46.9971,0.168,-0.1375,0.2479,197.6719
19:32:18:671,2.0065,0.3214,6.4501,48.4495,0.1603,-0.0464,0.1461,197.375
19:32:18:688,1.8951,0.2292,6.3831,46.6036,-0.0479,-0.0755,0.0401,196.9375
19:32:18:709,1.5803,0.2436,7.4281,48.6451,-0.2296,-0.0555,0.0002,196.75
19:32:18:728,1.3852,0.2807,8.3164,48.5653,-0.2221,0.0031,-0.0131,196.7188
19:32:18:754,1.3002,0.2245,8.4098,47.5396,-0.1246,0.0737,-0.0089,196.7344
19:32:18:769,1.5564,0.3502,8.6384,49.2504,-0.1145,0.0638,0.0074,196.7812
19:32:18:788,1.6557,0.4878,9.6679,49.4478,-0.1526,0.046,-0.0299,196.7969
19:32:18:810,1.0823,0.4711,10.6364,50.0879,-0.1092,0.0934,-0.0789,196.7969
19:32:18:828,0.637,0.2388,10.9177,51.5165,0.0107,0.2151,-0.0203,196.8594
19:32:18:848,0.7591,0.3765,10.4903,50.8385,0.1223,0.3648,0.1062,196.9531
19:32:18:873,1.1828,0.5585,9.8008,52.1426,0.1489,0.3488,0.1744,196.9688
19:32:18:890,1.6521,0.5465,9.6823,50.5648,0.0583,0.108,0.1674,196.8281
19:32:18:909,1.9682,-0.0401,10.5035,51.6526,-0.0887,-0.1525,0.1467,196.5938
19:32:18:929,2.174,-0.9798,11.6156,52.0522,-0.2136,-0.1793,0.1944,196.4062
19:32:18:954,2.4865,-1.5377,12.0322,51.2237,-0.3246,0.0606,0.3235,196.25
19:32:18:971,3.1461,-1.3342,11.606,51.4936,-0.4621,0.3128,0.3922,196.0625
19:32:18:990,3.5603,-1.0816,11.3522,52.6007,-0.6661,0.3541,0.2628,195.7188
19:32:19:012,2.1812,-1.8238,13.604,53.7078,-0.8011,0.2271,-0.0874,195.3281
19:32:19:028,1.5731,-2.2104,13.8554,51.3963,-0.4506,0.3368,-0.0152,195.0781
19:32:19:049,1.9298,-2.2631,12.2225,53.5245,-0.0061,0.4324,0.1395,195.125
19:32:19:070,3.0384,-1.8884,10.0665,54.4761,0.2195,0.4694,0.1933,195.2812
19:32:19:089,4.0475,-1.4,8.6013,53.5658,0.2027,0.332,0.0197,195.3438
19:32:19:112,4.0822,-1.1702,8.077,53.961,0.0506,0.1544,-0.3194,194.8906
19:32:19:127,3.2957,-1.2456,8.0231,54.2423,-0.1134,0.1259,-0.6568,194.8906
19:32:19:150,2.0879,-1.3162,7.7095,53.4365,-0.225,0.2553,-0.8589,195.0469
19:32:19:171,0.9805,-1.1917,7.0726,54.4743,-0.3145,0.3541,-0.8784,195.625
19:32:19:188,0.5532,-0.8781,6.8176,54.854,-0.4136,0.3016,-0.75,196.0469
19:32:19:208,0.5903,-0.4339,7.2845,53.5629,-0.457,0.1429,-0.5913,197.0469
19:32:19:228,0.5604,-0.1347,8.0494,56.129,-0.3736,-0.0238,-0.456,198.0156
19:32:19:253,0.4981,-0.0461,8.5714,55.4534,-0.1803,-0.0483,-0.2959,198.9062
19:32:19:273,0.5496,0.2628,8.3367,55.3267,0.053,0.0303,-0.1183,199.6094
19:32:19:290,0.8177,0.4687,7.6221,55.8516,0.2061,0.0457,0.0047,200.1094
19:32:19:307,1.1422,0.7308,7.2605,56.4162,0.2021,0.0393,0.0804,200.4531
19:32:19:330,1.4989,0.9715,7.731,57.4943,0.1036,0.022,0.0921,200.5938
19:32:19:354,1.7898,1.151,8.7725,56.7143,0.0386,0.0042,0.0468,200.5781
19:32:19:372,1.8951,1.2492,9.9612,57.6819,0.0706,-0.0116,-0.0214,200.4844
19:32:19:390,1.8484,1.1833,10.9165,54.8895,0.1971,-0.0004,-0.0848,200.375
19:32:19:408,1.5791,1.0924,11.296,54.929,0.323,0.0878,-0.1282,200.3125
19:32:19:428,1.2738,1.1774,11.3929,56.0061,0.3672,0.181,-0.1226,200.3281
19:32:19:453,1.2631,1.0349,11.5689,57.9478,0.3675,0.1506,-0.0901,200.4219
19:32:19:469,1.3708,0.5908,12.2644,57.3989,0.3928,0.0268,-0.0461,200.5469
19:32:19:530,1.469,-0.0485,12.5505,57.6144,0.5302,-0.0606,0.0223,200.6719
19:32:19:531,1.3636,-0.2269,11.8263,58.0552,0.665,-0.1231,0.1134,200.75
19:32:19:531,1.226,0.0054,10.8542,56.8837,0.6341,-0.1833,0.1842,200.7812
19:32:19:548,1.1649,0.2089,10.5597,57.2376,0.4053,-0.2297,0.2268,200.6875
19:32:19:572,1.4055,0.1993,10.8363,57.1416,0.0858,-0.2041,0.2167,200.4688
19:32:19:589,1.202,-0.2005,11.3043,58.0016,-0.2003,-0.1349,0.135,200.2188
19:32:19:607,0.935,-0.7392,12.1531,56.9873,-0.3212,-0.0291,0.0942,199.9531
19:32:19:630,0.9183,-1.0744,12.687,56.6534,-0.1462,0.0811,0.0958,199.75
19:32:19:653,0.6454,-1.224,11.3857,55.3551,0.228,0.157,0.0806,199.6562
19:32:19:669,0.3102,-1.2767,8.8431,56.2929,0.4322,0.03,0.0758,199.5625
19:32:19:688,0.2084,-1.2827,7.4868,57.9115,0.3236,-0.2395,0.0902,199.4531
19:32:19:709,0.0947,-1.2516,7.5047,57.0354,0.0652,-0.5197,0.115,199.3594
19:32:19:730,-0.019,-1.0289,8.5007,57.3808,-0.1521,-0.6568,0.1946,199.2344
19:32:19:753,0.2096,-0.6758,9.4273,55.6082,-0.1968,-0.5618,0.3163,199.1406
19:32:19:770,0.4945,-0.2472,9.3255,56.8185,-0.074,-0.3357,0.4127,198.9844
19:32:19:788,1.0871,0.0664,8.302,55.3248,0.0631,-0.0891,0.4511,198.7344
19:32:19:808,1.7168,0.2927,7.1564,55.3452,0.0815,0.0545,0.4074,198.3594
19:32:19:829,2.2052,0.422,6.559,55.7832,-0.0434,0.0132,0.282,197.8438
19:32:19:853,2.095,0.3047,7.2677,54.6303,-0.2069,-0.1583,0.1235,197.3438
19:32:19:869,1.4582,0.0629,8.6061,54.1469,-0.2147,-0.2331,0.0471,196.9219
19:32:19:888,1.129,-0.1897,9.1196,53.7207,-0.0317,-0.1719,0.0828,196.7344
19:32:19:908,1.1769,-0.1,8.7617,54.7072,0.1635,-0.0808,0.1589,196.6719
19:32:19:927,1.633,0.1897,8.4313,54.2777,0.2099,-0.0542,0.221,196.625
19:32:19:951,2.2471,0.4998,8.8802,53.9263,0.1553,-0.0832,0.1861,196.5
19:32:19:973,2.3129,0.5668,9.8104,53.0945,0.1183,-0.0587,0.0556,196.25
19:32:19:988,1.6653,0.2771,10.1527,53.9168,0.1499,0.1056,-0.0392,195.8906
19:32:20:008,1.2762,0.0605,9.9504,52.4271,0.1635,0.2899,0.0034,195.8281
19:32:20:028,1.4965,0.1945,9.6679,52.2196,0.1284,0.3368,0.0809,195.8594
19:32:20:052,1.937,0.2101,9.863,52.5602,0.0389,0.1411,0.071,195.8281
19:32:20:072,2.2746,-0.4471,10.8842,52.0416,-0.0426,-0.1112,0.0159,195.7188
19:32:20:090,2.3273,-1.3198,11.8095,50.5793,-0.0487,-0.1847,0.0066,195.625
19:32:20:107,2.2136,-1.9375,11.7616,52.4085,-0.0408,-0.0829,0.0559,195.625
19:32:20:127,2.1884,-2.2248,10.6723,51.047,-0.1569,0.096,0.123,195.625
19:32:20:153,2.0304,-1.9399,9.632,51.4785,-0.4671,0.194,0.1648,195.5625
19:32:20:172,2.0555,-1.637,10.2329,50.1955,-0.8235,0.0774,0.168,195.4375
19:32:20:190,1.9239,-1.7747,12.1471,49.9306,-0.8719,-0.1082,0.1259,195.2812
19:32:20:208,1.7371,-2.159,12.7899,49.5851,-0.5313,-0.1929,0.1331,195.1719
19:32:20:227,1.9813,-2.2236,11.3654,48.8371,-0.0977,-0.174,0.2045,195.0938
19:32:20:255,2.6014,-1.8405,9.1938,49.233,0.0549,-0.1951,0.2197,194.9844
19:32:20:270,3.2526,-1.3976,8.2469,49.2928,-0.127,-0.2648,0.1041,194.7812
19:32:20:288,3.419,-1.1845,8.6647,49.459,-0.4434,-0.2739,-0.1226,194.5156
19:32:20:308,3.0515,-1.1307,9.5901,47.7989,-0.6719,-0.1207,-0.3476,194.4062
19:32:20:328,2.2519,-1.0145,10.1791,49.0342,-0.6839,0.1152,-0.5023,194.5781
19:32:20:352,1.3133,-0.8924,9.8475,47.6431,-0.4977,0.3205,-0.529,194.5781
19:32:20:371,0.7052,-0.6937,8.63,48.0868,-0.2663,0.3938,-0.4267,195.3281
19:32:20:388,0.716,-0.4088,7.5778,45.7519,-0.1041,0.3056,-0.2699,196.0156
19:32:20:409,1.5599,0.2508,7.0367,46.7892,0.029,0.0676,-0.1109,196.8281
19:32:20:430,1.8329,0.5417,7.1025,47.9893,0.037,0.0409,-0.17,197.1562
19:32:20:456,1.8628,0.7308,7.573,47.3597,0.0107,0.0968,-0.2539,197.4531
19:32:20:473,2.1322,0.7847,8.0782,47.3597,0.0085,0.185,-0.3204,197.4531
19:32:20:487,1.9813,0.914,8.5307,45.5957,0.0437,0.1778,-0.399,197.6562
19:32:20:507,1.7204,0.9978,9.0813,46.8405,0.0951,0.1099,-0.4214,197.9375
19:32:20:526,1.852,1.0445,9.7577,46.1687,0.1358,0.092,-0.3889,198.3125
19:32:20:547,1.9298,1.084,10.4975,44.7437,0.1643,0.153,-0.3572,198.75
19:32:20:571,1.8891,0.9798,11.0206,45.6015,0.1816,0.2968,-0.3244,199.2344
19:32:20:589,1.9191,0.8972,11.2565,44.362,0.1593,0.4777,-0.2904,199.6719
19:32:20:607,1.7024,0.5453,11.758,43.1626,0.1001,0.5616,-0.3143,200.0469
19:32:20:628,1.1457,-0.2412,12.7444,44.0066,0.1537,0.4628,-0.3074,200.4062
19:32:20:655,0.8548,-1.0086,13.1934,44.6087,0.3707,0.2691,-0.1806,200.75
19:32:20:676,0.9159,-1.0888,12.3686,42.4423,0.5955,0.1666,-0.0126,201.0938
19:32:20:693,0.9793,-0.5285,10.9332,43.1866,0.5838,0.1426,0.0849,201.4375
19:32:20:707,1.3002,-0.0676,10.2736,41.6785,0.2522,0.2217,0.0923,201.625
19:32:20:727,1.4713,-0.1035,11.0649,42.2515,-0.1404,0.2106,0.029,201.6094
19:32:20:752,1.4318,-0.4555,12.4835,41.2494,-0.2985,-0.0265,-0.0323,201.5
19:32:20:771,1.3289,-0.8913,13.9894,41.1332,-0.142,-0.1903,-0.0861,201.375
19:32:20:789,0.6777,-1.6454,13.2496,40.6922,0.3446,-0.0829,-0.1292,201.3438
19:32:20:807,0.145,-1.9471,9.9157,40.8448,0.7271,0.0404,-0.0541,201.3906
19:32:20:828,0.4335,-1.7316,7.1839,40.3426,0.6959,-0.076,0.0183,201.625
19:32:20:854,0.3437,-1.485,6.3064,41.0482,0.4035,-0.3905,-0.0339,201.6719
19:32:20:872,-0.0849,-1.3126,7.0223,38.6611,0.0871,-0.6635,-0.0283,201.625
19:32:20:891,-0.0621,-1.2288,8.2565,39.4236,-0.0565,-0.6904,0.0857,201.6094
19:32:20:908,0.121,-1.0014,8.5546,39.6048,0.0005,-0.525,0.2348,201.6562
19:32:20:927,0.5496,-0.6411,7.7418,38.4779,0.106,-0.3572,0.3507,201.6562
19:32:20:952,0.9303,-0.2807,6.7841,37.4543,0.0674,-0.2464,0.384,201.5
19:32:20:972,1.5623,-0.1024,6.7661,37.3123,-0.1015,-0.2355,0.3619,201.1562
19:32:20:987,1.633,-0.0078,7.6304,36.4615,-0.228,-0.3032,0.2636,200.7344
19:32:21:007,1.1469,-0.2256,8.7665,38.0536,-0.1867,-0.3064,0.2079,200.3125
19:32:21:028,0.8776,-0.392,9.1472,36.0467,-0.0157,-0.1996,0.2577,199.9844
19:32:21:054,1.0153,-0.2903,8.7174,37.8608,0.1332,-0.0582,0.34,199.75
19:32:21:071,1.2104,-0.0162,8.2924,36.1642,0.1284,-0.0033,0.3754,199.5156
19:32:21:088,1.4127,0.1478,8.7916,36.3134,0.0011,0.0212,0.3829,199.1719
19:32:21:107,1.7658,0.2652,10.0378,35.2235,-0.0722,0.0641,0.3685,198.7344
19:32:21:128,1.7754,0.3322,11.0518,36.3175,0.0304,0.1043,0.3192,198.2969
19:32:21:154,1.6509,0.2316,11.0266,35.1435,0.2415,0.1522,0.291,197.8906
19:32:21:171,1.5504,0.264,10.0031,35.0553,0.3617,0.2018,0.3011,197.5
19:32:21:189,1.7407,0.3442,9.2896,33.761,0.2892,0.1139,0.3123,197.1406
19:32:21:207,2.2495,0.1885,9.6224,33.8563,0.1108,-0.1279,0.2788,196.7969
19:32:21:228,2.5488,-0.3442,11.0123,33.7446,-0.0365,-0.3248,0.2236,196.4062
19:32:21:246,2.9007,-1.1319,12.031,33.3386,-0.0629,-0.2286,0.2348,195.8906
19:32:21:266,2.9306,-1.467,11.5054,32.9722,-0.0469,0.0068,0.2769,195.6562
19:32:21:291,3.0396,-1.5089,10.4951,33.5213,-0.1364,0.0872,0.2913,195.4062
19:32:21:306,3.1078,-1.4132,10.0139,33.9208,-0.3654,0.0438,0.2276,195.0938
19:32:21:327,3.17,-1.503,10.8351,31.8415,-0.6378,-0.0616,0.0961,194.7812
19:32:21:351,2.7618,-1.9255,12.4715,32.9417,-0.7033,-0.1194,-0.0286,194.5469
19:32:21:371,2.2315,-2.1817,13.5872,32.6407,-0.457,-0.0299,-0.0211,194.5
19:32:21:388,2.3452,-2.3002,12.5601,32.7808,0.0256,0.1075,0.075,194.5469
19:32:21:408,2.8528,-1.9064,9.8032,32.9221,0.3446,0.0771,0.1347,194.6562
19:32:21:427,3.6573,-1.3928,8.1344,34.505,0.2946,-0.1567,0.0633,194.6406
19:32:21:454,3.9601,-0.9619,8.0351,30.8267,0.0389,-0.3335,-0.1694,194.4844
19:32:21:472,3.3688,-0.8374,8.7653,32.3143,-0.1545,-0.276,-0.4275,194.3281
19:32:21:488,2.3273,-0.8254,8.6133,33.4547,-0.1635,-0.0219,-0.5905,194.3594
19:32:21:507,1.4223,-0.7368,7.4162,32.7467,-0.1348,0.2223,-0.6126,194.7031
19:32:21:530,1.0212,-0.4723,6.5447,32.8737,-0.1947,0.3203,-0.5388,195.3281
19:32:21:554,1.0476,-0.2161,6.5435,33.2233,-0.2517,0.2433,-0.464,196.0156
19:32:21:634,1.2176,0.0281,6.9577,31.9163,-0.2181,0.099,-0.4296,197.2812
19:32:21:635,1.3469,0.4603,7.3635,33.4842,-0.0948,0.0814,-0.4504,197.7969
19:32:21:635,1.3696,0.6925,7.6017,31.6815,-0.1132,0.2236,-0.452,198.2969
19:32:21:636,1.7479,1.0505,7.9477,31.6422,-0.1574,0.3453,-0.4685,198.8125
19:32:21:653,1.779,1.2049,8.6216,31.7391,-0.2093,0.3847,-0.5527,199.5781
19:32:21:672,1.3876,1.3294,9.5494,31.1166,-0.2234,0.426,-0.6078,200.125
19:32:21:688,1.02,1.2468,10.476,31.5062,-0.179,0.4998,-0.5844,200.7812
19:32:21:707,0.8261,1.175,11.0242,30.8342,-0.1057,0.6007,-0.484,201.4531
19:32:21:727,0.5616,1.0696,11.3678,32.5329,-0.0091,0.6316,-0.3263,202.1406
19:32:21:754,0.5867,0.9774,11.4288,30.7326,0.1015,0.5235,-0.1244,202.7188
19:32:21:771,0.8201,0.6099,11.697,31.1665,0.168,0.2822,0.0556,203.0938
19:32:21:791,1.5168,0.1071,12.5182,29.4105,0.2077,0.075,0.2151,203.2344
19:32:21:808,2.174,-0.0018,12.7121,32.1447,0.2684,0.0958,0.2612,203.2344
19:32:21:828,2.1369,0.0509,11.9209,30.567,0.2487,0.156,0.1581,203.1562
19:32:21:854,1.7144,-0.2029,11.4432,32.3199,0.0181,0.2321,0.0138,202.9062
19:32:21:871,1.0464,-0.7835,11.7856,30.731,-0.2559,0.2745,-0.0856,202.6094
19:32:21:889,0.2862,-1.2121,12.9504,31.1665,-0.3393,0.1115,-0.0592,202.4219
19:32:21:914,-0.0705,-1.4,14.0577,33.0592,-0.1049,-0.0326,0.0694,202.4062
19:32:21:925,0.1234,-1.564,13.3047,31.985,0.3502,0.0476,0.1922,202.5
19:32:21:949,0.2359,-1.5736,10.3251,30.6812,0.6831,0.2113,0.2399,202.5781
19:32:21:974,0.3293,-1.5556,7.719,31.3619,0.6828,0.1727,0.2239,202.2812
19:32:21:994,0.2048,-1.5568,6.4405,31.8142,0.4447,-0.1192,0.1709,202.2812
19:32:22:005,-0.1256,-1.3258,6.7925,32.3357,0.1393,-0.5279,0.1576,201.9844
19:32:22:028,0.206,-1.0732,8.1919,32.3286,-0.086,-0.7823,0.2197,201.7188
19:32:22:053,1.1661,-0.6195,9.1795,30.9173,-0.2011,-0.7732,0.2236,201.5
19:32:22:073,1.9286,-0.4351,9.802,31.4891,-0.2906,-0.5857,0.0734,201.1094
19:32:22:090,1.6892,-0.3777,10.1575,30.7711,-0.3555,-0.2025,-0.1058,200.9688
19:32:22:107,1.2247,-0.4663,10.027,32.0297,-0.2932,0.1807,-0.1865,200.8125
19:32:22:126,0.6142,-0.6614,9.2405,32.218,-0.0951,0.4103,-0.1742,200.8594
19:32:22:146,0.0348,-0.7895,8.0183,30.4434,0.1534,0.4295,-0.0208,201.0625
19:32:22:171,-0.116,-0.5968,6.8811,31.9833,0.3505,0.2609,0.2218,201.2969
19:32:22:191,0.3485,-0.2843,6.2394,32.9926,0.445,0.0124,0.4236,201.4219
19:32:22:208,0.9099,0.1886,6.2382,32.375,0.4293,-0.1783,0.5089,201.2969
19:32:22:225,1.6126,0.4483,6.6285,33.0202,0.3111,-0.2861,0.4548,200.8906
19:32:22:247,1.7838,0.5489,8.0015,32.5728,0.1073,-0.3192,0.3081,200.3125
19:32:22:271,1.3349,0.4256,9.7924,31.9372,-0.0019,-0.17,0.1941,199.7656
19:32:22:287,0.7758,0.234,10.7489,33.1571,0.0716,0.0345,0.1816,199.3125
19:32:22:308,0.3557,0.1706,10.5071,31.9754,0.2248,0.165,0.2519,199.0469
19:32:22:325,0.6178,0.1431,9.5757,32.0451,0.3039,0.0774,0.3592,198.8594
19:32:22:345,1.4558,0.015,9.0634,32.9356,0.2141,-0.2462,0.3898,198.6094
19:32:22:368,2.1465,-0.5189,9.9732,31.2652,-0.0333,-0.5873,0.3307,198.2344
19:32:22:386,2.453,-1.3844,11.9975,31.69,-0.24,-0.6164,0.2852,197.7969
19:32:22:405,2.4266,-1.9591,12.6618,33.3208,-0.2607,-0.2848,0.3097,197.375
19:32:22:425,2.6361,-1.8908,11.6551,32.7952,-0.2466,0.0079,0.34,197.0625
19:32:22:446,2.957,-1.6131,10.3479,32.4096,-0.3278,0.009,0.2822,196.9219
19:32:22:470,3.0396,-1.2432,10.1934,33.4145,-0.4786,-0.251,0.1232,196.6094
19:32:22:486,2.7798,-1.248,11.5713,33.2301,-0.5545,-0.4566,-0.0778,196.4375
19:32:22:515,2.2243,-1.7986,12.614,33.7356,-0.416,-0.2941,-0.1971,195.875
19:32:22:526,2.022,-1.9519,12.0932,33.5232,-0.1915,0.1687,-0.1575,195.8906
19:32:22:547,2.8205,-1.7532,10.1456,35.1914,-0.0652,0.5586,-0.1058,196.1094
19:32:22:574,3.7147,-1.2875,8.4648,35.1914,-0.1497,0.5277,-0.1945,196.3594
19:32:22:591,4.1169,-1.0134,8.3427,33.8021,-0.3273,0.2526,-0.4259,196.5
19:32:22:610,3.5759,-0.9726,8.7437,32.8117,-0.3763,0.0156,-0.7194,196.6562
19:32:22:629,2.3835,-1.151,8.3822,33.4555,-0.3214,-0.0161,-0.9199,197.0156
19:32:22:653,1.2068,-1.2983,7.4341,34.2604,-0.3281,0.128,-0.9242,197.7031
19:32:22:672,0.5268,-1.084,6.9038,33.5246,-0.4187,0.2217,-0.7711,198.6406
19:32:22:690,0.5975,-0.72,7.1073,37.3592,-0.4738,0.1861,-0.6025,199.75
19:32:22:705,0.6011,-0.3753,7.8124,34.4874,-0.4178,0.1541,-0.4978,200.7656
19:32:22:725,0.6262,-0.2245,7.737,34.5504,-0.2426,0.1451,-0.4094,201.5469
19:32:22:747,0.607,0.0629,7.3599,35.6359,-0.1401,0.1192,-0.3308,202.2031
19:32:22:770,0.704,0.2173,7.3407,33.7138,-0.1505,0.1099,-0.2573,202.75
19:32:22:787,0.8513,0.4076,8.0123,34.6695,-0.2059,0.1043,-0.2067,203.1875
19:32:22:806,1.0356,0.4771,8.9484,34.4855,-0.2461,0.1195,-0.1769,203.5156
19:32:22:827,1.1003,0.6817,10.2664,33.3557,-0.2186,0.1288,-0.1766,203.7969
19:32:22:846,1.0129,0.6399,11.2936,34.987,-0.0455,0.1099,-0.195,204.1406
19:32:22:870,0.8046,0.3992,11.2984,33.9043,0.1555,0.1253,-0.1633,204.3438
19:32:22:887,0.9446,0.3358,11.0529,34.4951,0.2125,0.1277,-0.0406,204.5781
19:32:22:905,0.9925,0.7967,11.6551,33.6115,0.1244,0.156,0.0599,204.7656
19:32:22:925,0.9207,0.7775,12.7732,35.7658,0.1047,0.3171,0.0633,204.7969
19:32:22:945,0.8022,0.0257,12.6966,35.6697,0.2554,0.5451,0.0489,204.7344
19:32:22:967,0.5903,-0.4399,11.2289,35.5274,0.3766,0.687,0.0668,204.6562
19:32:22:985,0.1976,-0.6734,9.7493,34.6799,0.2911,0.6178,0.1022,204.6094
19:32:23:010,0.3688,-0.7871,9.711,36.0061,-0.0359,0.3227,0.1485,204.5469
19:32:23:027,1.026,-1.1797,11.6635,36.4763,-0.416,0.0225,0.1326,204.4375
19:32:23:046,0.5687,-2.1075,14.1798,36.0208,-0.5262,-0.161,0.0873,204.2656
19:32:23:070,-0.5577,-2.8186,15.8258,35.8536,-0.2061,-0.1112,0.283,204.1406
19:32:23:089,-0.2812,-2.8174,14.9148,36.4671,0.4091,0.0905,0.6564,204.0469
19:32:23:108,0.7244,-2.1338,11.7616,36.6356,0.9065,0.3165,0.8796,203.7188
19:32:23:129,1.5983,-1.5281,8.3271,38.522,1.0421,0.3618,0.8322,201.9688
19:32:23:155,1.0428,-1.2109,5.4601,36.6168,0.4855,-0.3346,0.4082,201
19:32:23:167,0.5436,-1.1965,6.3352,36.9603,0.1063,-0.8038,0.3078,200.3281
19:32:23:191,0.3856,-1.3246,8.2422,37.5034,-0.1489,-1.0622,0.2971,200.3281
19:32:23:209,0.0707,-1.1055,9.8618,37.6498,-0.1561,-0.9703,0.3459,199.8438
19:32:23:226,-0.0382,-1.0792,9.8523,37.3529,0.0764,-0.623,0.4655,199.1719
19:32:23:250,0.315,-0.9164,8.1117,38.2,0.3071,-0.2702,0.6228,198.7969
19:32:23:274,1.0596,-0.5716,6.249,36.2642,0.376,-0.1732,0.7368,198.7969
19:32:23:292,1.9083,-0.1909,5.3919,38.0312,0.2714,-0.4276,0.7078,198.25
19:32:23:305,1.9933,0.2065,6.5028,38.3461,0.085,-0.6758,0.5581,197.5312
19:32:23:327,1.8664,-0.015,8.0267,38.6578,0.0357,-0.6153,0.3962,196.7031
19:32:23:345,1.712,-0.1658,8.7186,39.4613,0.1012,-0.2888,0.2841,195.875
19:32:23:369,1.773,0.0593,8.5785,37.8551,0.1904,0.0015,0.1925,195.2344
19:32:23:384,1.8903,0.1909,7.9501,37.5061,0.1955,0.0849,0.0364,194.7969
19:32:23:404,1.4594,0.3107,7.7298,39.4965,0.0565,0.067,-0.1372,194.4688
19:32:23:426,1.0919,0.258,8.3319,39.3385,-0.1073,-0.0073,-0.2661,194.2344
19:32:23:444,0.9243,-0.0257,8.9281,37.9168,-0.2186,-0.0888,-0.3537,194.1719
19:32:23:466,0.7782,-0.3549,9.4979,39.0026,-0.3667,-0.1812,-0.3743,194.3281
19:32:23:486,0.6897,-0.8469,11.0685,39.4284,-0.5611,-0.2768,-0.3311,194.6406
19:32:23:504,0.4766,-1.5125,13.3418,39.8385,-0.6306,-0.2717,-0.1708,195.0625
19:32:23:524,0.5795,-2.2667,15.2105,38.4678,-0.4743,-0.0731,0.1933,195.5
19:32:23:545,1.4462,-2.293,14.7927,38.346,-0.1537,0.2489,0.6836,195.9375
19:32:23:568,3.1892,-1.5221,13.1527,37.9395,0.0863,0.3365,1.0644,196.1875
19:32:23:588,4.9465,-0.7476,11.8777,37.9851,0.2088,0.0782,1.099,196.0312
19:32:23:605,5.7019,-0.0712,11.211,39.8305,0.2109,-0.3325,0.8343,195.2656
19:32:23:628,5.4721,-0.2532,11.7533,37.8314,0.0858,-0.5895,0.4529,194.0469
19:32:23:646,4.4701,-0.9942,12.924,38.8598,0.0703,-0.5261,0.1547,192.7656
19:32:23:706,3.911,-1.8812,12.6714,36.7793,0.2842,-0.1634,0.0684,191.8438
19:32:23:706,4.0463,-2.22,10.4879,37.9296,0.5169,0.2417,0.0668,191.1875
19:32:23:706,4.3923,-1.9938,7.8711,38.4703,0.5409,0.3176,-0.007,191.0625
19:32:23:724,4.6688,-1.5784,6.413,37.4123,0.3119,0.0945,-0.2073,190.9531
19:32:23:745,4.5096,-1.1474,6.2251,37.8914,-0.0237,-0.1367,-0.529,190.8438
19:32:23:767,3.8141,-0.9738,6.9241,38.4129,-0.2831,-0.2225,-0.8885,190.9062
19:32:23:785,2.69,-1.0409,7.0786,38.6603,-0.3771,-0.1226,-1.1687,191.2812
19:32:23:805,1.4941,-1.1139,6.5949,36.3856,-0.4237,0.0835,-1.2629,192.1094
19:32:23:826,0.7399,-0.9272,6.1041,37.0819,-0.485,0.2143,-1.1886,193.3438
19:32:23:845,0.4131,-0.6518,6.0838,37.7292,-0.5175,0.2023,-1.0257,194.7344
19:32:23:868,0.5544,-0.2292,6.3723,37.9469,-0.506,0.0963,-0.8541,196.2031
19:32:23:890,0.7483,0.2783,7.4832,38.039,-0.4205,-0.0257,-0.7303,197.5312
19:32:23:908,1.135,0.58,8.5438,38.5827,-0.2333,-0.0164,-0.6597,198.6562
19:32:23:924,0.9614,1.0804,8.8634,37.1383,-0.0764,0.1533,-0.6185,199.5469
19:32:23:946,0.8836,1.424,8.9173,36.8781,0.0088,0.3312,-0.488,200.375
19:32:23:968,1.3696,1.7376,9.0646,38.2598,0.0586,0.3674,-0.2627,201.125
19:32:23:986,2.6673,2.2871,9.5171,35.8392,0.1023,0.3163,-0.0805,201.75
19:32:24:008,3.8632,2.7108,10.2509,37.3834,0.1414,0.2345,-0.1593,202.1875
19:32:24:024,3.9039,2.4666,11.0721,35.8581,0.1872,0.193,-0.4304,202.3594
19:32:24:045,2.9761,1.4659,11.7066,35.0759,0.2378,0.1866,-0.6288,202.4375
19:32:24:069,1.9215,0.1682,12.4799,35.4808,0.2309,0.2095,-0.6035,202.75
19:32:24:087,1.2415,-0.6255,13.2891,35.4924,0.204,0.3123,-0.3961,203.375
19:32:24:104,1.1314,-1.0433,13.1036,35.1556,0.2296,0.4529,-0.1937,204.0938
19:32:24:124,0.7076,-0.9331,12.2213,36.2692,0.1931,0.4944,-0.069,204.8125
19:32:24:144,0.461,-0.8649,11.6647,34.3606,0.0298,0.3909,-0.0054,205.0156
19:32:24:164,0.0695,-1.3234,11.9328,34.6735,-0.1531,0.1903,0.0106,205.0781
19:32:24:186,-0.4799,-1.8345,12.9671,35.1197,-0.1214,-0.2129,0.1145,205.0781
19:32:24:209,-0.5661,-2.0105,14.0553,33.3034,0.2104,-0.5226,0.2937,205.0781
19:32:24:224,-0.3925,-2.1003,12.5541,33.8815,0.6884,-0.4417,0.4391,204.9531
19:32:24:244,-0.0681,-1.8322,9.5817,32.3743,0.8101,-0.2137,0.523,204.625
19:32:24:264,0.5233,-1.5724,7.8854,31.3572,0.474,-0.0829,0.5358,204.0781
19:32:24:284,0.625,-1.2456,8.2134,33.8043,-0.0045,-0.1716,0.4865,203.4219
19:32:24:308,0.7782,-1.1283,10.0342,32.7862,-0.2767,-0.3183,0.4727,202.8125
19:32:24:325,1.0416,-0.9367,11.1547,33.2155,-0.1747,-0.3415,0.4508,202.2656
19:32:24:345,0.8668,-0.732,10.4508,31.332,0.1649,-0.2102,0.4295,201.75
19:32:24:373,0.7495,-0.665,8.46,31.6671,0.4605,-0.0419,0.4671,201.25
19:32:24:391,0.8429,-0.592,6.4226,31.8394,0.5824,0.0257,0.5334,201.0312
19:32:24:409,1.0847,-0.3873,5.1309,32.392,0.5374,-0.0963,0.5952,200.5
19:32:24:424,1.3145,-0.1562,4.858,31.9559,0.3912,-0.3176,0.6351,199.8906
19:32:24:444,1.3887,0.0018,5.6301,31.5977,0.2583,-0.468,0.642,199.1875
19:32:24:464,1.5324,0.0198,6.2346,31.6393,0.2008,-0.4092,0.641,198.4844
19:32:24:489,1.7311,0.2436,6.6201,31.1354,0.1313,-0.2984,0.6322,197.7344
19:32:24:504,2.3476,0.6518,7.2426,31.036,0.0426,-0.2363,0.6087,196.9844
19:32:24:525,2.7151,1.0696,8.1679,31.5309,-0.0139,-0.251,0.5118,196.2969
19:32:24:545,2.6744,1.2671,9.1208,31.3411,0.0157,-0.2901,0.4372,195.25
19:32:24:573,3.0132,1.4323,9.6128,30.1336,0.1132,-0.3037,0.4697,194.6719
19:32:24:591,3.8512,1.8405,9.7014,31.0465,0.1792,-0.3327,0.4482,194.2031
19:32:24:609,4.5192,1.4192,10.2701,30.2053,0.1246,-0.3631,0.2686,193.6719
19:32:24:626,4.7406,0.4483,11.5713,30.1542,-0.2991,-0.3873,-0.1013,193.1406
19:32:24:644,4.421,-0.5189,13.4831,29.9882,-0.4048,-0.3082,-0.15,192.8438
19:32:24:665,4.0439,-1.1235,14.7448,29.9882,-0.2384,0.0111,-0.0342,192.8125
19:32:24:689,4.172,-1.2528,13.2353,29.7814,0.0783,0.4545,0.1208,192.9844
19:32:24:707,4.4102,-0.6722,11.0673,28.689,0.2024,0.6263,0.131,193.2344
19:32:24:725,4.5275,-0.082,9.6512,28.9571,0.0948,0.4779,-0.1106,193.2969
19:32:24:744,3.7638,-0.3442,9.6607,28.341,-0.1004,0.0918,-0.477,193.125
19:32:24:765,2.6349,-1.3749,11.023,27.5145,-0.1427,-0.2632,-0.6805,192.9375
19:32:24:791,1.8113,-2.1207,11.4911,27.6491,0.0333,-0.231,-0.6003,193.0312
19:32:24:806,1.8197,-2.25,10.4592,27.3198,0.2439,-0.0843,-0.375,193.5781
19:32:24:825,2.5715,-2.05,8.8072,29.2134,0.2583,0.0132,-0.2094,194.3906
19:32:24:847,3.1401,-1.5281,8.1955,27.0689,-0.0173,0.0974,-0.1849,195.4531
19:32:24:870,3.2383,-1.1774,8.5785,28.013,-0.3252,0.3307,-0.2722,195.4531
19:32:24:888,2.4889,-0.9643,8.4552,27.8413,-0.4591,0.6697,-0.3971,195.6562
19:32:24:904,1.6761,-0.6877,7.5694,27.2867,-0.4762,0.9312,-0.44,196
19:32:24:935,1.2403,-0.4148,6.5626,26.4476,-0.502,0.9592,-0.4142,196.4219
19:32:24:944,1.3049,0.0557,6.5471,25.8266,-0.5561,0.7693,-0.3772,196.9375
19:32:24:964,1.2966,0.3849,7.1085,27.1852,-0.4802,0.4867,-0.4102,197.4531
19:32:24:990,1.1457,0.4854,7.087,25.6101,-0.2642,0.2244,-0.4531,197.8906
19:32:25:007,0.953,0.6099,6.6404,25.443,-0.1244,0.079,-0.46,198.375
19:32:25:026,1.1003,0.9236,6.2693,26.5216,-0.1566,0.0524,-0.4145,198.8906
19:32:25:045,1.7132,1.4467,7.1013,25.7686,-0.3015,-0.0401,-0.3889,199.4062
19:32:25:072,2.216,1.8322,8.642,26.9909,-0.3731,-0.0789,-0.464,199.9219
19:32:25:089,2.1333,1.9088,9.9816,25.85,-0.3249,0.0137,-0.5993,200.3906
19:32:25:105,1.7036,1.892,10.7668,24.842,-0.2349,0.2545,-0.6856,200.8594
19:32:25:124,1.1828,1.7999,11.0996,26.458,-0.1907,0.5277,-0.7029,201.5
19:32:25:146,0.4921,1.5652,11.4707,25.5341,-0.1688,0.6785,-0.6012,202.2656
19:32:25:171,-0.1412,1.3042,12.1615,25.4736,-0.0914,0.5541,-0.3665,203.0781
19:32:25:189,-0.1136,0.7919,13.0617,25.6508,0.0826,0.2609,-0.0565,203.8281
19:32:25:205,0.5843,0.1802,13.2556,25.2584,0.3092,0.0691,0.2159,204.4062
19:32:25:225,1.0763,-0.1945,12.5397,25.5773,0.412,-0.0321,0.3664,204.6406
19:32:25:245,1.2559,-0.1921,12.3063,24.7562,0.2988,-0.0757,0.4418,204.5312
19:32:25:266,1.4558,-0.1802,12.6152,23.7171,0.0594,0.0127,0.4343,204.1562
19:32:25:287,1.2798,-0.5896,13.0078,24.7383,-0.1614,0.1312,0.3445,203.6719
19:32:25:305,0.4502,-1.2384,13.5357,23.074,-0.1939,0.0007,0.3046,203.4062
19:32:25:325,-0.2381,-1.8058,14.1068,23.6343,0.0386,-0.1918,0.4239,202.7188
19:32:25:345,-0.3123,-1.9998,13.1694,23.0283,0.4836,-0.1972,0.633,202.375
19:32:25:365,-0.055,-1.6382,10.203,24.6123,0.8192,-0.1064,0.8042,202
19:32:25:388,0.4861,-1.169,7.549,23.4422,0.7697,-0.1647,0.8564,201.4062
19:32:25:405,0.6082,-0.8769,6.4908,24.6058,0.441,-0.4267,0.7848,200.5312
19:32:25:424,0.2934,-0.7991,7.2474,23.4104,0.0887,-0.7815,0.7403,199.5156
19:32:25:444,0.3904,-0.6937,8.8036,24.9992,-0.0501,-0.9993,0.8021,198.5938
19:32:25:465,0.7914,-0.4938,9.5901,24.6669,0.0605,-0.9738,0.8775,197.7344
19:32:25:488,1.3313,-0.4555,8.9999,24.7597,0.2645,-0.6688,0.9241,196.8906
19:32:25:506,1.5001,-0.3466,7.4353,24.7301,0.3958,-0.2944,0.9246,196.0156
19:32:25:531,1.7251,-0.2867,5.9222,23.5033,0.3822,-0.0925,0.9342,194.9844
19:32:25:544,2.1968,-0.1634,5.2841,24.8363,0.2448,-0.1591,0.9198,194.9844
19:32:25:565,2.429,0.1586,6.0563,24.6087,0.1063,-0.3849,0.8583,192.7969
19:32:25:591,2.4697,0.3358,7.3395,25.0094,0.1555,-0.513,0.7558,191.7656
19:32:25:611,2.5858,0.2795,7.4425,25.579,0.3079,-0.4259,0.6396,190.7188
19:32:25:624,2.9151,0.592,7.3563,26.0949,0.3121,-0.2451,0.5507,189.7969
19:32:25:644,3.3676,0.9487,7.4856,24.3543,0.1891,-0.1442,0.3951,189.0312
19:32:25:665,3.0958,1.2624,8.0614,25.944,0.0186,-0.1077,0.1837,188.3125
19:32:25:692,2.8025,1.0876,8.7964,25.6373,-0.1353,-0.0651,0.0521,187.7344
19:32:25:706,2.7451,1.0205,9.608,25.2366,-0.2389,0.0225,-0.0062,187.3906
19:32:25:766,3.0048,1.1067,10.2916,24.1635,-0.2629,0.0367,-0.0744,187.2969
19:32:25:767,3.3005,0.853,10.8794,25.3382,-0.2567,-0.019,-0.2177,187.3281
19:32:25:780,3.1712,0.0233,11.4276,24.9978,-0.3116,-0.0667,-0.3537,187.4375
19:32:25:784,2.7319,-0.8637,12.7301,24.3267,-0.4021,-0.0654,-0.35,187.4375
19:32:25:807,2.7941,-1.7136,14.0672,24.3165,-0.3627,0.0364,-0.2142,188.1719
19:32:25:824,3.443,-2.0093,14.0744,24.7244,-0.2048,0.3251,-0.0496,188.625
19:32:25:844,3.9913,-1.7041,12.371,26.6715,-0.119,0.5592,-0.0184,188.9062
19:32:25:864,3.8715,-1.3677,11.1164,26.3,-0.2674,0.4934,-0.1492,188.9844
19:32:25:889,3.2861,-1.4108,12.1208,25.9999,-0.4634,0.2478,-0.3077,189.0156
19:32:25:907,2.6349,-2.0907,13.7201,24.8187,-0.3286,0.198,-0.3692,189.1875
19:32:25:924,2.2327,-2.3541,12.6247,26.0678,0.1188,0.3866,-0.2858,189.5938
19:32:25:944,2.6613,-2.1279,9.7158,26.3502,0.4527,0.4351,-0.1577,190.0469
19:32:25:965,3.5759,-1.6897,7.4257,26.6272,0.4509,0.1767,-0.1452,190.3438
19:32:25:987,4.184,-1.011,6.9553,27.3739,0.1976,-0.2097,-0.2962,190.4688
19:32:26:004,3.4262,-0.6506,7.9572,27.1353,-0.175,-0.2787,-0.8651,190.5938
19:32:26:024,2.2519,-0.6806,7.4389,27.2561,-0.204,0.0007,-0.9886,190.5938
19:32:26:045,1.597,-0.4232,6.5818,27.2957,-0.2503,0.2777,-0.9516,190.9062
19:32:26:072,1.463,-0.0138,6.1951,27.0334,-0.3137,0.3826,-0.8603,192.5781
19:32:26:089,1.6904,0.2652,6.3819,25.7242,-0.3364,0.3046,-0.8131,193.7344
19:32:26:107,1.6401,0.4483,6.9529,26.7867,-0.2701,0.1613,-0.8137,194.7969
19:32:26:126,1.3564,0.7644,7.2964,28.5931,-0.1656,0.1067,-0.7958,195.7969
19:32:26:143,1.4881,1.1833,7.4808,27.7719,-0.0836,0.1794,-0.7364,196.7656
19:32:26:165,1.9382,1.5724,7.3371,27.9464,-0.065,0.2465,-0.7191,198.1406
19:32:26:189,2.0867,1.9351,7.6029,27.4098,-0.134,0.2143,-0.7394,199.0312
19:32:26:205,2.0759,2.086,8.4624,27.4928,-0.2003,0.1216,-0.7676,199.8594
19:32:26:224,1.7718,1.9411,9.8463,27.226,-0.2421,0.0769,-0.7737,200.6562
19:32:26:248,1.3074,1.6909,11.3319,28.2996,-0.2448,0.2186,-0.672,201.5156
19:32:26:269,0.6262,1.5628,12.7516,28.9691,-0.1609,0.4196,-0.472,202.4375
19:32:26:286,0.7782,1.3055,13.1335,29.1148,0.0919,0.5272,-0.2259,203.2969
19:32:26:307,0.9446,1.0924,12.2393,29.785,0.3412,0.4521,-0.093,203.9375
19:32:26:326,0.7004,0.8446,11.4971,29.1841,0.392,0.205,-0.0203,204.3281
19:32:26:344,0.6837,0.3442,11.6874,29.913,0.2863,-0.0054,0.021,204.4219
19:32:26:364,0.0145,-0.0796,12.2524,28.8491,0.1358,-0.0068,0.0958,204.5
19:32:26:388,-0.0885,-0.1826,12.511,27.9164,0.0013,0.0915,0.2793,204.4844
19:32:26:408,0.0037,-0.3777,12.3362,30.0987,-0.1055,0.1589,0.4058,204.4531
19:32:26:424,0.054,-0.5668,12.5972,31.2081,-0.1172,-0.0563,0.5184,204.3281
19:32:26:444,0.5137,-0.6602,13.6136,31.305,0.0794,-0.3636,0.5946,204.0156
19:32:26:465,0.5867,-0.8829,13.0425,30.7452,0.4874,-0.4014,0.5677,203.5625
19:32:26:488,0.2359,-1.163,10.3934,30.6317,0.6967,-0.1732,0.5464,202.9688
19:32:26:507,0.3257,-1.3653,8.5917,32.3859,0.5039,0.0497,0.589,202.3281
19:32:26:523,0.2288,-1.3497,8.15,33.5347,0.1933,0.0715,0.6263,201.6562
19:32:26:544,0.0324,-1.1797,8.539,32.1799,-0.0101,-0.0819,0.7097,200.9844
19:32:26:568,0.358,-0.9451,9.2214,32.9903,-0.0272,-0.2944,0.8476,199.5781
19:32:26:588,0.8094,-0.5692,9.6619,32.6917,0.1441,-0.4502,0.9363,199.1875
19:32:26:603,1.111,-0.1706,9.1699,33.1148,0.4218,-0.4529,0.9693,198.3125
19:32:26:624,1.5647,0.2448,7.7047,33.29,0.6203,-0.305,0.9589,197.2812
19:32:26:644,2.1848,0.4986,6.164,33.4326,0.6234,-0.1729,0.858,196.2344
19:32:26:664,2.3943,0.7919,5.2386,36.2163,0.4386,-0.1951,0.6745,195.0938
19:32:26:688,2.2267,0.8673,5.7761,34.6718,0.2008,-0.3242,0.4737,193.9844
19:32:26:706,1.9969,0.5417,6.7195,35.7862,0.0956,-0.399,0.3059,193.1094
19:32:26:724,1.609,0.0928,7.47,35.3724,0.0597,-0.3029,0.2322,192.4375
19:32:26:745,1.3074,-0.0401,7.7106,34.6631,0.0394,-0.1168,0.2932,192
19:32:26:765,1.3493,0.0892,7.992,34.6631,-0.0197,-0.1042,0.4167,191.75
19:32:26:790,1.718,0.1766,8.9855,34.1138,-0.0431,-0.2329,0.5624,191.4688
19:32:26:809,2.4841,0.4615,10.1587,35.6433,0.0543,-0.3431,0.674,191.0625
19:32:26:825,3.2861,0.7332,10.367,37.353,0.1822,-0.272,0.6388,190.5156
19:32:26:848,3.8715,0.7967,9.7553,36.4615,0.1435,-0.109,0.4726,189.8438
19:32:26:872,4.1134,0.507,9.8427,36.6359,-0.0993,-0.043,0.2623,189.0781
19:32:26:891,4.0798,-0.2149,10.9308,37.2738,-0.3561,-0.0547,0.0987,188.4062
19:32:26:904,4.0906,-0.9559,11.8766,38.4325,-0.4578,-0.0374,0.0386,188
19:32:26:923,4.4509,-1.5101,11.4516,37.1251,-0.5025,0.0374,0.0271,187.8438
19:32:26:943,4.6042,-1.5868,10.695,39.055,-0.681,0.0486,-0.048,187.8438
19:32:26:965,4.3923,-1.4084,11.1679,39.1211,-0.9952,-0.0353,-0.2094,187.8594
19:32:26:986,3.8632,-1.6813,13.1,36.7945,-1.1537,-0.0781,-0.394,187.9375
19:32:27:008,2.7175,-2.1386,14.2624,38.909,-0.935,0.1198,-0.4629,188.1875
19:32:27:028,2.016,-2.414,13.3191,39.909,-0.4836,0.3943,-0.313,188.6875
19:32:27:043,2.5667,-2.2176,10.8782,38.7898,-0.1457,0.5211,-0.1234,189.625
19:32:27:063,3.5304,-1.7819,9.1424,39.1837,-0.0655,0.3879,-0.0898,190.0469
19:32:27:087,4.0655,-1.327,8.6767,40.6321,-0.1172,0.0731,-0.2435,190.2188
19:32:27:105,3.9182,-1.1845,8.9508,40.8588,-0.1212,-0.1295,-0.4866,190.3125
19:32:27:124,3.2598,-1.2061,8.4409,41.0745,-0.0839,-0.056,-0.7058,190.6094
19:32:27:148,2.3213,-1.1426,7.3539,41.8599,-0.1321,0.0721,-0.8227,191.1875
19:32:27:163,1.6808,-0.9786,7.312,40.5557,-0.2594,0.1019,-0.8227,191.9688
19:32:27:186,1.4941,-0.6853,7.883,41.0575,-0.2764,0.177,-0.7519,192.9219
19:32:27:211,1.3409,-0.3585,7.7585,41.1893,-0.1494,0.2905,-0.6965,193.8906
19:32:27:226,1.0811,-0.0724,6.9756,42.1603,-0.0336,0.3605,-0.6219,194.7344
19:32:27:243,1.1805,0.264,6.474,40.7557,0.0163,0.2963,-0.5194,195.5625
19:32:27:263,1.4821,0.5836,6.7697,40.5985,0.0352,0.1221,-0.4613,196.2812
19:32:27:290,1.7646,0.7955,7.2785,40.8783,0.0511,0.0369,-0.4485,196.875
19:32:27:305,2.3632,1.2312,7.9489,41.6397,0.0354,0.0814,-0.4773,197.375
19:32:27:326,3.0132,1.5987,8.5929,42.9997,0.0341,0.1917,-0.6376,197.875
19:32:27:343,2.7199,1.5676,8.5714,40.8229,0.0266,0.3317,-0.8888,198.4219
19:32:27:365,1.8197,1.3474,8.4828,41.1194,-0.0639,0.4404,-1.0304,199.1094
19:32:27:388,1.1493,1.1833,8.9449,42.7635,-0.183,0.5048,-1.0075,200.125
19:32:27:406,-1.4316,1.0565,11.0338,42.5574,-0.2045,0.4028,-0.6616,201.3125
19:32:27:424,-2.1499,0.4064,12.8809,41.6166,-0.0051,0.2055,-0.2323,202.4219
19:32:27:443,-0.9097,-0.2029,13.8087,44.4021,0.2661,0.0537,0.1374,203.4688
19:32:27:465,-0.7828,-0.3394,14.7711,42.943,0.3135,0.0657,0.2905,204.4531
19:32:27:485,-0.8462,-0.6985,15.4619,43.4451,0.3265,0.3616,0.5451,204.4531
19:32:27:504,-0.0071,-0.6015,14.7879,44.216,0.4506,0.5624,0.9435,204.3281
19:32:27:524,2.3405,0.4842,13.6471,44.051,0.5278,0.5291,1.3036,203.9844
19:32:27:542,4.3372,1.2719,12.8043,46.5537,0.5345,0.1996,1.3081,203.3281
19:32:27:562,4.688,1.1091,12.6858,44.5851,0.6402,-0.3271,0.9962,202.2812
19:32:27:588,4.0224,0.2915,12.0908,46.298,0.8354,-0.5676,0.6146,200.75
19:32:27:606,2.9977,-0.5788,10.3179,46.6713,0.947,-0.2891,0.3446,199.2188
19:32:27:623,2.617,-1.1031,7.8124,47.4405,0.8658,0.0798,0.1666,198.0469
19:32:27:643,2.4147,-1.3533,5.921,45.2753,0.5313,0.291,-0.0123,197.3594
19:32:27:663,1.8963,-1.2097,5.1453,47.4561,0.0708,0.2516,-0.1964,196.9062
19:32:27:689,1.026,-0.9726,5.6935,47.8503,-0.3436,0.0031,-0.3348,196.6562
19:32:27:707,0.3281,-1.1163,6.9625,46.6789,-0.5579,-0.2949,-0.3457,196.625
19:32:27:730,-0.1639,-1.2097,8.2517,48.5455,-0.5385,-0.5162,-0.1993,196.8281
19:32:27:742,-0.3614,-1.0181,9.1256,46.5864,-0.3324,-0.6105,0.0511,197.2344
19:32:27:763,-0.1675,-0.7751,9.0346,49.2225,-0.0032,-0.524,0.3302,197.6562
19:32:27:789,0.4275,-0.4699,7.6101,49.3621,0.29,-0.3514,0.5664,197.9375
19:32:27:852,1.3385,0.0521,6.067,48.8361,0.3561,-0.2566,0.6793,197.9375
19:32:27:852,1.9981,0.5154,5.253,49.2176,0.1936,-0.2981,0.6428,196.9531
19:32:27:852,2.362,0.9391,5.9641,49.6176,-0.0796,-0.4161,0.5256,196.1562
19:32:27:866,2.5392,0.8673,7.3036,50.7849,-0.2181,-0.4174,0.3493,195.7812
19:32:27:889,2.1561,0.6447,8.1296,49.4441,-0.2171,-0.2904,0.1864,195.1094
19:32:27:906,1.7814,0.6686,8.308,49.9894,-0.2104,-0.1029,0.116,194.6562
19:32:27:923,1.8006,0.7512,8.7078,52.9652,-0.3076,-0.0185,0.0979,194.4062
19:32:27:943,1.9526,1.0205,9.8199,52.1843,-0.3894,0.0233,0.0923,194.2812
19:32:27:963,2.2758,1.1043,10.6256,50.2434,-0.3175,0.0111,0.0428,194.1875
19:32:27:988,2.3919,0.8649,10.3383,52.1951,-0.2019,-0.1032,-0.0355,194.125
19:32:28:006,2.5428,0.3945,10.4508,53.6278,-0.2469,-0.2757,-0.0592,194.0781
19:32:28:023,2.8564,-0.2364,11.6335,53.1565,-0.3835,-0.3998,-0.044,194.1094
19:32:28:044,2.8289,-0.7931,13.2712,53.1998,-0.4655,-0.3295,0.0282,194.1875
19:32:28:063,3.3963,-1.424,13.8697,52.785,-0.4274,-0.0568,0.1752,194.2969
19:32:28:090,4.2785,-1.5963,13.1862,55.1549,-0.3835,0.2209,0.2596,194.375
19:32:28:107,5.0028,-1.5089,12.177,54.6086,-0.4293,0.3163,0.1693,194.3281
19:32:28:123,4.7394,-1.4048,11.6467,54.0462,-0.5388,0.2082,-0.0887,194.0938
19:32:28:150,3.6956,-1.8154,12.2153,57.0969,-0.6165,0.0585,-0.3274,193.875
19:32:28:163,2.6864,-2.3242,13.0892,56.0649,-0.4884,0.0145,-0.4022,193.875
19:32:28:186,2.0747,-2.5229,12.7959,56.3114,-0.1481,0.1027,-0.2919,194.2031
19:32:28:210,2.5835,-2.2571,11.1739,55.247,0.2013,0.1195,-0.1103,194.7031
19:32:28:227,3.6489,-1.8429,9.5087,53.8408,0.3553,-0.019,-0.0627,195.1406
19:32:28:242,4.3707,-1.4347,8.6025,56.1189,0.31,-0.1924,-0.2121,195.3594
19:32:28:266,4.1924,-1.1869,8.1392,55.7479,0.1595,-0.2174,-0.4669,195.4375
19:32:28:290,3.3436,-1.09,7.9237,57.0488,0.0192,-0.1133,-0.6858,195.625
19:32:28:309,2.5104,-1.0253,7.5215,56.674,-0.0394,0.0593,-0.7974,196.1406
19:32:28:325,1.8903,-0.732,6.8547,57.297,-0.0434,0.2244,-0.8134,196.9219
19:32:28:344,1.5659,-0.4088,6.2011,56.4017,-0.0458,0.3011,-0.7822,197.7812
19:32:28:363,1.4223,-0.07,5.8755,56.8241,-0.0485,0.2939,-0.742,198.7188
19:32:28:388,1.4139,0.1802,5.7007,58.0836,-0.0184,0.2276,-0.7143,199.625
19:32:28:406,1.4019,0.3801,5.6253,57.7721,-0.0099,0.1315,-0.7127,200.4844
19:32:28:423,1.269,0.4543,5.7019,57.0804,-0.0794,0.0617,-0.7087,201.2656
19:32:28:442,1.2487,0.7428,6.7649,57.0413,-0.2266,0.0409,-0.6776,201.6719
19:32:28:463,1.4223,0.9762,8.3631,59.3397,-0.2778,0.1474,-0.6597,202.4844
19:32:28:489,1.3504,1.1283,9.3926,58.9063,-0.1989,0.2457,-0.6661,203.2969
19:32:28:508,1.6509,1.3414,9.9887,58.5596,-0.1404,0.3605,-0.6464,204.0469
19:32:28:524,1.8065,1.5568,10.4376,59.476,-0.1396,0.4588,-0.6709,204.8281
19:32:28:543,1.4462,1.3761,11.0542,58.6393,-0.1558,0.5459,-0.6747,205.5938
19:32:28:563,0.8118,1.0373,11.5246,59.4733,-0.1278,0.6021,-0.542,206.3125
19:32:28:588,0.552,0.835,12.037,60.8879,-0.053,0.4705,-0.2693,207.125
19:32:28:607,0.977,0.5537,12.8259,62.5872,0.0924,0.2058,0.0039,207.8438
19:32:28:625,1.7706,0.2927,13.2077,61.282,0.2658,-0.0177,0.2023,208.4219
19:32:28:643,1.9921,0.3645,12.8618,61.5691,0.3558,-0.1748,0.2362,208.4219
19:32:28:664,1.5587,0.3035,12.9671,61.2849,0.2727,-0.3402,0.2101,208.1719
19:32:28:689,1.4223,-0.173,13.7787,61.4318,0.1457,-0.4321,0.2346,207.8906
19:32:28:704,1.1817,-0.7895,14.6526,61.0445,0.1252,-0.3501,0.286,207.625
19:32:28:722,1.0248,-1.2264,14.8909,60.7767,0.3571,-0.0952,0.3789,207.3594
19:32:28:742,0.965,-1.5125,12.8079,61.9392,0.812,0.1118,0.4537,207.0312
19:32:28:762,0.886,-1.5987,9.5793,62.472,1.0807,0.0755,0.4841,206.5781
19:32:28:782,1.3696,-1.4862,7.2929,62.0951,0.9308,-0.1002,0.4599,206
19:32:28:809,1.1218,-1.236,7.6292,61.3319,0.0144,-0.4614,0.1832,205.3594
19:32:28:827,0.6118,-1.1594,8.9018,61.7622,-0.2232,-0.476,0.1967,204.7812
19:32:28:846,0.6047,-0.8434,9.5889,60.424,-0.1542,-0.4315,0.3126,204.3906
19:32:28:863,0.6118,-0.6159,9.2513,61.6128,0.1193,-0.3346,0.4196,204.2031
19:32:28:889,0.868,-0.4136,7.9596,61.6128,0.4083,-0.1578,0.5544,204.0312
19:32:28:907,1.2295,-0.0365,6.31,60.1261,0.5545,0.0529,0.6303,203.7031
19:32:28:925,1.4354,0.2879,5.0363,59.9813,0.5081,0.2372,0.6223,203.2188
19:32:28:943,1.5073,0.2328,4.1648,61.5785,0.3073,0.3634,0.593,202.5469
19:32:28:962,1.5013,0.2173,4.0583,60.2575,0.0091,0.2622,0.6008,201.7969
19:32:28:981,1.6952,0.4232,5.5786,60.4045,-0.2578,-0.1002,0.6306,201.0312
19:32:29:006,2.2315,0.6686,8.0231,60.8824,-0.29,-0.4262,0.6037,200.2969
19:32:29:025,2.6098,0.732,9.6093,61.5666,-0.0844,-0.6006,0.4969,199.625
19:32:29:041,2.6673,0.6399,9.8846,62.0933,0.1145,-0.5788,0.377,198.2969
19:32:29:062,2.2375,0.7177,9.954,61.379,0.1119,-0.3639,0.3208,198.0156
19:32:29:083,2.1142,0.6806,10.4472,62.7637,0.0093,-0.0259,0.3533,197.5625
19:32:29:105,2.368,0.823,10.6495,62.7693,-0.0794,0.2854,0.4093,197.1875
19:32:29:124,3.1317,1.1391,10.9177,63.0681,-0.1318,0.3176,0.3808,196.8125
19:32:29:142,3.7997,1.0134,11.5809,62.4969,-0.134,0.0952,0.2047,196.3906
19:32:29:163,3.7159,0.3226,12.5062,62.8494,-0.1009,-0.0733,0.013,195.9219
19:32:29:189,3.3041,-0.5884,12.8043,63.2555,-0.0402,0.0508,-0.0206,195.5781
19:32:29:206,3.0312,-0.8685,11.9699,62.5324,-0.0011,0.3871,0.0937,195.4844
19:32:29:225,3.2227,-0.6195,10.9213,62.5039,-0.0439,0.5885,0.2066,195.5156
19:32:29:243,3.7518,-0.2436,10.0677,61.4836,-0.1811,0.6132,0.1853,195.4844
19:32:29:263,4.0068,-0.0078,9.7637,63.9194,-0.4224,0.3621,0.0252,195.2812
19:32:29:288,4.1026,-0.5632,11.5282,62.4874,-0.6,-0.2369,-0.2374,195.0312
19:32:29:304,3.2095,-1.3593,13.8015,62.7859,-0.4408,-0.5812,-0.4137,194.9062
19:32:29:323,2.6445,-1.9243,14.0553,62.4188,0,-0.3431,-0.3607,195.0781
19:32:29:343,2.9881,-2.0022,10.9763,61.827,0.3768,0.1741,-0.2326,195.5156
19:32:29:363,3.4107,-1.2707,7.5071,60.8972,0.3422,0.3594,-0.2246,196.0312
19:32:29:390,3.8404,-0.7715,6.1424,61.5497,-0.0269,0.0801,-0.382,196.3438
19:32:29:408,3.7375,-0.6243,7.2139,62.0187,-0.4674,-0.2499,-0.6422,196.4375
19:32:29:426,2.8468,-0.6494,8.8347,61.1312,-0.6671,-0.2233,-0.889,196.625
19:32:29:447,1.6078,-0.8254,9.3172,60.2104,-0.5731,0.1035,-0.9777,197.0625
19:32:29:462,0.6525,-0.8697,8.1859,61.7241,-0.3228,0.4745,-0.8683,197.8594
19:32:29:483,0.2587,-0.5656,6.4274,61.5017,-0.106,0.5922,-0.6296,199.4844
19:32:29:508,0.5556,-0.0078,5.2757,61.3443,-0.0013,0.3552,-0.4238,200.6094
19:32:29:526,1.1254,0.4328,5.0878,62.0772,0.0008,-0.0443,-0.3529,201.5
19:32:29:543,1.5192,0.5525,5.818,61.0005,-0.09,-0.3522,-0.3905,202.0781
19:32:29:562,1.39,0.6183,6.3053,61.3242,-0.2053,-0.4398,-0.4366,202.4844
19:32:29:589,1.0272,0.9679,7.4389,61.5098,-0.3832,-0.3932,-0.4523,202.9062
19:32:29:608,1.0871,0.9738,9.4955,62.5123,-0.4871,-0.1684,-0.4198,203.3906
19:32:29:625,1.1242,0.8601,11.0146,62.4931,-0.3995,0.1823,-0.3636,203.9219
19:32:29:642,1.1326,1.1786,11.1763,63.343,-0.2445,0.515,-0.2784,204.4688
19:32:29:662,1.3074,1.2803,11.0805,63.0192,-0.1752,0.6601,-0.203,204.9688
19:32:29:684,1.0081,1.3186,11.9651,64.8811,-0.1361,0.5738,-0.1023,205.3594
19:32:29:708,0.7495,1.1821,13.1814,63.9324,0.0048,0.3522,0.0535,205.6406
19:32:29:724,0.9973,0.592,13.9799,62.5248,0.2509,0.1578,0.2569,205.8438
19:32:29:742,1.6593,0.398,13.6171,64.3345,0.4328,0.1512,0.4263,205.8906
19:32:29:763,2.0172,0.5058,12.5924,64.9893,0.3928,0.2878,0.4721,205.7188
19:32:29:783,1.9095,0.6219,12.0465,65.5297,0.1806,0.3261,0.4631,205.2812
19:32:29:805,2.0747,0.6015,12.6499,65.2211,-0.0282,0.2297,0.4524,204.7188
19:32:29:823,2.0005,0.0521,13.173,63.6194,-0.0155,0.0569,0.3736,204.1875
19:32:29:842,1.5923,-0.7236,12.9527,62.975,0.2043,-0.1165,0.303,203.6562
19:32:29:925,1.1457,-1.3749,11.6635,63.1187,0.5004,-0.1492,0.2857,203.1719
19:32:29:926,0.8501,-1.7436,9.3459,62.7487,0.6565,-0.1192,0.3033,202.8125
19:32:29:926,1.0835,-1.8022,7.8244,62.7737,0.5334,-0.2078,0.2939,202.2656
19:32:29:927,1.1828,-1.7268,7.5167,62.8256,0.2607,-0.4009,0.2109,201.875
19:32:29:945,0.7746,-1.5437,8.1907,63.0994,0.0045,-0.6126,0.1435,201.5312
19:32:29:962,0.6023,-1.1785,8.9293,61.7655,-0.1244,-0.676,0.2039,201.2812
19:32:29:982,0.9566,-0.8505,9.3279,61.7229,-0.089,-0.5844,0.2812,201.1406
19:32:30:008,1.1936,-0.6434,8.9784,62.4669,0.057,-0.3937,0.3155,200.9219
19:32:30:023,1.4019,-0.5477,8.3367,60.4663,0.2035,-0.1745,0.3557,200.6406
19:32:30:042,1.6761,-0.4734,7.4688,61.9827,0.2935,0.0114,0.3872,200.2969
19:32:30:062,1.7012,-0.3741,6.8416,60.848,0.2645,0.0729,0.3699,199.8594
19:32:30:082,1.4043,-0.4854,6.7913,61.2645,0.1915,0.0369,0.3597,199.4062
19:32:30:106,1.1601,-0.5213,7.142,61.4748,0.1638,-0.0004,0.4119,198.9531
19:32:30:123,1.269,-0.5285,7.1313,61.2698,0.1912,-0.0126,0.487,198.5312
19:32:30:147,1.4965,-0.2711,7.0762,60.7933,0.1787,-0.0488,0.5443,198.0625
19:32:30:161,2.131,0.0856,7.397,62.6534,0.123,-0.1777,0.5547,197.4844
19:32:30:182,2.7295,0.337,8.3583,60.893,0.0474,-0.329,0.4535,196.8438
19:32:30:210,2.3225,0.1454,10.3083,61.5188,-0.041,-0.0893,0.1975,196.2031
19:32:30:231,1.9861,0.07,10.4508,60.6056,-0.0676,0.194,0.2018,196.2031
19:32:30:243,2.3045,0.0377,10.2138,62.3789,-0.1031,0.2793,0.2415,195.7188
19:32:30:262,2.8803,0.0796,10.282,62.3786,-0.1587,0.0497,0.2085,195.1719
19:32:30:282,3.2419,-0.252,11.1176,61.8545,-0.229,-0.2486,0.1123,194.9531
19:32:30:308,3.2359,-0.9116,12.4188,61.97,-0.2562,-0.2374,0.0806,194.6875
19:32:30:325,2.9929,-1.2755,12.2848,62.8668,-0.2032,0.0918,0.1501,194.4062
19:32:30:341,2.8672,-1.0504,11.1176,61.841,-0.1899,0.316,0.2532,194.3125
19:32:30:361,3.2059,-0.7811,10.2533,62.4297,-0.289,0.344,0.2862,194.25
19:32:30:382,3.5795,-0.6375,10.0773,61.795,-0.4698,0.1783,0.1957,194.0469
19:32:30:406,3.8057,-0.8733,11.3893,61.7126,-0.5934,-0.2164,0.0399,193.75
19:32:30:423,3.6716,-1.1486,13.3382,61.5585,-0.4607,-0.4246,-0.0746,193.5
19:32:30:442,3.698,-1.6071,13.513,62.2008,-0.0647,-0.2638,-0.1183,193.4375
19:32:30:462,3.9099,-1.588,11.0087,59.5052,0.2586,0.0947,-0.1367,193.4531
19:32:30:484,4.4043,-1.1941,8.4109,60.3914,0.2128,0.1879,-0.2421,193.5938
19:32:30:506,4.6616,-1.005,7.6065,59.1674,-0.0908,0.054,-0.4912,193.7188
19:32:30:524,3.9865,-0.9283,8.0075,60.6061,-0.3902,0.0489,-0.7692,193.8438
19:32:30:541,2.7894,-1.0564,8.2517,59.7764,-0.4772,0.1631,-0.9458,194.0938
19:32:30:562,1.7623,-1.0349,7.7035,58.7812,-0.4093,0.2984,-0.9415,194.6562
19:32:30:582,1.3265,-0.7069,7.0067,59.6339,-0.3036,0.2899,-0.8235,195.5938
19:32:30:609,1.2966,-0.2388,6.7769,58.0419,-0.1963,0.1565,-0.7074,196.7188
19:32:30:622,1.3648,0.1478,6.504,58.4439,-0.0751,0.0612,-0.6488,197.7969
19:32:30:648,1.3301,0.3789,6.0227,58.0136,-0.0083,0.0252,-0.6291,198.7656
19:32:30:662,1.2475,0.6051,5.6469,58.87,-0.0631,0.0638,-0.6158,199.6094
19:32:30:684,1.2714,0.7811,5.7522,59.1013,-0.2272,0.0843,-0.6161,200.3125
19:32:30:705,1.3516,0.8314,6.8368,59.3364,-0.4293,0.0553,-0.6051,201.0312
19:32:30:724,1.615,1.0265,8.9185,59.4657,-0.5353,0.039,-0.5817,201.75
19:32:30:742,1.7192,1.0301,10.7477,60.4307,-0.4203,0.0484,-0.5988,202.8125
19:32:30:762,1.5288,1.0624,11.3822,58.5624,-0.1593,0.1062,-0.6027,203.5312
19:32:30:783,1.4725,0.9691,11.0996,60.1257,-0.0059,0.1882,-0.5639,204.2656
19:32:30:806,1.1721,0.8661,11.2397,58.6002,-0.0493,0.2494,-0.4904,204.9531
19:32:30:823,0.6932,0.5848,12.4093,59.7243,-0.1209,0.1584,-0.33,205.625
19:32:30:842,0.9315,-0.0114,14.1965,59.4195,-0.0035,0.014,-0.0722,206.25
19:32:30:861,1.6701,-0.5297,14.6059,58.1271,0.2975,0.009,0.1493,206.75
19:32:30:881,2.1824,-0.4938,13.5142,58.9194,0.5044,0.185,0.2338,206.9844
19:32:30:905,1.943,-0.3142,12.1232,58.7011,0.441,0.3416,0.197,206.9062
19:32:30:924,1.8221,-0.422,11.509,56.7479,0.1563,0.3874,0.1691,206.625
19:32:30:941,1.7323,-0.7308,12.116,57.2258,-0.1569,0.2865,0.1384,206.3438
19:32:30:966,1.2726,-1.2863,13.3825,55.4284,-0.2469,0.1147,0.1387,206.1094
19:32:30:983,1.0392,-1.7903,14.1163,55.4284,0.0618,0.0835,0.226,205.9375
19:32:31:010,1.0021,-2.1805,11.8371,55.6991,0.6115,0.193,0.3105,205.8125
19:32:31:024,0.9434,-1.9962,8.3631,55.4615,0.8559,0.1291,0.3808,205.625
19:32:31:041,1.3193,-1.7795,6.4321,54.7677,0.6719,-0.1429,0.385,205.2969
19:32:31:062,1.1565,-1.5006,6.5052,52.5416,0.2991,-0.4971,0.3075,204.8281
19:32:31:084,0.7567,-1.5508,7.9094,52.7913,-0.0237,-0.672,0.3033,204.3438
19:32:31:106,0.7004,-1.3701,9.2669,51.3137,-0.1577,-0.6014,0.4109,203.9219
19:32:31:124,0.8872,-1.0289,10.13,51.0439,-0.0581,-0.4273,0.5328,203.5938
19:32:31:142,1.2595,-0.7272,9.535,49.5904,0.2016,-0.1674,0.6252,203.2188
19:32:31:162,1.682,-0.4495,7.9177,48.8723,0.4099,-0.0046,0.6335,202.7031
19:32:31:182,1.8724,-0.3633,6.6512,48.2433,0.433,-0.0496,0.5901,201.6562
19:32:31:208,2.0172,-0.1766,6.3364,49.2769,0.2977,-0.1152,0.5398,200.9219
19:32:31:227,1.9993,-0.0126,7.0271,47.9557,0.168,-0.1205,0.4692,200.2031
19:32:31:242,1.7958,-0.0281,7.4844,46.8976,0.1867,0.0241,0.4165,199.5469
19:32:31:262,1.7096,0.0317,7.0714,47.5997,0.2495,0.1432,0.4106,199.0312
19:32:31:281,1.7551,0.264,6.498,44.468,0.2149,0.1232,0.4242,198.5312
19:32:31:307,1.8987,0.6243,7.0139,45.4708,0.0653,-0.0683,0.4247,198.0312
19:32:31:324,2.1764,0.9846,8.6911,47.1852,-0.0458,-0.2105,0.409,197.5312
19:32:31:342,2.4697,1.0589,9.9157,46.8108,0.0072,-0.2068,0.3294,197.0625
19:32:31:367,2.3273,1.0648,9.9564,45.4851,0.0831,-0.0646,0.2191,196.6094
19:32:31:391,2.1848,0.9296,9.5997,45.7212,0.0469,0.0601,0.1427,196.2344
19:32:31:408,2.3345,0.6782,9.7337,45.8165,-0.0983,0.0364,0.0892,195.9844
19:32:31:427,2.5069,0.0102,10.7657,44.5492,-0.2804,-0.1322,0.0231,195.8125
19:32:31:446,2.5882,-1.0277,12.3817,45.4592,-0.3856,-0.235,0.0476,195.7344
19:32:31:462,3.5364,-1.6981,12.28,44.3862,-0.2762,0.2012,0.2929,195.7188
19:32:31:482,3.9362,-1.6418,10.9153,43.9069,-0.3449,0.3397,0.2071,195.6562
19:32:31:507,4.0535,-1.6981,10.2018,44.6724,-0.571,0.2249,0.0095,195.375
19:32:31:524,3.7901,-2.1961,11.6539,43.8013,-0.8016,-0.1849,-0.2331,195.1094
19:32:31:542,3.0072,-2.9251,14.1211,43.3819,-0.7316,-0.4326,-0.3359,195.0312
19:32:31:562,2.3979,-3.3297,14.8573,43.1554,-0.2794,-0.2369,-0.2187,195.2344
19:32:31:585,2.7367,-3.2471,12.4117,42.8833,0.2951,0.1142,-0.003,195.8906
19:32:31:609,3.6297,-2.4068,8.8539,41.2718,0.5252,0.2404,0.1185,196.1562
19:32:31:627,4.5,-1.3904,7.0199,40.6554,0.3159,0.0878,-0.0003,196.1562
19:32:31:643,4.5012,-0.8422,6.9385,40.7161,-0.0511,-0.0211,-0.3194,195.9375
19:32:31:661,3.3975,-0.7632,7.4832,39.3743,-0.3132,0.0638,-0.6328,195.9375
19:32:31:683,2.0017,-0.8601,7.5802,38.1689,-0.3822,0.2598,-0.7676,196.2812
19:32:31:707,0.8632,-0.7643,7.1121,38.9744,-0.3419,0.4127,-0.6981,196.2812
19:32:31:723,0.6382,-0.4555,6.7721,37.7505,-0.2509,0.3626,-0.4984,197.0469
19:32:31:741,1.0476,-0.0293,6.7601,37.8504,-0.1129,0.189,-0.3495,197.9219
19:32:31:761,1.4283,0.2173,6.5387,37.7344,0.0202,0.0116,-0.3103,198.7656
19:32:31:781,1.5623,0.4771,6.4788,37.9894,0.0325,-0.0435,-0.3308,199.3594
19:32:31:806,1.6593,0.6051,6.5423,37.0583,-0.0509,0.0417,-0.3729,199.7656
19:32:31:826,1.6761,0.6865,6.8655,38.1813,-0.1843,0.1544,-0.4302,200.1094
19:32:31:841,1.6114,0.8158,7.7992,37.3103,-0.2983,0.2548,-0.4624,200.4844
19:32:31:860,1.694,0.9236,8.7186,37.9986,-0.2834,0.3147,-0.4547,201.1406
19:32:31:881,2.1166,1.1343,9.3567,37.7664,-0.1835,0.3035,-0.4342,201.6875
19:32:31:908,2.2363,1.4132,9.8989,38.6822,-0.0961,0.2401,-0.4536,202.25
19:32:31:927,1.7359,1.4527,10.5298,38.5384,-0.0455,0.2204,-0.4456,202.7812
19:32:32:008,1.4271,1.2695,11.0362,37.5565,-0.0415,0.2502,-0.3332,203.2812
19:32:32:008,1.2738,1.017,11.9448,37.1713,-0.1097,0.2486,-0.1785,203.8281
19:32:32:008,1.5085,0.3418,13.7955,38.3251,-0.1052,0.202,-0.0158,204.2812
19:32:32:009,2.3021,-0.3238,14.6574,37.118,0.1025,0.2393,0.1001,204.5625
19:32:32:026,2.1908,-0.2951,13.5106,37.3855,0.281,0.3397,0.0761,204.6562
19:32:32:043,1.6354,-0.2652,12.5745,38.4101,0.1627,0.3786,0.0399,204.6875
19:32:32:061,1.4319,-0.6494,12.5733,35.7427,-0.09,0.459,0.0138,204.5781
19:32:32:081,0.9051,-1.2707,12.7828,36.1265,-0.2123,0.3022,-0.0083,204.4844
19:32:32:107,0.5759,-1.9052,13.744,37.0313,-0.119,-0.0837,0.0572,204.4375
19:32:32:124,0.4562,-2.323,14.5988,35.734,0.2916,-0.308,0.1507,204.4219
19:32:32:142,0.1043,-2.7479,12.4859,35.9475,0.8357,-0.2076,0.238,204.4375
19:32:32:161,0.3114,-2.6749,9.1232,36.142,0.9659,0.0374,0.3712,204.3125
19:32:32:182,0.643,-2.22,7.0894,34.3548,0.6818,0.0601,0.4268,204.0625
19:32:32:208,0.2814,-1.5413,6.9613,34.5656,0.2932,-0.2068,0.4367,203.6719
19:32:32:226,0.3736,-1.1187,8.2601,35.583,0.0421,-0.5261,0.5235,203.1406
19:32:32:244,1.1374,-0.8481,9.3447,33.946,0.0378,-0.5948,0.5784,202.625
19:32:32:261,1.4869,-0.7093,9.3758,34.2149,0.2168,-0.4225,0.5379,202.1094
19:32:32:283,1.3133,-0.5992,8.1368,31.8847,0.4397,-0.1295,0.5134,201.4531
19:32:32:306,1.3349,-0.4699,6.2957,32.969,0.5294,0.0084,0.5206,200.8125
19:32:32:325,1.5959,-0.4315,5.4206,32.7521,0.3923,-0.0789,0.5217,200.1875
19:32:32:343,1.4941,-0.2951,5.9317,31.7063,0.1854,-0.1881,0.5166,199.5938
19:32:32:361,1.603,-0.2197,6.9732,32.1584,0.1353,-0.2512,0.5453,198.9531
19:32:32:381,1.9466,-0.0772,7.2605,31.4914,0.2181,-0.1711,0.5579,198.3438
19:32:32:407,2.2698,0.0928,6.7135,30.4874,0.2738,-0.0925,0.5129,197.7656
19:32:32:423,2.3799,0.319,6.3436,32.5999,0.1907,-0.1149,0.4063,197.1094
19:32:32:442,2.2902,0.5261,6.8894,31.9951,0.0392,-0.2062,0.2809,196.1719
19:32:32:461,1.9251,0.4232,7.8818,33.2041,-0.0687,-0.333,0.184,195.7188
19:32:32:482,1.7958,0.3142,8.9963,32.8889,-0.1286,-0.3458,0.1837,195.4062
19:32:32:508,2.0711,0.2436,9.6571,30.1866,-0.1635,-0.2363,0.1944,195.2031
19:32:32:523,2.508,0.1873,10.1384,32.4767,-0.2362,-0.137,0.1475,195.0312
19:32:32:541,2.793,-0.1538,10.7764,32.273,-0.3452,-0.1543,0.0479,194.9375
19:32:32:566,2.6709,-0.9152,12.3961,32.5029,-0.432,-0.2885,-0.035,194.75
19:32:32:580,2.7666,-1.8561,14.3055,31.675,-0.3515,-0.2084,0.0364,194.6719
19:32:32:601,3.1557,-2.0177,13.9643,32.3242,-0.135,0.1048,0.1762,194.7188
19:32:32:624,3.7578,-1.5413,12.3255,30.7215,-0.0272,0.2673,0.2007,194.7969
19:32:32:642,4.02,-1.1857,10.8638,30.976,-0.1518,0.2196,0.0276,194.7031
19:32:32:661,3.8488,-1.3473,10.8387,30.7627,-0.4858,0.0423,-0.2451,194.4531
19:32:32:682,3.2658,-2.1757,13.2305,30.8039,-0.7886,-0.0792,-0.4518,194.3281
19:32:32:707,2.3237,-2.6354,15.8006,30.1926,-0.6871,0.2588,-0.4512,194.4688
19:32:32:725,2.1573,-2.8078,14.7879,31.2597,-0.1284,0.7573,-0.2904,195.25
19:32:32:741,2.7343,-2.305,11.3283,28.7649,0.3691,0.8313,-0.1375,195.8438
19:32:32:763,3.5663,-1.7567,8.6887,30.2412,0.5116,0.4079,-0.134,196.2031
19:32:32:782,3.6776,-1.1785,7.8495,30.7004,0.38,-0.0632,-0.2909,196.3438
19:32:32:808,3.0503,-0.8757,7.9967,28.0049,0.1942,-0.2161,-0.4675,196.4531
19:32:32:829,2.1597,-0.6937,8.0398,28.9804,0.1377,-0.1183,-0.5303,196.75
19:32:32:842,1.4989,-0.4411,7.1181,29.1197,0.1792,0.0787,-0.489,197.2656
19:32:32:860,1.2092,0.0976,5.8934,26.9293,0.1952,0.2241,-0.3742,197.8281
19:32:32:880,1.3708,0.4974,5.0878,28.6736,0.1667,0.2071,-0.2648,198.375
19:32:32:903,1.9167,0.9631,4.9992,29.4427,0.1273,0.0952,-0.2278,198.7969
19:32:32:921,2.1884,1.1498,5.2303,29.3653,0.1388,-0.0219,-0.2922,199.0625
19:32:32:940,2.2543,1.4611,5.417,27.7807,0.1502,-0.0672,-0.3742,199.3125
19:32:32:961,2.6098,1.7448,5.8803,29.4025,0.09,-0.0534,-0.4794,199.4531
19:32:32:980,2.3321,1.819,6.5542,28.1059,-0.057,0.0612,-0.6334,199.8281
19:32:33:002,1.2511,1.7783,9.1711,28.5449,-0.2237,0.3568,-0.6528,200.5781
19:32:33:025,1.4103,1.9315,9.9373,29.4551,-0.1981,0.4207,-0.6137,200.5781
19:32:33:041,1.7036,2.0596,10.9739,29.6223,-0.2117,0.4215,-0.59,201.2969
19:32:33:060,1.5827,1.9291,12.3686,28.6472,-0.1481,0.2593,-0.5516,202.8281
19:32:33:080,1.2475,1.4635,13.7536,30.2079,0.0301,0.0265,-0.4246,203.5469
19:32:33:102,1.5659,0.7081,14.6766,28.2936,0.2535,-0.1223,-0.2206,204.2188
19:32:33:122,2.1094,0.4747,14.3749,28.2936,0.4013,-0.0422,-0.0653,204.8594
19:32:33:139,2.0065,0.5142,13.2544,29.8375,0.306,0.1959,-0.0698,205.3125
19:32:33:160,1.0464,0.4459,12.7672,29.4557,0.0144,0.4071,-0.0925,205.5469
19:32:33:180,0.4418,0.0018,12.9935,28.3315,-0.2024,0.5443,-0.0198,205.6094
19:32:33:202,-0.0777,-0.5477,12.5613,28.0625,-0.2189,0.4518,0.0865,205.6562
19:32:33:227,-0.1447,-0.9272,12.7708,30.5525,-0.0916,0.1128,0.2402,205.75
19:32:33:244,0.4047,-1.3006,13.2089,30.2446,0.2892,-0.1194,0.3392,205.7656
19:32:33:261,0.443,-1.6454,11.0458,29.8462,0.7771,-0.0978,0.3073,205.4062
19:32:33:280,0.4957,-1.6718,7.907,31.5728,0.8535,-0.0009,0.2641,205
19:32:33:301,0.6537,-1.5245,6.2071,31.8071,0.477,-0.0164,0.1856,204.8125
19:32:33:323,0.3341,-1.3378,6.2933,32.6766,-0.0692,-0.1548,0.095,204.4531
19:32:33:341,0.0672,-1.2731,7.8327,30.8445,-0.4911,-0.3285,0.1336,204.1562
19:32:33:360,0.1067,-0.8745,9.7302,31.461,-0.5513,-0.3884,0.262,204
19:32:33:383,0.2886,-0.6075,10.2473,32.0249,-0.2402,-0.2944,0.372,203.9219
19:32:33:408,0.5783,-0.4064,8.8096,34.0768,0.1774,-0.1125,0.4729,203.75
19:32:33:428,1.111,0.0174,6.6129,32.7752,0.4187,0.0417,0.5366,203.4219
19:32:33:443,1.6354,0.2747,4.8101,34.9507,0.3625,0.0151,0.4854,202.9375
19:32:33:464,1.5791,0.4076,4.2726,33.1027,0.0594,-0.1658,0.376,202.6875
19:32:33:482,1.2834,0.2891,5.7857,34.7604,-0.2732,-0.3445,0.3177,202.0469
19:32:33:508,1.2068,0.173,7.4987,34.0654,-0.3571,-0.3045,0.3283,201.4531
19:32:33:524,1.4067,0.1335,8.0351,33.6119,-0.2336,-0.1791,0.3358,201.0312
19:32:33:540,1.7934,0.1275,8.1955,35.6123,-0.1611,-0.1207,0.3147,200.7188
19:32:33:559,1.7778,0.4567,8.8671,36.7224,-0.1641,-0.1223,0.2604,200.0156
19:32:33:581,1.2631,0.4639,9.5362,37.2719,-0.0898,-0.1916,0.1864,199.8438
19:32:33:602,0.8153,0.2005,9.7972,38.1505,0.0013,-0.2235,0.2215,199.5312
19:32:33:624,0.9901,0.2604,10.0079,37.8855,0.0077,-0.1863,0.3435,199.2969
19:32:33:641,1.6114,0.343,10.2796,39.3561,-0.0621,-0.1716,0.4005,199.0938
19:32:33:667,2.4865,0.2664,10.9871,40.7636,-0.1976,-0.248,0.3382,198.7969
19:32:33:679,2.957,-0.2987,12.2441,42.0142,-0.3193,-0.3194,0.2122,198.3594
19:32:33:701,2.8732,-1.0445,13.4902,41.4818,-0.3441,-0.2592,0.1776,197.9375
19:32:33:726,2.9833,-1.5676,13.5669,42.222,-0.2554,-0.0584,0.2766,197.6562
19:32:33:743,3.0743,-1.5257,12.4978,43.7214,-0.1795,0.0686,0.377,197.5
19:32:33:761,3.2706,-1.1977,11.5246,43.0615,-0.2059,-0.0257,0.426,197.2812
19:32:33:781,3.9853,-0.9487,11.6647,45.8921,-0.3928,-0.1479,0.3603,196.9219
19:32:33:803,4.1373,-1.4491,13.337,44.7554,-0.5422,-0.0305,0.1246,196.2656
19:32:33:825,3.1688,-2.2332,13.7045,45.9352,-0.3135,0.2628,-0.0493,195.8906
19:32:33:842,2.9294,-2.6055,11.6192,47.138,0.0703,0.4798,0.0172,195.7969
19:32:33:862,3.9254,-2.2799,8.9532,46.128,0.2522,0.3429,0.0993,195.8438
19:32:33:883,4.9765,-1.673,7.9381,47.6543,0.1715,-0.1255,-0.069,195.9062
19:32:33:909,4.9741,-1.3545,8.2182,48.7089,-0.0056,-0.4315,-0.4374,195.7969
19:32:33:925,4.0762,-1.406,8.3679,49.6753,-0.1481,-0.3146,-0.7955,195.7188
19:32:33:941,2.7115,-1.4814,7.7537,48.7342,-0.2155,-0.0014,-1.0017,195.9844
19:32:33:960,1.4019,-1.3928,6.7278,50.1239,-0.273,0.279,-1.0043,196.7031
19:32:33:984,0.8094,-0.9978,6.1628,51.997,-0.3638,0.3674,-0.8573,197.7812
19:32:34:008,0.7291,-0.5561,6.5985,51.4718,-0.3856,0.2854,-0.6946,198.9219
19:32:34:077,0.8752,-0.2831,6.9421,52.2006,-0.2181,0.1506,-0.5817,200.0312
19:32:34:077,0.783,0.0916,6.6967,52.3349,0.0157,0.0468,-0.5149,200.9688
19:32:34:077,0.9829,0.4388,5.8132,54.5897,0.1451,0.005,-0.4621,201.6719
19:32:34:090,1.4582,0.8697,5.5882,53.4878,0.0346,-0.0534,-0.4826,202.3125
19:32:34:112,1.6928,1.1091,6.7075,55.8152,-0.2056,-0.0861,-0.587,203.1094
19:32:34:121,1.2068,1.1079,8.8084,56.1403,-0.3774,0.0066,-0.7125,203.6406
19:32:34:140,0.4861,0.6973,10.4496,55.5036,-0.3531,0.2505,-0.7207,204.3281
19:32:34:159,0.1091,0.5656,11.3031,58.1747,-0.2155,0.4881,-0.6051,205.1719
19:32:34:180,0.297,0.6973,11.4923,59.7009,-0.0748,0.6497,-0.4909,206
19:32:34:200,0.4454,0.653,11.7137,60.0014,0.0373,0.666,-0.4475,206.7188
19:32:34:226,-0.0753,0.4292,12.0346,60.0875,0.0967,0.4787,-0.4003,207.2969
19:32:34:242,-0.5135,-0.1586,13.337,61.0904,0.1121,0.2103,-0.207,207.8125
19:32:34:260,-0.1507,-0.7536,14.7245,63.2538,0.2099,0.1402,0.1403,208.25
19:32:34:280,0.7663,-0.6794,14.649,63.2027,0.3547,0.263,0.4583,208.4844
19:32:34:300,1.5108,-0.0413,13.7093,64.0463,0.3284,0.4225,0.5683,208.3125
19:32:34:324,1.7132,-0.1885,13.0126,65.7833,0.1148,0.5096,0.3784,207.8125
19:32:34:341,0.0528,-1.4802,13.0425,66.7198,-0.1451,0.4406,0.144,207.1406
19:32:34:368,-1.4783,-2.5205,14.236,67.9427,-0.0914,0.2888,0.3251,206.875
19:32:34:391,-0.0921,-2.1422,10.0366,66.3416,1.0464,0.0561,1.0583,206.2031
19:32:34:405,1.293,-1.3366,6.7985,68.6146,1.1311,-0.1165,1.07,206.2031
19:32:34:437,1.9945,-0.7979,5.0447,68.7153,0.7529,-0.3559,0.8125,205.3281
19:32:34:444,1.6701,-0.6219,5.4613,71.1885,0.1483,-0.6193,0.5009,204.0781
19:32:34:459,1.4965,-0.8661,7.4329,72.5938,-0.3542,-0.7871,0.3241,202.8906
19:32:34:480,1.3193,-1.0517,9.8451,72.6098,-0.5718,-0.7724,0.2164,201.9375
19:32:34:500,0.7052,-1.1833,11.1703,71.9782,-0.429,-0.4558,0.2231,201.375
19:32:34:527,0.0743,-1.1103,10.8147,73.963,-0.0386,-0.0502,0.3821,201.0469
19:32:34:545,0.2719,-0.9738,8.8156,74.0723,0.4112,0.2273,0.6367,200.8594
19:32:34:563,1.1194,-0.6662,6.4896,76.0962,0.7265,0.2332,0.8101,200.6406
19:32:34:579,1.9502,-0.2879,4.5766,76.2298,0.7987,0.0268,0.8242,200.2031
19:32:34:599,2.2231,0.161,3.7411,78.0754,0.6006,-0.2875,0.6868,199.4688
19:32:34:620,1.9813,0.4399,4.2582,79.0855,0.2575,-0.4358,0.5089,198.5
19:32:34:642,1.7599,0.5213,5.6456,79.8731,-0.0189,-0.3186,0.3674,196.7188
19:32:34:669,1.2631,0.5656,6.3364,81.2529,-0.1049,-0.0654,0.2649,196.4062
19:32:34:678,0.8908,0.4962,6.3998,80.9485,-0.1047,0.0225,0.2503,195.9219
19:32:34:700,1.1793,0.5166,6.7578,82.4262,-0.1481,-0.0419,0.2908,195.5781
19:32:34:727,1.3911,0.5836,7.5311,83.3408,-0.2791,-0.2438,0.2812,195.3281
19:32:34:745,1.2271,0.5632,9.0191,85.3775,-0.4898,-0.484,0.237,195.0156
19:32:34:760,1.1841,-0.094,11.3019,87.4969,-0.6914,-0.6483,0.2473,194.7031
19:32:34:779,1.5623,-0.6099,14.0696,87.151,-0.7529,-0.6784,0.3352,194.4688
19:32:34:800,2.4602,-1.1534,16.7248,87.7365,-0.576,-0.5287,0.4122,194.3594
19:32:34:823,3.0515,-1.6849,16.9439,88.9023,-0.1542,-0.1128,0.4702,194.1562
19:32:34:842,3.34,-1.8358,14.3342,90.5575,0.2296,0.2758,0.5499,193.8594
19:32:34:860,3.7854,-1.5616,11.6276,89.2468,0.3326,0.3237,0.5739,193.4688
19:32:34:880,4.0583,-0.9954,10.0378,92.2915,0.1302,0.1136,0.4761,192.9375
19:32:34:899,4.5563,-0.647,10.6615,94.2784,-0.2977,-0.1708,0.2719,192.2812
19:32:34:924,4.2798,-0.9535,13.3562,92.9863,-0.5617,-0.2726,-0.0366,191.3281
19:32:34:943,3.498,-1.7615,14.9268,94.5233,-0.392,0.055,-0.2342,190.8906
19:32:34:959,3.1641,-2.3122,13.6171,95.5863,0.086,0.5871,-0.2179,190.7969
19:32:34:980,3.7051,-1.9926,9.7325,94.6739,0.444,0.6825,-0.1633,191.0156
19:32:35:000,4.6927,-1.4144,7.4102,93.5483,0.3228,0.2108,-0.3148,191.3281
19:32:35:027,4.8089,-1.1678,8.2206,95.4155,-0.0844,-0.3357,-0.6816,191.5156
19:32:35:044,3.4909,-1.3425,9.9229,95.1216,-0.3468,-0.3239,-1.0091,191.7031
19:32:35:064,1.8317,-1.4958,10.1503,96.1096,-0.2975,0.054,-1.0731,192.2344
19:32:35:080,0.8644,-1.2276,8.6288,95.9875,-0.0871,0.4577,-0.9032,193.25
19:32:35:103,0.6501,-0.6482,6.5698,96.4405,0.0783,0.6023,-0.6627,194.5156
19:32:35:122,1.0655,-0.0724,5.3488,96.5171,0.1518,0.4217,-0.4762,195.625
19:32:35:140,1.4582,0.4136,5.0507,97.6649,0.1787,0.1088,-0.4334,196.5312
19:32:35:165,1.6186,0.5309,5.2303,97.9379,0.1814,-0.1173,-0.481,197.1562
19:32:35:179,1.4953,0.6638,5.4589,99.3621,0.1585,-0.1596,-0.541,197.6094
19:32:35:201,1.1805,0.7668,5.8719,97.4893,0.0655,-0.0486,-0.57,198.125
19:32:35:226,0.9937,1.1738,6.826,99.6456,-0.0645,0.19,-0.529,199
19:32:35:241,1.2355,1.3952,8.1057,99.6456,-0.1169,0.3576,-0.476,199.625
19:32:35:260,1.2559,1.6706,9.2693,100.3813,-0.0429,0.3626,-0.4611,200.2344
19:32:35:280,1.4857,1.8908,9.9959,100.9186,0.0868,0.2766,-0.4805,200.7812
19:32:35:300,1.4737,1.898,10.0486,102.0928,0.1462,0.2217,-0.5537,201.0469
19:32:35:326,1.111,1.7184,10.1851,101.1097,0.0583,0.1573,-0.5969,201.5469
19:32:35:340,0.698,1.1929,11.1583,102.2985,-0.1017,0.136,-0.5569,202.125
19:32:35:363,0.5185,0.1682,12.7325,102.7364,-0.163,0.2119,-0.4105,202.7812
19:32:35:379,0.8141,-0.4387,13.1515,105.848,-0.0871,0.3829,-0.2006,203.4219
19:32:35:399,0.7854,-0.4363,12.6918,105.7763,-0.0487,0.3794,-0.0866,204
19:32:35:427,0.4395,-0.5441,12.6487,106.3638,-0.1151,0.1594,-0.0128,204.3438
19:32:35:439,0.2443,-0.9691,13.2808,104.4976,-0.2573,-0.0717,0.0939,204.5
19:32:35:459,0.1378,-1.4204,14.2911,106.1334,-0.33,-0.2302,0.2239,204.5469
19:32:35:479,0.0947,-1.831,15.0453,105.1399,-0.2221,-0.2235,0.347,204.5156
19:32:35:500,0.1378,-1.9902,14.7185,106.8616,0.0839,0.018,0.479,204.3594
19:32:35:527,0.0372,-1.8681,11.9161,106.577,0.4874,0.2918,0.5749,203.8438
19:32:35:542,0.0863,-1.5484,8.5462,105.8377,0.6131,0.3174,0.6343,203.2969
19:32:35:559,0.3736,-1.3054,6.6261,105.2315,0.4088,0.1118,0.6261,202.6094
19:32:35:585,0.212,-1.0624,6.5327,104.8047,0.1196,-0.2984,0.5605,201.8906
19:32:35:598,0.0085,-0.9774,7.8806,105.5539,-0.0343,-0.7229,0.5512,201.1562
19:32:35:621,0.1641,-0.9152,8.9413,106.2322,0.0083,-0.8204,0.613,200.5156
19:32:35:642,0.3174,-0.6602,8.9592,105.146,0.1041,-0.6417,0.6764,199.9219
19:32:35:667,0.5747,-0.4723,8.4529,103.9536,0.1662,-0.3642,0.723,199.2344
19:32:35:678,0.8548,-0.2927,7.8076,104.1629,0.1949,-0.1476,0.7563,198.4531
19:32:35:700,1.2164,-0.2376,7.3814,103.5587,0.2288,-0.0677,0.7789,197.625
19:32:35:725,1.3876,-0.1,7.087,104.9767,0.2887,-0.1397,0.789,196.7812
19:32:35:745,1.5276,0.0629,7.0558,105.2126,0.3593,-0.2699,0.7912,195.875
19:32:35:761,1.7479,0.1682,7.0977,105.6033,0.4258,-0.3295,0.7685,194.9531
19:32:35:780,2.0879,0.1562,6.82,103.9197,0.4314,-0.2813,0.7171,194.4844
19:32:35:803,2.6553,0.6722,7.069,105.8983,0.0991,-0.2126,0.4679,193.6094
19:32:35:827,2.7846,0.6458,8.5127,105.6407,-0.0719,-0.2981,0.2963,192.2969
19:32:35:844,2.5499,0.4998,9.869,107.1434,-0.1193,-0.2438,0.1621,191.6094
19:32:35:862,2.4087,0.3274,10.4137,106.4907,-0.0778,-0.0534,0.1057,190.75
19:32:35:879,2.4709,0.2472,10.1767,108.6429,-0.0567,0.1187,0.0825,190.75
19:32:35:899,2.7798,-0.0114,10.1312,105.8253,-0.1268,0.1341,0.0457,190.5781
19:32:35:926,3.1497,-0.5596,11.108,107.0405,-0.2413,0.0244,-0.0086,190.4688
19:32:35:941,3.1736,-1.3449,12.681,106.2106,-0.2639,0.0028,-0.0177,190.375
19:32:35:958,2.8839,-1.6957,13.2712,105.0982,-0.1366,0.2188,0.0846,190.3281
19:32:35:982,2.8313,-1.7005,12.2129,104.7263,0.0115,0.4694,0.1802,190.375
19:32:35:997,2.933,-1.418,10.47,106.0876,0.0104,0.4787,0.185,190.4219
19:32:36:019,3.4753,-1.2588,9.3399,104.3633,-0.2285,0.2039,0.0897,190.3281
19:32:36:043,4.1074,-1.242,10.8518,104.9927,-0.6634,-0.2611,-0.1407,190.125
19:32:36:059,3.7027,-1.9112,14.169,102.7771,-0.8048,-0.4893,-0.4017,189.8281
19:32:36:078,2.8576,-2.5552,15.7827,103.3547,-0.4189,-0.1817,-0.4781,190.0469
19:32:36:136,2.7654,-2.8461,12.9707,103.8178,0.1694,0.2931,-0.3689,190.2656
19:32:36:136,3.1892,-2.0979,9.0717,102.4787,0.375,0.32,-0.2946,190.875
19:32:36:148,3.6573,-1.321,7.3527,102.6024,0.1814,-0.0337,-0.382,191.375
19:32:36:158,3.4298,-0.8817,7.6508,100.7279,-0.1103,-0.2496,-0.5726,191.7031
19:32:36:179,2.5344,-0.7368,8.0231,98.909,-0.1915,-0.211,-0.7274,192.0312
19:32:36:200,1.5516,-0.5956,7.1121,101.1548,-0.1111,-0.0638,-0.7484,192.5625
19:32:36:223,1.2451,-0.2412,5.842,100.193,-0.0823,0.0494,-0.6438,193.3438
19:32:36:242,1.5755,0.2077,5.2829,97.852,-0.1779,0.058,-0.57,194.1875
19:32:36:258,1.8448,0.4663,5.8695,97.8635,-0.277,0.0383,-0.5809,194.6094
19:32:36:279,1.8377,0.8625,6.5423,96.8598,-0.2573,0.0572,-0.6485,195.3438
19:32:36:299,1.5264,0.8924,6.4944,97.1378,-0.1649,0.1219,-0.7484,196.0156
19:32:36:323,0.9985,0.8146,5.9246,98.1241,-0.1739,0.1565,-0.7886,196.6719
19:32:36:341,0.7244,0.9332,6.3076,96.2534,-0.3553,0.1243,-0.7372,197.4375
19:32:36:358,0.7375,0.9248,7.8244,96.6691,-0.5127,0.0939,-0.6459,198.3125
19:32:36:379,0.9087,1.1091,9.4524,96.3762,-0.5446,0.108,-0.5524,199.1875
19:32:36:399,1.4474,1.3677,11.0553,98.1435,-0.4775,0.2236,-0.4858,200.4844
19:32:36:424,1.9263,1.5317,12.0226,96.1385,-0.306,0.3932,-0.5244,201.2188
19:32:36:442,1.5276,1.485,12.0154,96.4956,-0.1358,0.511,-0.5817,201.8125
19:32:36:458,1.0164,1.1211,12.1423,95.4881,-0.037,0.451,-0.5095,202.4219
19:32:36:478,0.9829,0.4735,12.9408,95.5387,0.0511,0.2817,-0.3633,203.0938
19:32:36:500,1.4474,-0.1682,13.3574,95.9139,0.1412,0.2532,-0.235,203.75
19:32:36:527,1.6473,-0.4603,12.93,94.7044,0.1489,0.3927,-0.216,204.2344
19:32:36:543,1.3085,-0.6015,12.3578,93.6898,-0.0333,0.5086,-0.2659,204.5625
19:32:36:561,0.9638,-0.999,12.8522,92.555,-0.3558,0.5842,-0.3098,204.7969
19:32:36:580,0.3616,-1.825,13.6842,92.2414,-0.5819,0.6803,-0.3399,205.0625
19:32:36:600,-0.7828,-2.5612,14.655,89.0717,-0.4847,0.5107,-0.2251,205.4062
19:32:36:623,-1.1826,-2.9299,15.1698,90.2355,-0.0115,0.1192,0.0788,205.8281
19:32:36:640,-0.6643,-2.991,13.6411,89.7908,0.5957,-0.0656,0.396,206.2031
19:32:36:658,0.1055,-2.6953,10.3658,87.6704,0.8871,-0.076,0.5635,206.2344
19:32:36:679,0.5508,-2.4367,8.2565,86.6341,0.7571,-0.1239,0.5659,205.75
19:32:36:699,0.3712,-2.1518,7.5826,84.3561,0.4756,-0.3021,0.5142,205.1094
19:32:36:728,0.1557,-1.6251,8.0985,84.2796,0.2573,-0.5162,0.5339,204.4375
19:32:36:743,0.4706,-1.1845,8.6923,83.7681,0.2165,-0.6539,0.5797,203.8125
19:32:36:762,0.7782,-0.9319,8.7856,83.6819,0.2807,-0.663,0.5938,203.5156
19:32:36:779,0.7675,-0.7691,8.5091,82.2882,0.3872,-0.4995,0.609,202.8906
19:32:36:801,0.7878,-0.6434,7.6029,81.5122,0.5169,-0.2483,0.662,202.2031
19:32:36:824,1.044,-0.5453,6.2753,81.2405,0.6056,-0.0723,0.7193,201.5
19:32:36:842,1.2738,-0.4579,5.0591,79.843,0.5952,-0.1357,0.7448,200.7969
19:32:36:858,1.2379,-0.3238,4.834,79.5203,0.4495,-0.3407,0.7464,199.9688
19:32:36:879,1.4079,-0.1323,5.6528,80.9794,0.2852,-0.4102,0.768,199.0781
19:32:36:899,1.8987,-0.0221,6.1436,78.4534,0.2256,-0.3876,0.739,198.1875
19:32:36:925,2.1669,0.0856,6.4836,80.1058,0.1385,-0.3714,0.6468,197.3438
19:32:36:942,2.204,0.337,7.2964,79.3713,-0.0139,-0.3048,0.5315,196.4688
19:32:36:958,2.0962,0.3562,8.4588,77.4493,-0.1257,-0.2331,0.4109,195.3125
19:32:36:979,1.8616,0.2915,9.3615,78.3864,-0.1555,-0.1796,0.3294,194.7344
19:32:36:999,1.8496,0.2316,9.9923,77.1362,-0.1577,-0.1082,0.3134,194.2812
19:32:37:024,2.1645,0.1778,10.2617,76.7221,-0.1529,-0.0771,0.282,193.9375
19:32:37:041,2.5978,0.0581,10.4664,77.9799,-0.1891,-0.1378,0.2058,193.6094
19:32:37:058,2.9043,-0.3418,10.9332,76.7483,-0.2839,-0.2491,0.1019,193.3125
19:32:37:080,2.7894,-0.9439,11.8981,76.385,-0.4091,-0.2795,0.0609,193.0938
19:32:37:099,2.8145,-1.5963,12.7887,73.9641,-0.4916,-0.1383,0.172,193.0156
19:32:37:122,3.5028,-1.6574,12.7935,73.6578,-0.5196,0.099,0.3382,193
19:32:37:143,4.3217,-1.3797,12.3422,74.7993,-0.5654,0.1924,0.3408,192.8594
19:32:37:158,4.6904,-1.06,12.377,73.277,-0.7028,0.1501,0.1525,192.5312
19:32:37:179,4.3707,-1.4742,14.0768,70.9043,-0.8093,0.1283,-0.1098,192.2188
19:32:37:200,3.4957,-2.6977,14.2301,70.5917,-0.5526,0.3413,-0.2475,192.125
19:32:37:224,4.2654,-2.5947,10.8877,71.3592,0.0466,0.6151,-0.2078,192.3438
19:32:37:242,5.0112,-2.165,8.5534,70.1578,0.6346,0.2127,-0.3159,192.5
19:32:37:258,5.1129,-1.8585,7.7502,68.1901,0.4384,-0.0624,-0.6145,192.5
19:32:37:281,4.3707,-1.7292,7.6376,69.0168,0.1803,0.0023,-0.9285,192.9219
19:32:37:298,3.1054,-1.6825,7.136,67.6842,0.0479,0.1861,-1.1383,193.0938
19:32:37:318,1.8784,-1.552,6.164,68.7747,-0.0269,0.3224,-1.1777,194.0469
19:32:37:340,1.1757,-1.1821,5.3847,68.1537,-0.1342,0.3469,-1.068,194.0469
19:32:37:359,1.062,-0.7081,5.3859,68.1537,-0.2562,0.2526,-0.9178,196.3906
19:32:37:377,1.0284,-0.3071,5.9629,67.4472,-0.2892,0.0905,-0.8177,197.6719
19:32:37:397,0.8848,-0.0557,6.5123,65.733,-0.2202,0.0241,-0.7434,198.9062
19:32:37:418,0.8297,0.2209,6.565,64.5291,-0.1249,0.103,-0.6669,199.9844
19:32:37:444,0.9422,0.6075,6.3627,65.0415,-0.1369,0.205,-0.6435,200.8906
19:32:37:461,0.643,0.7847,6.826,63.8579,-0.2471,0.3126,-0.6712,201.7656
19:32:37:477,0.3066,0.8745,7.7011,64.2553,-0.3215,0.3861,-0.6565,202.5312
19:32:37:497,0.619,1.1666,8.6971,63.5769,-0.2911,0.3565,-0.6201,203.2812
19:32:37:519,1.0248,1.4012,9.5949,65.0479,-0.1675,0.2343,-0.6691,204.0312
19:32:37:543,0.7483,1.4718,10.1515,63.0424,-0.0642,0.1917,-0.766,205.1719
19:32:37:561,0.1964,1.2803,10.3634,66.025,-0.0975,0.3229,-0.8163,205.8906
19:32:37:578,-0.3638,0.9798,10.8686,62.3112,-0.298,0.4982,-0.7367,206.7188
19:32:37:607,-0.6152,0.5154,12.62,63.0723,-0.4964,0.4918,-0.5266,207.6406
19:32:37:620,-0.3937,-0.0293,15.013,62.4889,-0.4469,0.2566,-0.224,208.1094
19:32:37:643,0.7399,-0.5285,16.8146,63.5184,-0.0543,0.0734,0.0921,208.9375
19:32:37:659,1.5336,-0.5249,15.3841,61.8219,0.444,0.1701,0.2322,209.5781
19:32:37:677,1.2391,-0.0976,12.5206,61.5475,0.5726,0.2961,0.2276,209.8594
19:32:37:697,0.9494,-0.2125,11.1415,60.2972,0.2921,0.2665,0.188,209.6406
19:32:37:717,0.528,-0.7643,11.8538,60.2711,-0.0349,0.1152,0.1443,209.3438
19:32:37:740,-0.1328,-1.3306,13.2676,60.0399,-0.0328,-0.0134,0.1895,209.0938
19:32:37:761,-0.3483,-1.8274,13.3215,58.3586,0.3574,-0.018,0.3158,208.9219
19:32:37:777,-0.4632,-1.9902,10.8207,60.5154,0.7771,0.0766,0.4346,208.75
19:32:37:797,-0.3207,-1.8801,8.0291,58.3569,0.8338,0.0931,0.5155,208.4688
19:32:37:817,-0.1735,-1.7795,6.4932,58.5106,0.5555,-0.0749,0.531,208.0156
19:32:37:841,-0.2489,-1.7328,6.7099,58.1323,0.1614,-0.4547,0.5504,207.4688
19:32:37:858,-0.1435,-1.5951,8.6372,55.7217,-0.1071,-0.8923,0.6199,206.8281
19:32:37:884,0.2072,-1.2384,10.5693,56.7281,-0.082,-1.0185,0.7233,206.2188
19:32:37:897,0.6035,-1.0828,10.5083,54.9946,0.1987,-0.7594,0.7778,205.5938
19:32:37:920,0.6849,-0.9978,8.4277,54.634,0.4565,-0.3759,0.821,204.8438
19:32:37:943,1.1577,-0.75,6.4501,54.9972,0.4914,-0.0954,0.8884,203.9844
19:32:37:960,1.9622,-0.5285,5.1955,53.4622,0.3739,-0.1058,0.8689,203.0938
19:32:37:980,2.1393,-0.1682,5.5116,52.7269,0.1665,-0.4121,0.7195,202.6094
19:32:37:999,1.8377,-0.0126,7.2414,51.6823,0.0626,-0.5397,0.5707,201.0312
19:32:38:019,1.6413,-0.343,7.816,52.2558,0.1896,-0.3298,0.4798,200.0938
19:32:38:043,1.2547,-0.3513,6.7793,51.2555,0.2802,-0.0928,0.4649,199.4062
19:32:38:058,1.4749,-0.0485,6.4728,52.4446,0.1284,-0.1602,0.507,198.8281
19:32:38:077,1.9562,0.2867,8.1296,51.9515,-0.0884,-0.2976,0.5174,198.2812
19:32:38:098,2.3249,0.4627,9.614,52.5953,-0.1047,-0.2478,0.4577,197.7344
19:32:38:117,2.3069,0.501,9.9361,50.9895,-0.0503,-0.1282,0.3477,197.1406
19:32:38:143,1.8951,0.3837,10.0653,49.7898,-0.0722,-0.003,0.2814,196.5938
19:32:38:204,1.9215,0.2233,10.1862,49.5073,-0.1201,0.0721,0.2761,196.1406
19:32:38:204,2.3907,-0.094,10.3838,50.3823,-0.1838,-0.0654,0.2513,195.8125
19:32:38:205,2.9965,-0.6291,11.4684,48.8995,-0.2408,-0.2829,0.2029,195.5156
19:32:38:218,3.1772,-1.2396,12.4069,50.3227,-0.2176,-0.2891,0.1848,195.2188
19:32:38:242,3.2862,-1.7567,12.043,48.7008,-0.1886,-0.1413,0.2532,195
19:32:38:258,3.6908,-1.8992,11.3941,49.4301,-0.2804,-0.0339,0.3153,194.7188
19:32:38:277,3.8656,-1.9088,11.0865,48.9488,-0.4413,-0.0728,0.2652,194.4531
19:32:38:299,3.4442,-2.0596,12.0011,47.4464,-0.6189,-0.2297,0.1627,194.1406
19:32:38:318,2.9043,-2.5624,13.8027,48.0509,-0.5846,-0.2273,0.1211,193.875
19:32:38:342,2.605,-2.979,13.9619,47.5029,-0.2312,0.0319,0.2055,193.75
19:32:38:360,2.9246,-2.6282,11.5809,46.9174,0.1683,0.2934,0.3142,193.6875
19:32:38:387,3.8045,-2.1195,8.8742,47.4651,0.2575,0.3088,0.2985,193.4844
19:32:38:397,4.5096,-1.4778,7.7442,44.2365,0.0357,0.079,0.0913,193.1094
19:32:38:421,4.5108,-1.2468,8.2326,45.1036,-0.2919,-0.0867,-0.236,192.75
19:32:38:444,3.6429,-1.315,9.0933,45.8942,-0.5009,0.0201,-0.5332,192.6406
19:32:38:457,2.4003,-1.2719,9.3339,45.0517,-0.4772,0.234,-0.6672,192.9375
19:32:38:482,1.6054,-0.9774,8.642,44.392,-0.2898,0.3879,-0.6259,193.25
19:32:38:497,1.6222,-0.2783,7.4018,43.6232,-0.0964,0.4239,-0.5298,193.9688
19:32:38:519,1.8915,0.4807,6.4345,43.3169,-0.0237,0.3696,-0.5079,194.7812
19:32:38:547,2.1525,0.823,6.3256,42.8229,-0.016,0.2686,-0.55,195.4688
19:32:38:559,2.2064,1.0122,6.498,42.2309,0.0599,0.1727,-0.6211,196.3281
19:32:38:577,1.9813,1.0385,6.2526,42.5981,0.167,0.0811,-0.6874,196.9688
19:32:38:599,1.7599,1.1103,6.8846,42.1953,0.078,0.1059,-0.6661,197.6875
19:32:38:626,1.6605,1.1965,7.9537,42.7016,-0.0639,0.1818,-0.6611,198.4531
19:32:38:643,1.536,1.2719,9.0466,43.4044,-0.1417,0.3104,-0.6438,198.4531
19:32:38:659,1.5911,1.1774,9.6871,43.1193,-0.1675,0.3317,-0.6555,199.1875
19:32:38:678,1.1876,0.8853,10.8435,41.5511,-0.2075,0.3277,-0.6821,199.9531
19:32:38:698,0.947,0.5249,12.0956,41.4106,-0.1643,0.4146,-0.578,201.4375
19:32:38:718,0.9578,0.501,12.6092,43.2479,-0.0181,0.4851,-0.4469,202.2031
19:32:38:744,1.0751,0.2711,12.687,41.4402,0.1127,0.4715,-0.3505,203
19:32:38:759,1.2152,-0.1861,12.6487,41.0579,0.1638,0.4707,-0.2749,203.6562
19:32:38:779,1.2882,-0.756,12.5194,41.857,0.1702,0.4678,-0.2214,204.1719
19:32:38:800,0.9351,-0.8936,11.9472,40.2927,0.1284,0.4319,-0.1825,204.75
19:32:38:816,0.5029,-0.9104,11.855,41.2735,-0.0205,0.3331,-0.1236,204.8906
19:32:38:838,0.473,-1.1498,12.4811,39.7293,-0.2256,0.3211,-0.0472,205.125
19:32:38:874,0.4203,-1.4563,13.2939,40.6026,-0.3502,0.324,0.0021,205.3438
19:32:38:876,0.0731,-1.8477,14.4803,38.6362,-0.2748,0.2739,0.0708,205.4844
19:32:38:897,-0.2154,-2.2511,14.3845,37.5975,0.1654,0.2441,0.1911,205.5469
19:32:38:917,-0.4368,-2.3349,11.4025,36.4516,0.6799,0.1946,0.3243,205.5625
19:32:38:945,-0.1866,-2.1578,8.4241,36.7477,0.8046,0.0036,0.4322,205.5
19:32:38:963,0.1725,-1.9614,7.0103,36.1373,0.5891,-0.313,0.4415,205.2969
19:32:38:980,0.03,-1.7256,7.5742,36.0321,0.2775,-0.6337,0.4154,204.9062
19:32:38:997,0.0181,-1.5054,8.8443,35.5036,0.1252,-0.7769,0.4615,204.3906
19:32:39:017,0.2108,-1.0804,9.3806,35.3037,0.1752,-0.7498,0.5467,203.6562
19:32:39:043,0.5149,-0.7344,9.1831,33.0136,0.3747,-0.6497,0.625,203.1719
19:32:39:060,0.6537,-0.6231,8.0578,32.841,0.6115,-0.4971,0.6801,202.5938
19:32:39:077,0.7962,-0.3777,6.34,32.6453,0.7382,-0.3058,0.7462,201.9062
19:32:39:098,1.3014,-0.2185,4.8627,31.3635,0.6589,-0.2355,0.7786,201.1875
19:32:39:117,1.6138,0.0772,4.524,32.3672,0.384,-0.3559,0.7342,200.3281
19:32:39:144,1.6808,0.3777,6.0622,29.9653,0.1196,-0.4928,0.662,199.3906
19:32:39:161,1.7395,0.2113,7.391,32.1309,0.0898,-0.4273,0.5869,198.5312
19:32:39:180,1.4869,0.185,7.5993,30.9505,0.171,-0.2566,0.5544,197.7344
19:32:39:200,1.6449,0.507,7.2893,31.5443,0.1547,-0.1767,0.5706,197.0312
19:32:39:216,2.0196,0.7572,8.0351,31.1608,0.025,-0.2286,0.547,196.4219
19:32:39:239,2.3129,0.9894,9.2884,30.357,-0.0328,-0.2598,0.4865,195.7656
19:32:39:258,2.447,1.0792,10.2353,30.2198,-0.0104,-0.2273,0.3712,195.125
19:32:39:278,2.4063,0.9308,10.379,28.696,0.0423,-0.1242,0.2433,194.8125
19:32:39:298,2.3835,0.6566,10.0486,29.2397,-0.0115,-0.0856,0.1405,194.2969
19:32:39:319,2.526,0.3226,10.628,29.9134,-0.188,-0.1745,0.0668,193.7344
19:32:39:342,2.7271,-0.24,12.0705,29.242,-0.3145,-0.2417,-0.0075,193.5
19:32:39:359,2.4913,-0.9499,13.0461,28.6531,-0.2732,-0.1005,0.0058,193.4062
19:32:39:377,2.7211,-1.309,12.0573,29.1088,-0.143,0.0859,0.1523,193.4062
19:32:39:397,3.5268,-1.2611,10.7178,29.1761,-0.1505,0.0686,0.2657,193.4688
19:32:39:418,4.1588,-1.0912,10.0869,27.0386,-0.2988,-0.1261,0.1832,193.4219
19:32:39:442,4.2582,-1.2827,10.6364,27.0386,-0.5401,-0.3391,-0.0475,193.1875
19:32:39:460,3.6166,-1.9746,12.529,28.4368,-0.7119,-0.3495,-0.2597,192.9219
19:32:39:477,2.4434,-2.5193,14.0397,28.6311,-0.6288,0.0132,-0.3005,192.875
19:32:39:498,1.9191,-2.5899,13.2496,28.5001,-0.294,0.6106,-0.1258,193.1406
19:32:39:518,2.7989,-2.0907,10.3838,27.2867,0.0088,0.8849,0.0564,193.5781
19:32:39:543,4.081,-1.5066,8.1859,27.3115,0.0506,0.6026,0.0098,193.9062
19:32:39:558,4.5264,-1.078,8.0494,28.4066,-0.1007,0.0657,-0.2472,193.9375
19:32:39:577,3.868,-0.9343,9.0179,27.4956,-0.2013,-0.1865,-0.5615,193.8594
19:32:39:597,2.4111,-1.1055,9.0191,28.0316,-0.1779,-0.0385,-0.746,194.1719
19:32:39:617,1.2595,-1.1139,8.1667,27.548,-0.1398,0.2308,-0.7021,194.7969
19:32:39:641,0.874,-0.7009,7.2605,28.0586,-0.1558,0.4388,-0.5407,195.6719
19:32:39:659,0.9458,-0.1119,6.966,27.2251,-0.1819,0.4758,-0.4115,196.4844
19:32:39:677,1.2307,0.1945,7.1384,28.4458,-0.1201,0.3786,-0.3585,197.1094
19:32:39:697,1.3337,0.3645,7.2402,28.0601,0.0157,0.254,-0.3612,197.5938
19:32:39:718,1.0727,0.3969,6.8954,27.497,0.1427,0.1829,-0.3644,198.0156
19:32:39:742,1.0009,0.5118,6.7195,27.4475,0.1457,0.156,-0.3271,198.4219
19:32:39:760,1.2367,0.7572,7.2929,26.8007,0.0365,0.193,-0.2959,198.6094
19:32:39:777,1.4654,0.9212,8.4505,27.8231,-0.0743,0.2444,-0.3172,199
19:32:39:797,1.5156,1.0912,9.6871,27.0446,-0.0983,0.3365,-0.3639,199.3438
19:32:39:818,1.5731,1.1043,10.5921,26.6395,-0.0242,0.4441,-0.4129,199.6875
19:32:39:842,1.2391,1.1821,10.8459,28.6625,0.0703,0.5741,-0.4347,200.0625
19:32:39:861,0.7339,1.1666,10.9069,28.1025,0.1502,0.6414,-0.3665,200.5156
19:32:39:880,0.5101,1.2719,10.883,27.9893,0.2264,0.6217,-0.1697,201.0156
19:32:39:897,0.8321,1.4,11.1308,28.1985,0.2975,0.4052,0.0316,201.6562
19:32:39:917,1.6569,0.8362,11.7676,27.7062,0.3811,0.0971,0.1653,201.8438
19:32:39:944,2.5811,0.6231,12.0789,27.6722,0.4226,-0.0683,0.2138,201.7969
19:32:39:959,3.2155,0.6375,11.7987,29.5131,0.3084,-0.0233,0.0703,201.5938
19:32:39:976,2.9019,0.337,12.0023,28.202,-0.0216,0.12,-0.1937,201.3438
19:32:39:998,0.6633,-1.1606,13.9691,28.8984,-0.4778,0.3727,-0.4299,201.25
19:32:40:018,-0.0861,-1.7735,14.5545,29.0114,-0.2133,0.3328,-0.2925,201.9062
19:32:40:042,0.0564,-2.1195,13.2604,30.2213,0.2887,0.2548,-0.0965,201.9062
19:32:40:061,0.3257,-2.0464,10.4352,30.6121,0.6312,0.1546,-0.0033,202.7344
19:32:40:077,0.6585,-1.9842,8.3834,30.1659,0.6293,0.0393,-0.0246,202.7344
19:32:40:096,0.7591,-2.0788,7.4641,30.8972,0.4253,-0.1234,-0.125,202.8281
19:32:40:116,0.4263,-1.9902,7.549,30.6795,0.1918,-0.3098,-0.2006,202.8281
19:32:40:140,0.2814,-1.7915,8.223,31.5266,0.0445,-0.4254,-0.1974,202.9688
19:32:40:160,0.285,-1.497,8.5845,31.4958,0.0261,-0.3865,-0.1593,203.0781
19:32:40:177,0.139,-0.9296,8.405,33.0549,0.0727,-0.2944,-0.0952,203.2188
19:32:40:200,0.4442,-0.5261,8.047,32.9389,0.1427,-0.2158,-0.0302,203.4531
19:32:40:273,0.5532,-0.2388,7.4341,31.9073,0.2141,-0.133,-0.0288,203.625
19:32:40:273,0.5376,-0.0485,6.5602,32.5323,0.2173,-0.0819,-0.0254,203.75
19:32:40:273,0.6298,0.0485,6.2645,31.7706,0.1004,-0.1104,-0.0115,203.7812
19:32:40:275,0.7543,0.2257,7.1576,33.4695,-0.0362,-0.1884,0.0071,203.7969
19:32:40:305,1.1805,0.4675,8.4433,33.0998,-0.0248,-0.2129,-0.0027,203.8281
19:32:40:315,1.4917,0.653,8.8838,32.6976,0.123,-0.1767,-0.0696,203.8438
19:32:40:337,1.6449,0.7237,8.3942,34.1249,0.2117,-0.1247,-0.1495,203.8438
19:32:40:363,1.6461,0.7763,8.1009,33.8666,0.151,-0.1458,-0.2099,203.8594
19:32:40:378,1.6054,0.8158,8.9161,35.2475,0.0333,-0.1588,-0.243,203.9375
19:32:40:397,1.7383,0.8853,10.0246,34.7868,0.0149,-0.0361,-0.2696,204.3438
19:32:40:417,1.7467,0.8111,10.1156,33.9443,0.1193,0.1078,-0.3095,204.4688
19:32:40:442,1.9861,0.6901,9.6679,35.1642,0.1774,0.0588,-0.3287,204.7656
19:32:40:458,2.5272,0.513,9.857,35.1679,0.1033,-0.1769,-0.3694,205.0938
19:32:40:476,2.5787,0.1191,11.2828,34.9327,-0.0392,-0.3879,-0.4664,205.4219
19:32:40:496,2.3297,-0.5141,12.9731,37.3909,-0.0967,-0.2723,-0.4896,205.8125
19:32:40:516,2.4853,-0.926,13.1551,35.6812,0.0024,0.1168,-0.4291,206.2969
19:32:40:537,2.8875,-0.671,11.3486,36.235,0.0916,0.2971,-0.3942,206.8906
19:32:40:560,4.1038,-0.1263,9.6847,37.4611,-0.138,0.0276,-0.513,207.3906
19:32:40:577,4.269,-0.1778,11.3762,37.7157,-0.6306,-0.5988,-0.8701,207.8438
19:32:40:596,3.5998,-1.5125,15.4284,38.3637,-0.8519,-0.8007,-1.1157,208.3125
19:32:40:618,2.2195,-2.6223,17.3258,36.8334,-0.4035,-0.2411,-1.1005,209.0781
19:32:40:643,2.0591,-3.0257,14.096,37.2585,0.3894,0.5269,-0.7964,210.3281
19:32:40:659,3.109,-2.1243,8.9377,38.0431,0.8597,0.6814,-0.5242,211.7188
19:32:40:676,4.6281,-0.9559,6.2238,39.3583,0.7883,0.1568,-0.5274,212.7656
19:32:40:697,5.5128,-0.1502,6.2442,39.1403,0.424,-0.4526,-0.8589,213.1406
19:32:40:718,5.0567,-0.082,7.7059,40.8807,0.0679,-0.5663,-1.325,213.9062
19:32:40:741,3.8117,-0.4471,8.5378,40.6133,-0.0565,-0.2923,-1.6832,214.6406
19:32:40:760,2.6433,-0.6542,7.8663,40.5674,-0.0615,0.1498,-1.8355,215.875
19:32:40:779,1.7347,-0.6075,6.5686,41.8076,-0.0988,0.5139,-1.8177,217.6562
19:32:40:797,1.2942,-0.325,5.9557,41.3039,-0.1673,0.5088,-1.7218,219.7031
19:32:40:815,1.287,-0.0616,6.1784,42.6253,-0.1763,0.234,-1.6376,221.6875
19:32:40:836,1.2834,0.2137,6.6548,41.9117,-0.1534,-0.0374,-1.6076,223.6875
19:32:40:857,1.2044,0.3094,7.2174,41.8445,-0.1606,-0.1152,-1.6198,225.5781
19:32:40:876,0.7974,0.3394,7.6879,43.9077,-0.2248,-0.0507,-1.6185,227.4375
19:32:40:905,0.2479,0.3597,8.2386,43.88,-0.31,0.0798,-1.5532,229.2031
19:32:40:915,-0.1854,0.5369,8.6683,44.7727,-0.3787,0.2321,-1.4179,231.0781
19:32:40:937,-0.1783,0.8326,9.0789,44.9936,-0.404,0.3333,-1.2563,232.9062
19:32:40:962,0.0947,1.0229,9.3028,43.5232,-0.3896,0.3216,-1.1327,234.5312
19:32:40:978,0.1821,1.1618,9.6823,44.6617,-0.3563,0.2428,-1.0358,236.0469
19:32:40:997,0.0863,1.2552,10.2664,45.4545,-0.2637,0.1685,-0.9412,237.3906
19:32:41:017,-0.4763,1.345,10.4628,45.8963,-0.122,0.1512,-0.8065,239.1406
19:32:41:039,-0.45,1.4072,10.452,44.4696,-0.0317,0.1451,-0.5939,240.2188
19:32:41:059,0.4873,1.4814,10.6806,43.6559,-0.0248,0.1072,-0.4238,241.1406
19:32:41:076,1.5396,1.5736,11.0948,45.1793,-0.0818,0.0292,-0.4209,241.7656
19:32:41:104,2.6014,1.3533,11.7413,47.0857,-0.2202,0.0042,-0.5556,242.25
19:32:41:115,3.3173,0.999,12.8151,46.0558,-0.3819,0.1056,-0.8054,242.7344
19:32:41:137,3.1257,0.5501,13.3681,47.7813,-0.4828,0.2332,-1.0984,243.375
19:32:41:162,2.5643,0.0557,13.9056,47.9354,-0.5806,0.2641,-1.3261,244.25
19:32:41:178,1.4678,-0.8062,15.3182,48.7423,-0.5641,0.3317,-1.4257,245.5
19:32:41:197,0.1617,-1.5461,15.5912,47.7928,-0.1457,0.5957,-1.2856,247
19:32:41:221,-0.3195,-1.4826,12.9946,48.4278,0.5318,0.7661,-0.9085,247.7344
19:32:41:244,0.4191,-0.7955,9.4644,48.989,1.0141,0.5443,-0.5511,249.3125
19:32:41:262,1.3325,-0.1478,7.6664,50.7165,1.127,-0.0829,-0.4685,250.5938
19:32:41:276,1.6821,-0.2041,8.3176,49.5773,1.0706,-0.7128,-0.5865,251.4062
19:32:41:296,1.9502,-0.8649,9.4201,48.7589,1.0951,-0.9628,-0.7215,251.9531
19:32:41:320,1.9059,-0.914,8.6372,50.4913,1.0613,-0.7879,-0.8467,252.9844
19:32:41:344,1.7287,-0.6662,7.3455,50.663,0.7124,-0.5255,-0.9748,253.9062
19:32:41:362,1.4749,-0.6339,7.3527,51.0364,0.1297,-0.419,-1.1024,254.8906
19:32:41:380,0.8261,-0.7608,9.3172,51.3375,-0.3404,-0.3434,-1.1404,256.0625
19:32:41:397,-0.2549,-0.5417,10.1719,50.8476,0.1063,-0.1322,-0.877,257.3594
19:32:41:417,-0.5709,-0.1586,8.1093,52.6064,0.4213,-0.1668,-0.6371,258.625
19:32:41:439,-0.2824,0.3861,6.9421,51.9076,0.4517,-0.3383,-0.3985,259.8438
19:32:41:459,0.2491,0.9236,6.9086,52.0486,0.3449,-0.4358,-0.2733,261.5625
19:32:41:476,0.3389,0.9451,7.1157,53.23,0.2306,-0.3844,-0.239,261.5625
19:32:41:499,0.3185,1.0337,7.2079,52.6333,0.1009,-0.2267,-0.1793,262.0469
19:32:41:516,0.2168,1.2779,7.4688,54.5381,-0.0429,-0.1,-0.1119,262.4062
19:32:41:536,0.3365,1.5257,8.0482,54.5381,-0.1356,-0.0592,-0.0339,262.7188
19:32:41:560,0.7016,1.8884,8.4181,54.8046,-0.1127,-0.0736,0.0042,263.0625
19:32:41:580,1.0033,2.1231,8.4959,53.9829,-0.0479,-0.1413,-0.0283,263.1094
19:32:41:598,1.1481,2.305,8.5606,53.4105,-0.0381,-0.1445,-0.0813,263.1094
19:32:41:618,1.3959,2.2739,8.5594,54.7194,-0.1081,-0.1279,-0.1623,263.2031
19:32:41:642,1.4738,1.9279,8.818,54.698,-0.2807,-0.1192,-0.2443,263.2031
19:32:41:661,1.5396,1.5928,9.9181,54.2817,-0.477,-0.1245,-0.2752,263.3594
19:32:41:677,1.6749,1.0445,11.4133,55.5297,-0.5635,-0.1405,-0.2493,263.4531
19:32:41:695,1.8903,0.7225,12.6176,56.1916,-0.4799,-0.0901,-0.125,263.75
19:32:41:716,2.4314,0.7153,12.6547,56.9103,-0.2024,-0.0515,0.0308,264.0781
19:32:41:736,2.9115,0.7955,11.5007,55.8073,0.0996,-0.1162,0.1176,264.3906
19:32:41:760,3.5615,0.9715,10.0941,56.9046,0.2136,-0.2544,0.1243,264.5469
19:32:41:780,4.4282,1.1965,9.0777,55.2787,0.0605,-0.4187,-0.0118,264.5156
19:32:41:796,5.1608,1.0636,9.0047,57.0239,-0.3268,-0.5112,-0.3154,264.3906
19:32:41:816,5.4038,0.4112,10.1707,55.4651,-0.7729,-0.4808,-0.7133,264.2656
19:32:41:836,4.7706,-0.6375,11.5162,55.7682,-1.0328,-0.2768,-1.0624,264.2969
19:32:41:859,3.7435,-1.4036,12.6535,56.3334,-1.0261,-0.0174,-1.2123,264.7188
19:32:41:875,2.9713,-1.7172,12.8151,57.2025,-0.7289,0.2502,-1.1394,266.1406
19:32:41:895,3.036,-1.6334,11.436,55.3993,-0.204,0.2502,-0.9434,267.5312
19:32:41:920,4.0487,-1.1714,8.9173,58.0321,0.2357,-0.1143,-0.8142,268.9219
19:32:41:943,4.6724,-0.6351,7.239,54.4926,0.2661,-0.5309,-0.9375,270.0781
19:32:41:960,3.9709,-0.3561,6.9289,56.8148,-0.0186,-0.6443,-1.1721,271.0625
19:32:41:976,2.9079,-0.3106,7.6292,58.1988,-0.3172,-0.4795,-1.2944,272.0156
19:32:41:995,2.3464,-0.1467,7.9249,58.0302,-0.4852,-0.1322,-1.3042,273.25
19:32:42:016,2.016,0.167,7.7382,57.9986,-0.592,0.1405,-1.296,274.6562
19:32:42:035,1.9143,0.2436,8.2685,58.6047,-0.6019,0.1125,-1.2976,276.1875
19:32:42:059,2.0328,0.2508,9.0059,58.5853,-0.4453,-0.006,-1.3122,277.7031
19:32:42:078,1.791,0.2532,8.7521,57.9515,-0.2013,-0.0893,-1.3484,279.1406
19:32:42:096,1.4187,0.2089,7.9393,58.8171,-0.0975,-0.108,-1.3532,280.6406
19:32:42:116,1.2032,0.3214,7.6999,60.6206,-0.2027,-0.0164,-1.2946,282.1875
19:32:42:136,1.2798,0.5501,8.1715,60.3104,-0.3473,0.0998,-1.2336,283.6719
19:32:42:158,1.2367,0.762,8.7485,59.1502,-0.4027,0.2098,-1.2067,284.4531
19:32:42:176,0.9255,0.8506,9.0526,60.3803,-0.376,0.2873,-1.1617,286.6719
19:32:42:199,0.5975,0.8697,9.0586,59.6882,-0.3001,0.2961,-1.0699,288.0781
19:32:42:215,0.358,1.0241,8.9485,61.3666,-0.2605,0.2659,-0.9239,289.375
19:32:42:235,0.5137,1.2659,9.2262,60.6127,-0.2658,0.2337,-0.7841,290.6719
19:32:42:259,0.5197,1.3282,9.5003,59.4715,-0.2637,0.2526,-0.7053,291.8281
19:32:42:277,0.2826,1.2408,9.5889,60.9033,-0.2732,0.2971,-0.6272,292.7656
19:32:42:342,0.1641,1.0576,9.6356,62.2949,-0.3217,0.2827,-0.5173,293.625
19:32:42:342,0.145,0.8505,10.1635,60.399,-0.4128,0.1259,-0.4038,294.3906
19:32:42:342,0.3341,0.5034,11.5785,61.1921,-0.4597,-0.0936,-0.3093,295.0625
19:32:42:357,0.3604,0.0162,12.9444,62.6481,-0.3872,-0.1421,-0.2416,295.5781
19:32:42:383,0.4011,-0.4483,12.9659,61.6238,-0.3001,0.1317,-0.1567,295.9844
19:32:42:395,0.3114,-0.5058,11.9364,63.3204,-0.298,0.4428,-0.0611,296.3125
19:32:42:416,0.4359,-0.5189,11.1703,63.1894,-0.4317,0.4731,0.0199,296.5312
19:32:42:438,1.0009,-0.6171,12.1387,63.75,-0.5926,0.2486,0.0537,296.7031
19:32:42:459,1.3229,-0.6973,14.011,64.2659,-0.5212,0.0308,0.0175,296.7031
19:32:42:475,0.9231,-1.06,14.8513,64.0167,-0.1358,0.1418,-0.0192,296.6562
19:32:42:496,0.2228,-1.3844,12.5362,64.8053,0.3412,0.4817,0.0798,296.6406
19:32:42:516,0.1593,-1.2432,9.4883,63.6905,0.542,0.512,0.2857,296.6719
19:32:42:536,0.813,-1.1989,7.7956,64.0967,0.4405,0.1102,0.4095,296.6094
19:32:42:557,1.5312,-1.1785,8.3092,65.9822,0.172,-0.4393,0.3925,296.2969
19:32:42:582,1.9897,-1.3761,9.9803,66.5935,-0.0048,-0.7631,0.2868,295.8438
19:32:42:598,1.5671,-1.3629,10.8889,65.2436,-0.0176,-0.6901,0.168,295.375
19:32:42:619,0.6801,-1.1917,10.6854,66.6405,0.0884,-0.3274,0.1555,295.0469
19:32:42:646,0.1988,-0.9655,8.8647,65.4149,0.2613,0.0404,0.2857,294.9219
19:32:42:665,0.285,-0.592,6.8344,66.0666,0.3601,0.1323,0.4551,294.7344
19:32:42:679,0.7316,-0.2029,5.4062,65.9119,0.3449,-0.0582,0.5709,294.5156
19:32:42:697,1.0823,0.2963,5.0471,66.4391,0.2165,-0.3658,0.5997,294.0781
19:32:42:715,1.3229,0.5656,5.4876,66.8597,0.0533,-0.6052,0.5603,293.4844
19:32:42:736,1.2942,0.4723,6.4693,67.7987,-0.0951,-0.6441,0.4836,292.4844
19:32:42:762,1.1003,0.325,7.4162,66.558,-0.1918,-0.4731,0.4569,291.8281
19:32:42:779,1.0464,0.2472,8.0219,66.6701,-0.2112,-0.3109,0.4652,291.2656
19:32:42:797,1.4043,0.3023,9.0311,69.1736,-0.2748,-0.2678,0.4766,290.75
19:32:42:816,1.7251,0.3274,9.9756,69.0287,-0.2852,-0.3205,0.4383,290.75
19:32:42:837,1.8377,0.2197,10.8016,67.9819,-0.2309,-0.3413,0.3643,290.2344
19:32:42:859,1.9298,-0.0868,11.3331,67.6203,-0.1723,-0.2952,0.3089,289.1562
19:32:42:876,2.1693,-0.5477,11.8622,71.7733,-0.1555,-0.2483,0.279,288.6875
19:32:42:896,2.3584,-1.0433,12.5577,70.2808,-0.1675,-0.1711,0.2846,287.9219
19:32:42:915,2.6158,-1.4479,13.0868,71.9327,-0.1228,-0.0012,0.332,287.9219
19:32:42:935,2.9594,-1.8393,12.5721,72.361,0.0282,0.1919,0.3683,287.6094
19:32:42:960,3.2742,-1.965,11.1284,71.3927,0.1529,0.2787,0.3826,287.2969
19:32:42:984,3.7949,-1.7148,9.5566,72.6271,0.1025,0.1927,0.3613,286.9219
19:32:42:995,4.7514,-1.4072,9.1795,72.9938,-0.1529,-0.1106,0.2639,286.0938
19:32:43:018,6.0957,-1.412,10.5059,73.5945,-0.4991,-0.524,0.0101,285.875
19:32:43:034,5.9725,-2.1446,12.997,72.6673,-0.7372,-0.7157,-0.4049,285.5156
19:32:43:056,4.3839,-3.1562,15.5361,74.8934,-0.6344,-0.3663,-0.6624,285.3281
19:32:43:077,3.4861,-3.9678,15.1614,72.4161,-0.0543,0.3733,-0.5974,285.5469
19:32:43:095,3.4993,-4.0109,10.865,74.2817,0.584,0.8255,-0.4033,286.2188
19:32:43:118,4.0655,-3.3465,7.0139,72.3234,0.7835,0.6028,-0.289,287.0156
19:32:43:145,4.6161,-2.3014,5.6301,72.6558,0.5963,0.0636,-0.3841,287.5781
19:32:43:160,4.4593,-1.6825,6.0981,73.0783,0.2927,-0.2979,-0.6241,287.7812
19:32:43:179,3.601,-1.1187,6.8667,74.4196,0.1055,-0.3402,-0.8432,288.0938
19:32:43:195,2.7008,-0.835,7.0271,73.8279,0.0525,-0.1793,-0.9809,288.5
19:32:43:215,2.1741,-0.6506,6.5339,74.3563,0.0088,0.0952,-1.0275,289.1562
19:32:43:235,1.8389,-0.3621,5.9294,74.631,-0.1015,0.2867,-1.0225,290.1094
19:32:43:261,1.5839,-0.0449,6.097,74.6868,-0.2533,0.3509,-1.0067,291.2188
19:32:43:277,1.2834,0.1059,6.8403,73.39,-0.3374,0.3299,-0.9817,292.3438
19:32:43:296,1.287,0.3286,7.9082,73.7874,-0.3452,0.3389,-0.9524,294.125
19:32:43:315,1.1422,0.428,8.9987,72.9809,-0.2551,0.3895,-0.954,295.2969
19:32:43:340,0.716,0.3705,9.067,75.3106,-0.0701,0.4263,-0.9348,296.3594
19:32:43:358,0.2946,0.4004,8.8048,74.3773,0.0266,0.3546,-0.8491,297.4844
19:32:43:374,0.1486,0.5106,9.2776,76.2659,0.008,0.2894,-0.6994,298.5938
19:32:43:394,0.2862,0.6949,10.2521,75.9422,0.0059,0.3429,-0.5386,299.5938
19:32:43:415,0.3999,0.8302,10.5801,76.0329,0.069,0.4534,-0.4131,300.5
19:32:43:434,0.467,0.9104,10.6196,75.9059,0.1073,0.512,-0.3005,301.2188
19:32:43:458,0.637,0.8446,10.7908,75.8394,0.1172,0.4707,-0.2089,301.7656
19:32:43:475,0.6513,0.2688,11.1846,75.0338,0.1156,0.3168,-0.1449,302.1719
19:32:43:495,0.5843,-0.483,11.8227,76.2356,0.0892,0.2079,-0.0224,302.4688
19:32:43:515,0.5951,-0.8972,12.5026,75.7368,0.0618,0.1671,0.1536,302.6875
19:32:43:534,0.5244,-1.1163,13.1024,75.2126,0.0679,0.1269,0.3302,302.7969
19:32:43:558,0.4969,-1.1486,13.2185,77.5884,0.0903,0.1517,0.5283,302.7188
19:32:43:577,0.7962,-1.2755,12.5948,75.4837,0.0229,0.1533,0.6916,302.4531
19:32:43:595,1.0129,-1.3952,12.5194,75.5377,-0.1278,-0.011,0.7712,301.9844
19:32:43:615,1.1074,-1.5281,13.416,75.5377,-0.119,-0.2046,0.7909,300.875
19:32:43:635,1.3121,-1.5101,13.6159,76.4519,0.2586,-0.2499,0.7592,299.9844
19:32:43:663,1.0703,-1.5676,11.2086,74.6296,0.7795,-0.1777,0.6689,299.125
19:32:43:677,0.8105,-1.576,8.2302,75.4536,0.9779,-0.1588,0.6039,298.25
19:32:43:694,0.7627,-1.3485,6.3914,75.5435,0.7904,-0.1985,0.5304,297.8438
19:32:43:714,0.6226,-1.1103,5.9641,75.4419,0.4189,-0.2888,0.4543,297.1094
19:32:43:734,0.522,-0.8912,6.5447,76.4875,0.0682,-0.4377,0.4231,296.4688
19:32:43:759,0.7172,-0.6542,7.8567,75.2308,-0.1284,-0.5905,0.426,295.9062
19:32:43:777,1.0991,-0.3789,8.8503,74.0865,-0.1318,-0.6116,0.3989,295.4062
19:32:43:794,1.1685,-0.1682,9.3291,74.772,0.0045,-0.5586,0.3246,294.9219
19:32:43:814,1.1733,-0.155,8.8658,75.9628,0.2195,-0.4313,0.2623,294.4688
19:32:43:834,1.105,-0.1095,7.6304,74.6099,0.3947,-0.3386,0.2202,294.0625
19:32:43:854,1.0308,-0.2951,6.4585,73.7884,0.4208,-0.3194,0.2255,293.7188
19:32:43:874,1.0416,-0.3107,6.0993,73.8534,0.2424,-0.4028,0.2543,293.4531
19:32:43:907,1.0165,-0.2843,7.1827,74.594,-0.0128,-0.4347,0.2942,293.0312
19:32:43:914,0.9255,-0.337,8.5139,73.9463,-0.1214,-0.3146,0.3475,292.7344
19:32:43:934,0.8321,-0.2771,9.1508,72.9713,-0.0455,-0.1887,0.4593,292.4219
19:32:43:954,1.2822,-0.0916,9.2166,74.4413,0.0871,-0.1756,0.6119,292.0469
19:32:43:976,2.0304,0.3107,9.2645,72.3312,0.1848,-0.2622,0.7083,291.5156
19:32:43:994,2.7953,0.7272,9.5338,73.9985,0.249,-0.3647,0.6721,290.8594
19:32:44:014,3.1676,0.926,9.456,72.835,0.2639,-0.3554,0.5331,290.0312
19:32:44:034,3.4514,0.9284,9.2908,72.8486,0.138,-0.3407,0.3781,289.2344
19:32:44:054,3.7865,0.756,10.1216,73.0016,-0.1374,-0.4041,0.2061,288.6094
19:32:44:076,3.9398,0.1454,12.1279,72.4796,-0.3811,-0.3849,0.041,288.2031
19:32:44:094,3.6381,-0.7057,13.9176,73.5749,-0.424,-0.1301,-0.031,287.9844
19:32:44:115,3.5196,-1.3018,13.9775,72.4043,-0.2461,0.2766,0.041,287.9844
19:32:44:135,3.6752,-1.2372,12.086,71.8232,-0.0493,0.4966,0.1411,288.0469
19:32:44:161,3.8871,-0.9978,10.3311,71.6856,-0.0429,0.3794,0.1054,288.0625
19:32:44:178,3.8069,-1.0445,9.7397,70.7392,-0.2229,0.1437,-0.0661,287.9688
19:32:44:196,2.7989,-2.1638,11.6455,71.5463,-0.4993,-0.0808,-0.2978,287.7656
19:32:44:217,2.3848,-2.305,12.4619,71.7632,-0.3449,0.0239,-0.2238,287.8594
19:32:44:235,2.6816,-2.2547,12.0346,70.2156,-0.0381,0.1831,-0.0917,288.1875
19:32:44:258,3.3628,-2.1254,10.3646,71.5638,0.233,0.2486,-0.0318,288.8281
19:32:44:274,3.8069,-1.9974,8.8323,69.1176,0.3223,0.1653,-0.0842,288.8281
19:32:44:294,3.7387,-1.6334,7.8818,70.8978,0.2589,0.1008,-0.187,288.9375
19:32:44:314,3.4286,-1.2492,7.148,69.1389,0.1406,0.0849,-0.3061,288.9688
19:32:44:333,2.8468,-0.9415,6.6165,70.0118,0.0186,0.084,-0.4009,289.0312
19:32:44:400,2.2267,-0.6363,6.2119,70.7771,-0.0956,0.0737,-0.4515,289.2344
19:32:44:401,1.7443,-0.24,6.097,67.6972,-0.2147,0.0745,-0.4533,289.5625
19:32:44:401,1.5779,0.0688,6.4836,69.6401,-0.3108,0.087,-0.435,290
19:32:44:414,1.5623,0.2735,6.9972,69.8802,-0.3172,0.1083,-0.4195,290.5312
19:32:44:433,1.4749,0.4902,7.2294,68.5625,-0.2655,0.1181,-0.4203,291.0625
19:32:44:453,1.3468,0.5405,7.5694,68.4387,-0.2195,0.1285,-0.4073,291.8125
19:32:44:476,1.2451,0.8051,8.1811,65.8575,-0.196,0.1911,-0.334,292.3125
19:32:44:497,1.7096,1.2252,9.043,68.806,-0.1475,0.2875,-0.2493,292.8125
19:32:44:514,2.119,1.6849,9.389,67.7997,-0.0575,0.3903,-0.2666,293.2656
19:32:44:534,2.3165,1.9387,9.1962,68.3483,-0.0266,0.4614,-0.3729,293.5781
19:32:44:559,2.1812,1.7963,9.4584,69.2011,-0.1137,0.4431,-0.5005,293.875
19:32:44:576,1.6928,1.5437,10.707,67.6263,-0.2053,0.4566,-0.5713,294.2344
19:32:44:595,0.8668,1.0373,11.8466,66.9756,-0.1497,0.556,-0.5247,294.7344
19:32:44:614,0.5053,0.7883,12.0884,67.4803,0.0165,0.654,-0.3183,295.0469
19:32:44:634,0.8034,0.434,11.7736,67.056,0.1755,0.5618,-0.0746,295.7188
19:32:44:659,1.6054,0.1945,11.9232,67.4826,0.2711,0.3323,0.103,296.3438
19:32:44:674,2.2339,0.0018,11.9137,66.4601,0.3238,0.2159,0.1366,296.6875
19:32:44:697,2.2447,-0.1586,11.2816,65.5983,0.2767,0.2082,0.049,296.7812
19:32:44:714,1.6342,-0.4304,10.9297,65.8614,0.0415,0.2196,-0.0278,296.6562
19:32:44:735,1.214,-0.9032,11.6766,65.6236,-0.2743,0.156,-0.0121,296.4688
19:32:44:770,0.6968,-1.4431,13.1778,66.3222,-0.4077,-0.0174,0.103,296.4531
19:32:44:774,0.8094,-1.649,14.588,64.0096,-0.2258,-0.1239,0.3014,296.5
19:32:44:798,1.4007,-1.6478,14.4384,64.0706,0.221,0.0343,0.4212,296.4688
19:32:44:814,1.5025,-1.4934,11.4025,64.0826,0.6727,0.2761,0.3928,296.25
19:32:44:834,1.2798,-1.5592,8.3882,63.0977,0.7838,0.2582,0.3121,295.8125
19:32:44:856,0.8489,-1.6023,6.6404,62.963,0.6131,0.0878,0.2591,295.3438
19:32:44:877,0.2539,-1.3318,6.073,61.2028,0.3257,-0.2161,0.2735,294.9375
19:32:44:895,0.2012,-1.0014,6.9852,61.6234,0.0368,-0.5522,0.369,294.6094
19:32:44:914,0.8489,-0.6003,8.3894,61.0513,-0.102,-0.708,0.4527,294.3125
19:32:44:935,1.5791,-0.3094,9.4249,61.4772,-0.0743,-0.7242,0.4202,293.9688
19:32:44:960,1.6018,-0.1718,9.4596,61.0346,0.0967,-0.5548,0.3243,293.5
19:32:44:978,1.3983,-0.0461,8.2697,61.365,0.2991,-0.3383,0.2689,293
19:32:44:996,1.36,-0.1419,6.5758,61.4211,0.3491,-0.1599,0.2364,292.5938
19:32:45:014,1.281,-0.1311,5.4721,58.9397,0.2099,-0.1037,0.2551,292.0938
19:32:45:034,1.1888,0.1119,5.769,59.4285,-0.0186,-0.2137,0.2892,291.8125
19:32:45:055,1.2403,0.2628,6.9026,60.3602,-0.1318,-0.2417,0.3304,291.5312
19:32:45:076,1.6054,0.4004,7.7262,58.9258,-0.09,-0.2289,0.3544,291.2031
19:32:45:094,2.0412,0.7141,8.0829,57.8669,-0.0349,-0.2643,0.3328,291.0312
19:32:45:114,2.0436,0.8793,8.9257,57.3023,-0.0783,-0.329,0.2644,290.6406
19:32:45:135,1.6976,0.8314,10.0618,57.9405,-0.1174,-0.2523,0.2207,290.2656
19:32:45:163,1.53,0.6877,10.6447,57.9454,-0.0868,-0.0574,0.2314,289.9219
19:32:45:181,1.5947,0.7021,10.4245,57.207,-0.0282,0.0683,0.2745,289.6719
19:32:45:201,2.0471,0.5704,10.0761,57.9285,-0.0117,-0.0909,0.283,289.4375
19:32:45:214,2.6158,0.2233,10.7094,53.9763,-0.0756,-0.3911,0.2452,289.1562
19:32:45:234,2.9127,-0.5956,12.0693,55.8033,-0.1273,-0.5439,0.2119,288.8281
19:32:45:255,2.9773,-1.1355,12.863,55.5248,-0.1148,-0.3658,0.2862,288.5312
19:32:45:282,3.6632,-1.418,12.2022,56.9468,-0.0788,-0.0624,0.3861,288.2969
19:32:45:299,4.4593,-1.4335,11.0913,54.4538,-0.1387,0.0587,0.356,287.8594
19:32:45:314,4.937,-1.3342,10.3491,52.8924,-0.2818,0.0071,0.156,287.4219
19:32:45:337,4.4749,-1.4515,10.0043,54.1797,-0.4956,-0.1231,-0.1492,287.0469
19:32:45:360,3.4657,-1.892,10.9021,53.369,-0.7105,-0.2161,-0.3548,286.9062
19:32:45:378,2.6744,-2.2787,12.0238,53.7558,-0.7345,-0.1482,-0.3612,287.1094
19:32:45:394,2.4937,-2.299,12.6199,51.5961,-0.5422,-0.0251,-0.2416,287.5469
19:32:45:413,2.9294,-2.0309,12.0645,51.5466,-0.2192,0.1235,-0.1228,288.0156
19:32:45:437,3.528,-1.6322,10.3383,50.2607,0.0685,0.1176,-0.1013,288.3438
19:32:45:460,4.0906,-1.4084,8.9544,49.4484,0.1569,0.0007,-0.1964,288.5
19:32:45:478,4.1481,-1.163,8.2481,50.4702,0.0876,-0.0435,-0.3732,288.625
19:32:45:496,3.5387,-0.9966,7.7813,50.1311,-0.0133,0.0231,-0.5644,288.8281
19:32:45:516,2.69,-0.8505,7.2797,47.8356,-0.0969,0.1413,-0.6685,289.25
19:32:45:534,1.9813,-0.6746,6.7063,48.2775,-0.1502,0.2439,-0.6842,289.5156
19:32:45:554,1.7563,-0.392,6.4381,46.9404,-0.208,0.2582,-0.6278,289.8594
19:32:45:576,1.8508,0.0054,6.8882,46.6802,-0.2317,0.1821,-0.5804,291.0469
19:32:45:595,1.4738,0.1969,7.907,44.94,-0.1105,0.2207,-0.6091,292.1406
19:32:45:615,0.8429,0.1897,7.8866,47.3359,-0.0535,0.3802,-0.5482,292.8438
19:32:45:634,0.722,0.3885,8.0039,46.1486,-0.0389,0.4827,-0.4006,293.5312
19:32:45:656,1.3493,0.7823,8.6887,44.4578,-0.0234,0.5048,-0.2805,294.2188
19:32:45:677,1.7443,1.2612,9.2513,44.5715,0.0474,0.4721,-0.2978,294.8594
19:32:45:696,1.7575,1.4347,9.5829,43.2253,0.1132,0.3951,-0.399,295.3281
19:32:45:713,1.4714,1.2504,10.0689,42.2642,0.1118,0.3959,-0.4949,295.6719
19:32:45:733,0.7172,0.9332,10.6783,42.2642,0.0743,0.5443,-0.517,296
19:32:45:756,0.388,0.5441,11.0841,42.9549,0.0368,0.7565,-0.3961,296.4688
19:32:45:777,0.5328,0.5896,11.4719,43.4946,0.0376,0.8399,-0.2211,297.0312
19:32:45:794,0.795,0.2951,12.0573,41.6635,0.1254,0.7189,-0.0834,297.875
19:32:45:813,1.3109,-0.149,11.9903,41.5468,0.2602,0.5639,0.0335,298.2344
19:32:45:834,1.7299,-0.4567,11.1978,40.0618,0.2591,0.41,0.0894,298.4219
19:32:45:854,2.0352,-0.5944,11.2014,38.157,0.025,0.1999,0.0726,298.4531
19:32:45:879,2.0089,-0.9535,12.8522,37.3488,-0.3308,0.0436,0.0117,298.4219
19:32:45:896,1.3169,-1.7627,14.8466,37.98,-0.4906,0.148,-0.0302,298.3281
19:32:45:914,0.1534,-2.7204,15.25,37.8938,-0.2485,0.3544,0.074,298.25
19:32:45:934,-0.2632,-3.0831,13.2089,37.7184,0.2575,0.3986,0.3685,298.25
19:32:45:953,0.2958,-2.5612,10.3706,36.0676,0.6514,0.1554,0.6455,298.2812
19:32:45:977,0.941,-1.8693,8.2673,35.2789,0.8048,-0.1711,0.7158,298.2031
19:32:45:995,1.0081,-1.224,6.6548,33.9545,0.6698,-0.3327,0.6031,297.8281
19:32:46:013,0.6669,-0.8996,6.0874,34.6808,0.3097,-0.3676,0.4676,297.0938
19:32:46:033,0.5544,-0.9583,6.7554,33.3943,-0.0836,-0.4334,0.373,296.2812
19:32:46:053,0.3054,-1.0576,8.1608,33.2045,-0.2983,-0.4904,0.3267,295.3438
19:32:46:076,-0.013,-0.9164,9.2776,32.6687,-0.3049,-0.4949,0.3539,294.875
19:32:46:096,-0.0765,-0.8457,9.8786,32.5844,-0.143,-0.3865,0.4165,294.4844
19:32:46:113,-0.1974,-0.7452,9.1544,31.7408,0.1031,-0.1871,0.5094,294.125
19:32:46:133,0.0001,-0.5249,7.6137,31.0177,0.2679,-0.0768,0.6202,293.6875
19:32:46:154,0.394,-0.1837,6.5183,29.9076,0.2613,-0.1383,0.6916,293.1562
19:32:46:177,0.8836,0.2185,6.5578,28.9853,0.1385,-0.2595,0.7065,292.5
19:32:46:194,1.366,0.5046,7.2893,28.8129,0.0565,-0.3279,0.6266,291.7812
19:32:46:213,1.4713,0.6063,7.5957,29.8978,0.0562,-0.3437,0.4854,290.9688
19:32:46:234,1.5587,0.5369,7.8291,27.5195,0.0402,-0.3351,0.3504,290.1875
19:32:46:253,1.6114,0.5716,8.2446,29.2979,-0.0253,-0.2872,0.2226,289.5625
19:32:46:276,1.1565,0.4519,9.1591,28.2038,-0.0943,-0.2025,0.1318,289.0938
19:32:46:294,0.6897,0.2903,9.7565,29.5727,-0.0695,-0.1082,0.1613,288.7656
19:32:46:314,0.789,0.319,9.9792,28.5371,-0.0029,-0.0305,0.2497,288.5938
19:32:46:334,1.2343,0.3729,9.8175,28.0984,0.0429,0.0092,0.2878,288.4375
19:32:46:354,1.8113,0.3047,9.6727,28.9014,-0.0176,-0.0651,0.2412,288.0469
19:32:46:377,2.3201,-0.0736,10.5226,29.1049,-0.1896,-0.1991,0.1161,287.8906
19:32:46:395,2.4494,-0.9678,12.1255,27.3269,-0.3388,-0.2888,0.0042,287.5938
19:32:46:473,2.0388,-1.7831,13.5369,28.4805,-0.3507,-0.1335,0.0348,287.375
19:32:46:481,2.1729,-2.0979,13.0988,28.2035,-0.2035,0.1594,0.2228,287.3281
19:32:46:482,2.9294,-1.7448,11.5007,28.628,-0.0911,0.2657,0.3264,287.3594
19:32:46:482,3.4514,-1.6502,10.221,26.9619,-0.1633,0.1874,0.2127,287.2344
19:32:46:495,3.2239,-1.807,10.0378,27.7818,-0.3891,0.0233,-0.0019,286.9062
19:32:46:512,2.7738,-2.3996,11.5067,26.29,-0.576,-0.0736,-0.1612,286.5781
19:32:46:532,2.2136,-2.7515,12.8151,30.2972,-0.5396,0.0609,-0.1958,286.4688
19:32:46:552,2.1393,-2.7887,13.0521,29.0024,-0.2858,0.3578,-0.0991,286.6094
19:32:46:576,2.8552,-2.6007,11.3019,28.5017,0.0621,0.5656,-0.0107,286.8594
19:32:46:594,3.7183,-2.2667,9.0454,28.8862,0.2376,0.4686,-0.0645,287.0469
19:32:46:616,4.2295,-1.8334,8.0171,29.2394,0.1451,0.2215,-0.2709,287.1094
19:32:46:632,3.8284,-1.4754,8.0806,28.6116,-0.0418,0.1397,-0.5753,287.2031
19:32:46:653,2.623,-1.479,8.0063,29.9841,-0.2197,0.3629,-0.815,287.5
19:32:46:676,1.2367,-1.4635,7.5598,29.4789,-0.3699,0.6766,-0.8693,288.1719
19:32:46:693,0.4263,-1.06,7.251,29.4174,-0.4357,0.8159,-0.7343,289.125
19:32:46:713,0.6142,-0.5118,7.2941,29.3928,-0.3867,0.7224,-0.5471,290.0938
19:32:46:734,1.1039,-0.07,7.4988,29.4378,-0.2479,0.4766,-0.4611,290.9844
19:32:46:752,1.1996,0.2209,7.7454,29.7014,-0.0701,0.2417,-0.4581,291.6406
19:32:46:777,1.0416,0.2879,7.4329,29.6105,0.1167,0.1014,-0.4722,292.1562
19:32:46:797,0.692,0.2328,6.9218,29.8074,0.1454,0.0896,-0.4672,292.7031
19:32:46:813,0.3976,0.2256,7.0295,29.5816,-0.0144,0.1778,-0.3998,293.25
19:32:46:836,0.3604,0.3729,8.2517,30.6141,-0.1856,0.2191,-0.3202,293.5312
19:32:46:860,0.2156,0.4531,9.8379,30.7147,-0.1888,0.2593,-0.26,294.0156
19:32:46:878,0.2647,0.6434,10.9201,31.5989,-0.0163,0.3048,-0.1953,294.4219
19:32:46:893,0.4682,0.6399,11.0362,30.0284,0.1997,0.3285,-0.1886,294.7656
19:32:46:912,0.1126,0.5884,10.8506,32.2654,0.2495,0.4454,-0.22,295.0312
19:32:46:932,-0.3315,0.5561,10.9919,32.7444,0.1201,0.6569,-0.1995,295.375
19:32:46:952,-0.2285,0.3969,11.5713,32.2654,-0.0205,0.8071,-0.1641,295.6562
19:32:46:974,0.03,0.0736,12.2369,33.1423,-0.0836,0.9158,-0.195,295.9219
19:32:46:994,-0.4392,-0.8697,12.0801,33.1169,0.0687,0.8279,-0.2491,296.125
19:32:47:014,-1.173,-1.151,11.4576,32.2255,0.1105,0.5712,-0.2222,296.125
19:32:47:032,-1.7213,-1.2971,11.4336,32.4958,0.0208,0.3506,-0.109,296.3906
19:32:47:052,-1.8949,-1.7496,11.8694,31.4376,-0.1262,0.2638,0.0686,296.7031
19:32:47:075,-1.7608,-2.0716,12.5421,31.3828,-0.1782,0.1887,0.275,297.3125
19:32:47:093,-1.0785,-2.1829,12.9851,32.4028,-0.0104,0.0622,0.4367,297.3125
19:32:47:115,-0.6379,-2.2428,12.1698,32.8751,0.3651,-0.0582,0.4833,297.3906
19:32:47:132,-0.6224,-2.2559,9.729,34.0217,0.6978,-0.1649,0.4687,297.0625
19:32:47:153,-0.4476,-2.1781,7.5406,35.6408,0.7308,-0.2643,0.422,296.0469
19:32:47:175,-0.5649,-2.0369,6.2981,34.8103,0.5119,-0.3532,0.3307,295.375
19:32:47:197,-1.1778,-1.6861,6.1975,36.4372,0.1907,-0.4957,0.2737,295.375
19:32:47:212,-1.2952,-1.3797,6.9792,33.4695,-0.0783,-0.664,0.3195,294.9844
19:32:47:232,-0.8415,-0.8936,8.1344,36.3832,-0.228,-0.7711,0.388,294.8125
19:32:47:252,-0.2477,-0.5237,9.3315,36.5224,-0.1944,-0.8321,0.3989,294.5312
19:32:47:275,0.0719,-0.3107,9.6667,35.8539,0.0258,-0.7785,0.3531,294.1406
19:32:47:292,0.0564,-0.556,8.7342,36.8578,0.2245,-0.5205,0.2958,293.6719
19:32:47:316,-0.116,-0.647,7.3635,37.2957,0.2541,-0.1772,0.3086,293.2031
19:32:47:332,-0.0957,-0.4567,6.3519,36.2968,0.1412,-0.0188,0.3451,292.7812
19:32:47:351,0.036,-0.228,6.5626,36.7851,-0.0003,-0.096,0.3816,292.4375
19:32:47:372,0.3628,-0.0365,7.4892,39.3088,-0.0256,-0.2294,0.3906,292.0938
19:32:47:393,0.4478,-0.0904,7.9201,38.4367,0.0612,-0.2856,0.3587,291.7344
19:32:47:412,0.3844,-0.1035,7.664,37.6581,0.1057,-0.2925,0.328,290.8438
19:32:47:438,0.1964,-0.1191,8.2589,37.234,0.0093,-0.3567,0.3331,290.4375
19:32:47:451,0.1785,-0.0808,9.8451,36.6926,-0.065,-0.3501,0.4013,290.25
19:32:47:471,0.1881,-0.0281,10.9488,38.2212,0.0218,-0.2651,0.4748,289.875
19:32:47:496,0.5556,0.0186,10.8267,38.1076,0.1949,-0.1777,0.5453,289.4531
19:32:47:513,1.269,0.1586,9.8475,37.49,0.2783,-0.235,0.536,288.9688
19:32:47:532,1.761,0.1323,9.626,37.6083,0.1382,-0.4345,0.3976,288.3906
19:32:47:553,1.5791,-0.3214,11.0434,38.7334,-0.1084,-0.5567,0.2348,287.75
19:32:47:576,1.2463,-1.2923,12.9791,39.4891,-0.2019,-0.4281,0.197,287.2344
19:32:47:593,1.4582,-2.0201,13.3478,39.2237,-0.0317,-0.0587,0.3334,286.875
19:32:47:614,2.3907,-1.8262,11.5318,39.5979,0.1558,0.23,0.446,286.6562
19:32:47:633,2.9031,-1.3497,9.4979,38.8431,0.1686,0.1376,0.3014,286.3594
19:32:47:653,3.012,-1.4132,8.3295,36.8252,-0.065,-0.2028,0.0178,285.9062
19:32:47:677,2.8708,-1.7783,8.8048,38.6484,-0.4719,-0.6518,-0.2874,285.4531
19:32:47:694,2.3883,-2.5732,11.43,37.3624,-0.9089,-0.8699,-0.5242,285.2656
19:32:47:714,1.4306,-3.1921,14.8107,38.6089,-1.0501,-0.4007,-0.5441,285.4062
19:32:47:733,1.0967,-3.0831,15.153,37.3885,-0.69,0.4982,-0.3612,285.8906
19:32:47:752,1.6461,-2.6306,12.0166,37.2677,-0.1537,0.973,-0.1647,286.5625
19:32:47:776,2.3835,-1.7855,8.7821,37.3885,0.1169,0.8119,-0.0802,287.0938
19:32:47:796,2.9151,-1.0241,7.6053,37.8361,0.1446,0.2979,-0.1527,287.4219
19:32:47:815,2.9055,-0.5728,7.397,37.8361,0.1396,-0.1093,-0.3439,287.5938
19:32:47:831,2.4254,-0.4184,7.1384,36.7378,0.123,-0.2369,-0.5551,287.7188
19:32:47:851,1.5683,-0.3537,6.6895,36.6919,0.0517,-0.1841,-0.7109,287.9844
19:32:47:872,0.7615,-0.3621,6.3196,35.7804,-0.1031,0.0063,-0.7591,288.5
19:32:47:895,0.2168,-0.2831,6.3878,36.5254,-0.3031,0.2622,-0.7157,289.2188
19:32:47:914,0.06,-0.1909,6.7757,35.334,-0.4277,0.4103,-0.6304,290.0312
19:32:47:933,0.127,-0.0233,7.3587,35.592,-0.4432,0.3778,-0.5548,290.8906
19:32:47:952,0.1019,0.0592,8.2266,34.6322,-0.3534,0.2257,-0.4941,291.6875
19:32:47:974,0.1258,0.1287,8.8515,34.9801,-0.1942,0.0753,-0.4275,292.375
19:32:47:993,0.3401,0.2843,9.1615,33.9445,-0.0565,0.0039,-0.3758,292.9531
19:32:48:012,0.3928,0.4806,9.3531,35.1111,0.0075,0.021,-0.3729,293.5
19:32:48:032,0.3461,0.5345,9.5219,33.8092,0.0171,0.0737,-0.371,294.1406
19:32:48:053,0.3497,0.507,10.0127,34.1228,-0.0306,0.1477,-0.3543,294.5625
19:32:48:076,0.1797,0.3669,10.8518,33.8092,-0.0517,0.2257,-0.3087,295
19:32:48:094,-0.0669,0.228,11.6168,34.218,0.0357,0.2233,-0.1881,295.4062
19:32:48:113,0.0707,0.082,12.0394,33.1675,0.1958,0.0966,-0.0086,295.75
19:32:48:132,0.6418,-0.1083,12.0884,33.2137,0.3398,-0.0499,0.1262,295.9844
19:32:48:153,1.3361,-0.4292,12.0118,33.6563,0.3582,-0.1122,0.1608,296
19:32:48:178,1.8353,-0.647,11.8766,32.1122,0.2112,0.0305,0.0883,295.8594
19:32:48:195,1.87,-0.7715,11.9125,32.1851,-0.0634,0.2106,-0.0736,295.6875
19:32:48:213,1.4271,-1.3581,12.5397,30.732,-0.4008,0.1964,-0.2384,295.5781
19:32:48:232,0.3257,-2.0776,14.6969,29.5875,-0.5896,-0.0281,-0.2571,295.6094
19:32:48:253,-0.4823,-2.6462,17.0444,28.2838,-0.2892,-0.2073,-0.0592,295.7812
19:32:48:282,-0.359,-2.7025,16.3992,28.5696,0.4621,-0.1317,0.2841,296.0938
19:32:48:300,0.3054,-2.0991,12.4416,26.4891,1.1649,-0.0241,0.5504,296.2812
19:32:48:317,0.9817,-1.4395,8.49,27.7925,1.3785,-0.0571,0.6066,296.1719
19:32:48:332,1.1972,-1.0493,6.231,27.1498,1.1369,-0.056,0.5078,295.3438
19:32:48:353,0.9446,-0.8601,5.4553,27.9994,0.6972,-0.0454,0.3754,294.6562
19:32:48:378,0.5101,-0.6734,5.7761,27.6008,0.2764,-0.0688,0.3126,294.125
19:32:48:397,1.1314,-0.6183,7.9189,26.602,-0.0847,-0.3354,0.2604,293.7031
19:32:48:416,1.0919,-0.6973,8.9101,26.5092,-0.0088,-0.4385,0.1773,293.3438
19:32:48:433,0.9171,-0.7392,9.0777,25.6701,0.1667,-0.3897,0.1541,292.9844
19:32:48:460,0.7998,-0.7859,8.4828,26.0848,0.327,-0.3002,0.1616,292.5
19:32:48:472,0.6717,-0.5608,7.5395,26.0035,0.3515,-0.1317,0.1986,292.5
19:32:48:496,0.8752,-0.0736,6.8344,26.4124,0.2527,0.0311,0.2266,292.3125
19:32:48:581,1.1445,0.3142,6.8356,26.1268,0.1095,0.0769,0.1643,292.1406
19:32:48:582,1.1314,0.4507,7.4138,25.88,0.0397,0.013,0.0388,291.9062
19:32:48:582,0.6561,0.1969,7.9106,26.3528,0.0751,-0.1199,-0.0584,291.6562
19:32:48:582,0.1641,-0.0796,8.3068,24.8246,0.1289,-0.2297,-0.0174,291.4219
19:32:48:595,0.1881,-0.0365,8.6145,24.3604,0.1214,-0.2752,0.1102,291.4531
19:32:48:612,0.4682,0.2053,9.3543,27.5156,0.0652,-0.2462,0.1949,291.5156
19:32:48:631,0.7651,0.2149,9.8582,25.6597,0.0591,-0.133,0.2026,291.4688
19:32:48:652,1.129,0.0629,9.6116,24.7308,0.0511,-0.0454,0.1805,291.2812
19:32:48:673,1.4713,-0.1646,9.4464,25.5934,-0.053,-0.1471,0.1347,291.0469
19:32:48:692,1.3457,-0.7248,10.0929,25.8074,-0.2495,-0.3335,0.1003,290.8281
19:32:48:714,1.117,-1.5125,11.5557,23.2245,-0.4306,-0.3777,0.2146,290.7344
19:32:48:734,1.7299,-1.9196,12.1112,26.4462,-0.466,-0.1615,0.4322,290.5938
19:32:48:752,2.4781,-1.5604,11.3271,26.2365,-0.4719,0.0444,0.5307,290.5
19:32:48:772,3.115,-1.248,10.6208,27.0037,-0.5702,0.0726,0.4316,290.2812
19:32:48:792,3.4358,-1.2468,10.4771,26.1552,-0.7526,-0.0046,0.197,289.7969
19:32:48:811,3.0743,-1.4359,11.8754,27.2081,-0.909,-0.1935,-0.0443,289.2031
19:32:48:833,2.1956,-2.0417,14.0254,26.0089,-0.767,-0.2893,-0.15,288.7344
19:32:48:851,1.6928,-2.4104,14.4599,27.8134,-0.2618,-0.1029,-0.023,288.5469
19:32:48:872,2.3009,-1.9447,11.7664,28.592,0.2674,0.1746,0.177,288.7188
19:32:48:892,3.5926,-1.2121,8.8706,28.7164,0.4176,0.1621,0.1951,288.8594
19:32:48:911,4.427,-0.8338,7.379,28.7788,0.2109,-0.0464,-0.0331,288.75
19:32:48:931,4.0655,-0.6674,7.4641,28.2161,-0.1726,-0.1548,-0.3644,288.5
19:32:48:951,2.9211,-0.8015,8.4469,30.0376,-0.4653,0.0018,-0.6238,288.375
19:32:48:972,1.542,-0.9283,8.5546,28.3348,-0.4818,0.283,-0.7111,288.5781
19:32:48:992,0.7926,-0.7943,7.7885,30.3587,-0.3507,0.4468,-0.615,289.1719
19:32:49:013,0.8189,-0.3537,6.9289,30.884,-0.2101,0.307,-0.4765,289.9844
19:32:49:032,1.0332,0.1431,6.9493,32.0025,-0.1055,0.0042,-0.4142,290.75
19:32:49:051,1.2571,0.2999,7.172,31.0613,-0.0029,-0.1812,-0.4336,291.4062
19:32:49:073,1.1003,0.343,7.0499,31.6635,0.0152,-0.1852,-0.4986,291.9062
19:32:49:094,0.6118,0.3118,7.4078,30.3261,-0.0874,-0.0539,-0.5223,292.375
19:32:49:112,0.4454,0.252,8.1165,32.9125,-0.188,0.1069,-0.4685,292.875
19:32:49:131,0.5939,0.3382,9.0753,34.1231,-0.2059,0.1682,-0.3785,293.4688
19:32:49:151,0.9554,0.4759,10.0246,32.5068,-0.1252,0.1429,-0.3079,294.0469
19:32:49:175,1.3361,0.6075,10.7453,34.8823,0.0061,0.1376,-0.2978,294.3125
19:32:49:194,1.7,0.6698,11.2289,34.2906,0.1196,0.2151,-0.362,294.9219
19:32:49:211,1.2834,0.416,11.3403,34.8798,0.1952,0.332,-0.4712,295.2656
19:32:49:231,0.2359,-0.0569,11.2337,36.9991,0.2048,0.4239,-0.4709,295.625
19:32:49:251,-0.1914,-0.5692,11.5569,37.3153,0.168,0.4151,-0.3005,296.1094
19:32:49:272,-0.0418,-0.9798,12.3769,36.3628,0.1739,0.3743,-0.0896,296.6875
19:32:49:292,0.4059,-1.303,12.5912,38.0027,0.269,0.3951,0.0905,297.1719
19:32:49:313,0.619,-1.2169,11.5964,36.4762,0.3135,0.4691,0.1991,297.3906
19:32:49:333,0.6873,-0.9176,10.7477,38.0666,0.1483,0.4241,0.2426,297.3906
19:32:49:351,0.8297,-1.1103,10.9716,38.5169,-0.1811,0.267,0.2492,297.2344
19:32:49:371,0.455,-1.6729,12.3626,38.9679,-0.4487,-0.0616,0.3043,297
19:32:49:392,0.1953,-2.3505,14.2684,38.1574,-0.4053,-0.4438,0.4905,296.7344
19:32:49:411,0.6681,-3.0065,15.08,39.708,0.0964,-0.6308,0.7643,296.4375
19:32:49:431,1.469,-3.0436,13.1551,39.1583,0.844,-0.7106,1.0186,295.9844
19:32:49:451,2.5643,-2.3721,9.8582,40.2954,1.2504,-0.7181,1.1344,294.7812
19:32:49:471,3.3364,-1.3964,7.6209,40.7163,1.0615,-0.5117,1.0063,293.5781
19:32:49:494,2.9558,-0.6925,6.674,42.1347,0.535,-0.2446,0.7691,292.3125
19:32:49:512,2.9522,-0.3477,7.0918,42.669,0.0186,-0.0619,0.6519,291.1406
19:32:49:531,3.1245,0.094,8.3032,41.259,-0.1891,-0.0635,0.4876,290.2344
19:32:49:553,2.5308,0.3466,8.879,41.7468,-0.0226,-0.1767,0.2631,289.4844
19:32:49:576,1.7359,0.1143,8.0351,39.9312,0.3007,-0.2899,0.1129,288.9688
19:32:49:594,1.0524,-0.0257,6.4956,42.9585,0.4559,-0.3791,0.0726,288.6562
19:32:49:611,0.6537,-0.0197,5.8887,44.0505,0.3731,-0.472,0.0929,288.5312
19:32:49:632,0.4251,-0.0114,6.401,42.7798,0.2029,-0.476,0.1286,288.4375
19:32:49:651,0.4562,0.0293,7.1588,43.1258,0.0919,-0.3413,0.1762,288.3125
19:32:49:672,0.6537,0.2699,7.6783,43.4543,0.0565,-0.21,0.1792,288.2344
19:32:49:691,0.7543,0.4914,8.0135,44.2206,0.074,-0.105,0.1206,288.0625
19:32:49:714,1.0691,0.7045,8.1799,43.1586,0.0775,-0.0928,0.0367,287.8594
19:32:49:732,1.3157,0.8446,8.6635,45.1007,0.0485,-0.1567,-0.1045,287.6719
19:32:49:752,1.0344,0.5094,9.371,41.8522,0.0506,-0.329,-0.273,287.5781
19:32:49:771,0.4598,-0.1586,10.0594,44.3157,0.0719,-0.3996,-0.3172,287.6875
19:32:49:794,0.8129,-1.2133,10.5047,44.3681,-0.1297,-0.1287,-0.0533,288
19:32:49:812,1.4534,-1.3737,11.4252,45.1405,-0.2975,-0.031,0.0958,288
19:32:49:831,2.2136,-1.5544,12.6678,45.6362,-0.3129,-0.0315,0.1885,288.375
19:32:49:851,2.6816,-1.7807,12.9935,43.8548,-0.118,0.0119,0.2519,288.6719
19:32:49:872,3.012,-1.7675,11.375,45.4701,0.0708,0.0697,0.2932,288.5781
19:32:49:898,3.4717,-1.5664,9.7948,45.4701,-0.0131,0.0276,0.2399,288.3906
19:32:49:912,3.5352,-1.5652,9.3112,44.5218,-0.3398,-0.0086,0.0553,288.125
19:32:49:930,3.0755,-1.801,10.1898,45.6764,-0.7281,0.0622,-0.1468,287.7812
19:32:49:951,2.6158,-2.1662,11.867,46.946,-0.9057,0.2516,-0.2576,287.5
19:32:49:972,2.0495,-2.2511,12.8498,46.1165,-0.763,0.5067,-0.2581,287.6875
19:32:50:002,1.9274,-2.1195,12.2776,46.1937,-0.3595,0.6979,-0.1471,287.8594
19:32:50:022,2.3776,-1.7304,10.0474,45.5543,0.0216,0.6953,-0.0392,288.0469
19:32:50:032,2.9354,-1.4048,7.9489,45.8118,0.1001,0.4532,-0.0421,288.5156
19:32:50:051,3.273,-1.0612,7.3228,45.4883,-0.0823,0.1429,-0.1447,288.6406
19:32:50:071,3.3472,-0.7368,7.7537,45.3459,-0.3526,-0.0044,-0.3359,288.6562
19:32:50:095,2.8133,-0.7249,8.6133,45.0154,-0.5601,0.1261,-0.566,288.7188
19:32:50:114,1.6665,-0.8505,8.9401,45.5806,-0.6352,0.4795,-0.6917,288.875
19:32:50:131,0.4598,-0.7057,8.545,46.5809,-0.5667,0.8279,-0.6414,289.2812
19:32:50:151,-0.0059,-0.5034,7.5849,46.484,-0.4429,0.9698,-0.4395,289.9531
19:32:50:172,0.3844,-0.1203,6.9517,46.4048,-0.3364,0.8423,-0.2035,290.75
19:32:50:197,1.2056,0.3214,7.063,47.6841,-0.22,0.4987,-0.0714,291.5312
19:32:50:215,1.852,0.5716,7.5562,46.936,-0.0607,0.1586,-0.076,292.1094
19:32:50:234,2.0089,0.6447,7.877,46.7497,0.0804,-0.0209,-0.1891,292.375
19:32:50:251,1.7012,0.4471,8.0267,47.5879,0.0919,0.0058,-0.3226,292.5312
19:32:50:275,1.1936,0.2245,8.4062,47.8128,-0.0184,0.1631,-0.3644,292.6719
19:32:50:295,0.807,0.1395,9.5123,46.9449,-0.1209,0.2108,-0.3058,292.9531
19:32:50:314,0.9051,0.1526,10.7441,46.6742,-0.0842,0.1464,-0.2171,293.3594
19:32:50:331,0.9207,0.076,12.0441,46.8585,0.0722,0.0295,-0.1615,293.7812
19:32:50:356,0.941,-0.1251,12.7433,47.771,0.3513,-0.0329,-0.0722,294.0781
19:32:50:370,0.7363,-0.2759,12.1663,47.5417,0.6269,-0.064,0.009,294.2969
19:32:50:391,0.5795,-0.5477,11.43,47.5344,0.6964,-0.1258,0.111,294.4219
19:32:50:414,0.7363,-0.8517,11.6048,48.2652,0.6139,-0.1271,0.2271,294.4531
19:32:50:435,1.1589,-0.9954,11.4779,48.4574,0.482,0.0582,0.2953,294.4062
19:32:50:453,1.0464,-0.847,11.2409,47.7044,0.2677,0.2694,0.287,294.2031
19:32:50:480,0.7782,-0.7416,11.6886,47.8637,0.0266,0.4023,0.2708,293.8906
19:32:50:495,0.7244,-0.8745,12.0214,48.6261,-0.0868,0.4372,0.2503,293.5781
19:32:50:513,0.3078,-1.2504,11.8909,48.3048,-0.0408,0.1261,0.2295,293.2656
19:32:50:536,0.0312,-1.5712,12.4476,49.3221,0.11,-0.3695,0.315,293.125
19:32:50:552,0.5161,-1.8345,12.9575,49.9444,0.3931,-0.5325,0.4162,292.7188
19:32:50:571,0.8105,-1.8226,11.3881,49.7422,0.726,-0.3215,0.47,292.4375
19:32:50:597,1.4785,-1.4036,8.7773,50.017,0.8266,-0.1157,0.5022,292
19:32:50:677,2.0484,-0.8769,7.0427,49.5284,0.5883,-0.0491,0.3909,291.4844
19:32:50:677,1.9203,-0.2711,6.9924,50.1658,0.1779,-0.0952,0.2151,290.9375
19:32:50:678,2.1621,-0.2041,8.1823,49.3521,-0.1151,-0.1812,0.0484,290.4062
19:32:50:678,1.9394,-0.4196,9.0717,49.4001,-0.1257,-0.1849,-0.1537,290.0781
19:32:50:692,1.2415,-0.4806,8.7593,49.7205,0.008,-0.104,-0.2493,289.9062
19:32:50:710,0.9698,-0.5046,7.7645,50.5151,0.0756,-0.0014,-0.2571,289.9844
19:32:50:730,0.7926,-0.4842,7.1001,50.4374,0.0099,0.035,-0.2446,290.2344
19:32:50:757,0.6406,-0.58,7.2845,52.3971,-0.0695,-0.0725,-0.2259,290.5312
19:32:50:770,0.3772,-0.6853,7.8818,50.3975,-0.0802,-0.1991,-0.2049,290.7969
19:32:50:791,-0.1663,-0.823,8.4253,51.2411,-0.0037,-0.2313,-0.1489,291.0625
19:32:50:810,-0.5398,-0.8673,8.211,51.3936,0.1151,-0.1703,-0.0184,291.4219
19:32:50:830,-0.5087,-0.4591,7.6173,51.3388,0.1534,-0.1271,0.1717,291.5938
19:32:50:850,0.5256,0.1514,7.895,52.5929,0.0714,-0.2291,0.3134,291.6094
19:32:50:871,1.3133,0.6494,8.9413,52.0106,-0.0021,-0.3588,0.266,291.4062
19:32:50:894,1.0596,0.9068,10.0175,52.5453,0.017,-0.4187,0.1222,291.0625
19:32:50:912,0.7519,0.7715,10.2892,51.323,0.1097,-0.3349,0.0455,290.7656
19:32:50:930,0.5616,0.5824,9.5781,50.9938,0.1308,-0.2209,0.045,290.625
19:32:50:951,0.8908,0.4052,9.4141,53.0601,-0.0328,-0.3501,0.0942,290.5781
19:32:50:970,1.8018,-0.1083,11.0996,52.2024,-0.2557,-0.6281,0.1107,290.5156
19:32:50:995,2.2866,-0.7081,13.58,53.5348,-0.3009,-0.6901,0.0881,290.4844
19:32:51:016,2.3596,-1.4635,14.4635,52.0493,-0.0216,-0.4291,0.1126,290.3594
19:32:51:032,2.4578,-1.8585,12.1351,50.7405,0.3063,-0.0448,0.2223,290.2656
19:32:51:050,3.2478,-1.5832,9.1651,52.9476,0.2455,0.1693,0.2902,290.1719
19:32:51:070,3.6644,-1.1726,7.7286,51.5974,-0.2178,0.156,0.1294,289.9844
19:32:51:096,3.3053,-1.2085,8.7366,51.1512,-0.7997,0.001,-0.1362,289.6406
19:32:51:113,2.5104,-1.8106,11.7018,51.7592,-1.1263,-0.097,-0.3495,289.3594
19:32:51:131,1.2822,-2.3732,14.2241,50.4986,-0.9774,0.1054,-0.349,289.5469
19:32:51:152,0.9518,-2.5385,14.0194,52.6039,-0.4248,0.4478,-0.1319,290
19:32:51:172,1.7323,-2.0488,11.1846,51.6226,0.1031,0.6138,0.0849,290.4375
19:32:51:194,3.5184,-1.0457,7.6951,50.06,0.1105,0.104,-0.1473,290.625
19:32:51:211,2.8803,-1.1067,8.132,52.3329,-0.1004,-0.0054,-0.4376,290.625
19:32:51:230,1.7682,-1.3246,8.5175,52.1578,-0.2061,0.1685,-0.5972,290.5469
19:32:51:250,0.9135,-1.3342,8.0961,52.2078,-0.1896,0.4169,-0.5793,290.4531
19:32:51:271,0.5891,-1.0169,7.245,52.4793,-0.1382,0.5296,-0.4539,290.625
19:32:51:290,0.7327,-0.5249,6.5818,51.0556,-0.085,0.4428,-0.3252,291.7812
19:32:51:316,1.1026,-0.0796,6.4238,50.6492,-0.037,0.23,-0.2608,292.4688
19:32:51:331,1.3624,0.3178,6.6919,51.3115,-0.0176,0.0521,-0.2483,293
19:32:51:351,1.6653,0.6961,7.4641,50.3547,-0.0298,0.0151,-0.2643,293.3906
19:32:51:372,2.0292,1.0062,8.1045,51.7522,-0.0197,0.153,-0.3149,293.8281
19:32:51:394,1.9119,1.2983,8.2721,50.1604,-0.0402,0.2481,-0.4493,294.125
19:32:51:411,1.3002,1.2061,8.7378,51.0274,-0.1499,0.2886,-0.5809,294.2812
19:32:51:431,0.4335,0.8063,10.1288,50.0705,-0.2658,0.2846,-0.6137,294.8594
19:32:51:449,-0.2704,0.349,11.8191,51.8506,-0.2336,0.3517,-0.5002,295.4688
19:32:51:469,-0.5781,0.1215,12.602,51.4346,-0.0152,0.4668,-0.3021,295.8281
19:32:51:489,-0.5829,0.0569,12.098,51.2959,0.2197,0.5437,-0.0722,296.5
19:32:51:511,-0.4165,0.1119,11.2804,50.8388,0.2759,0.4236,0.1272,297.0938
19:32:51:530,-0.3387,0.0437,12.1722,50.0759,0.1939,0.1866,0.2463,297.4688
19:32:51:552,-0.3734,-0.4651,13.4017,50.5753,0.2123,0.1496,0.3379,297.5781
19:32:51:569,-0.4189,-1.0217,13.3071,50.7074,0.3507,0.2905,0.4623,297.4531
19:32:51:591,-0.3506,-1.1127,11.7988,50.7009,0.4032,0.4015,0.6228,297.1719
19:32:51:610,0.2766,-1.072,10.8375,49.4037,0.2362,0.3096,0.7563,296.7969
19:32:51:632,1.3481,-1.2779,11.2397,48.9946,-0.0495,0.0915,0.7648,296.3125
19:32:51:650,1.4067,-1.8166,12.9671,48.717,-0.2213,-0.1458,0.6545,295.2188
19:32:51:669,0.7926,-2.3661,14.3952,48.6335,0.0125,-0.0923,0.6506,294.3281
19:32:51:689,0.5448,-2.4295,12.432,47.6885,0.5593,0.2188,0.7613,293.5469
19:32:51:713,0.8405,-2.0608,8.5091,47.8106,0.8607,0.4441,0.8442,292.8125
19:32:51:731,1.1589,-1.382,5.3631,49.2779,0.7132,0.4311,0.7725,292.0312
19:32:51:750,0.9207,-0.8649,4.1636,50.0264,0.2543,0.1943,0.5672,291.1719
19:32:51:770,0.8034,-0.7224,4.5706,47.0555,-0.2647,-0.0158,0.3451,290.25
19:32:51:794,0.5268,-0.7165,6.1855,47.4773,-0.6266,-0.2204,0.0846,289.5
19:32:51:812,0.1474,-1.0469,7.7238,45.1217,-0.7121,-0.3029,-0.1268,288.9688
19:32:51:830,-0.602,-1.4718,8.6276,47.5564,-0.5976,-0.2611,-0.2446,288.7188
19:32:51:850,-1.5382,-1.7292,8.4672,47.42,-0.4171,-0.1218,-0.1689,288.7344
19:32:51:870,-2.0781,-1.6694,7.804,47.9795,-0.2791,-0.0083,0.0836,288.9219
19:32:51:891,-1.9907,-1.2935,7.1863,47.325,-0.2242,-0.0222,0.4215,289.1562
19:32:51:914,-0.942,-0.6853,7.4138,46.043,-0.2373,-0.1122,0.7243,289.2188
19:32:51:930,0.5556,0.0461,8.1991,47.5241,-0.1886,-0.1665,0.833,288.9219
19:32:51:954,1.0703,0.5381,8.302,46.7249,-0.0434,-0.304,0.7137,288.625
19:32:51:969,0.7591,0.5896,8.1943,46.7915,0.0242,-0.5138,0.5645,287.3438
19:32:51:990,0.3305,0.4531,8.8371,46.7915,-0.0613,-0.6481,0.5145,286.4219
19:32:52:012,0.2371,0.4064,10.0749,46.6793,-0.1694,-0.5993,0.5715,285.6875
19:32:52:032,0.7842,0.519,11.3079,44.8212,-0.1718,-0.443,0.6311,285.0938
19:32:52:049,1.2954,0.5776,11.612,45.2265,-0.0634,-0.3101,0.5858,284.4531
19:32:52:069,1.609,0.1251,11.2122,44.8211,0.0141,-0.3106,0.4889,283.7344
19:32:52:091,2.0651,-0.5453,11.2625,46.5825,-0.0096,-0.4297,0.4391,283.0469
19:32:52:114,2.8612,-0.8374,12.2177,45.6624,-0.029,-0.5972,0.4529,282.4219
19:32:52:129,3.8536,-0.7871,13.0653,44.6659,0.0778,-0.7213,0.4196,281.8906
19:32:52:153,4.3923,-0.7165,12.7133,46.0706,0.2152,-0.6419,0.1994,281.3906
19:32:52:169,3.7734,-0.9224,11.4073,46.6567,0.1273,-0.3644,-0.1447,280.8438
19:32:52:191,2.5667,-1.2552,10.9368,45.9115,-0.2245,-0.0667,-0.3559,280.4375
19:32:52:213,2.0232,-1.5484,12.2189,44.7832,-0.5193,0.0721,-0.3793,280.375
19:32:52:235,2.0124,-2.1901,13.5166,46.175,-0.4514,0.0441,-0.4259,280.8906
19:32:52:253,1.0069,-2.7623,14.0445,45.4788,-0.0954,-0.1173,-0.456,281.3438
19:32:52:270,0.6394,-3.1885,13.4136,45.774,0.392,-0.1953,-0.297,281.8438
19:32:52:291,1.2666,-2.9981,11.0506,46.9866,0.7561,-0.1008,-0.1372,282.3438
19:32:52:315,2.1333,-2.554,8.7796,46.5971,0.7758,-0.0177,-0.1449,282.6562
19:32:52:331,2.4709,-2.3469,7.5383,46.4424,0.531,0.1024,-0.2997,282.7812
19:32:52:350,1.8293,-2.0979,6.9924,46.1614,0.2618,0.2106,-0.4549,282.9219
19:32:52:372,1.0655,-1.734,6.8128,45.6599,0.1065,0.2228,-0.4781,283.25
19:32:52:399,0.6741,-1.2899,6.6213,47.2005,0.0735,0.1884,-0.3937,283.7656
19:32:52:414,0.7088,-0.7703,6.1903,46.6007,0.0852,0.1514,-0.289,284.3125
19:32:52:436,1.0177,-0.24,5.7534,46.4083,0.0373,0.1589,-0.2331,284.5312
19:32:52:450,1.2966,0.2197,5.7031,45.0049,-0.0645,0.1458,-0.2533,284.9219
19:32:52:470,1.5204,0.483,6.1424,46.9167,-0.147,0.1168,-0.3295,285.2031
19:32:52:490,1.4845,0.5764,6.6009,46.9208,-0.1806,0.0646,-0.4246,285.4531
19:32:52:514,1.2379,0.6375,7.2354,47.5008,-0.229,0.0247,-0.4765,285.7969
19:32:52:531,0.9255,0.8182,8.3918,47.0291,-0.2892,0.0172,-0.4664,286.4844
19:32:52:555,0.9195,0.9738,9.8511,45.8033,-0.2831,0.1216,-0.4206,287.0156
19:32:52:570,1.1445,1.0983,10.7441,46.7365,-0.151,0.3094,-0.3913,287.5469
19:32:52:591,0.8345,0.9068,10.47,46.2904,0.0695,0.4668,-0.4193,288.0312
19:32:52:613,0.3557,0.6207,10.8985,46.8115,0.0461,0.4726,-0.3497,288.0312
19:32:52:632,0.1497,-0.0006,11.2325,47.6415,0.033,0.4156,-0.2334,288.9531
19:32:52:652,-0.055,-0.5908,11.7521,45.933,0.012,0.369,-0.0677,289.8594
19:32:52:670,0.3042,-0.8817,12.1303,48.1736,-0.0075,0.3826,0.1222,290.1094
19:32:52:742,0.862,-0.8134,12.0573,47.9539,-0.0703,0.418,0.196,290.1094
19:32:52:742,0.9183,-0.7069,11.9185,47.7249,-0.2727,0.4172,0.1179,290.2031
19:32:52:742,0.619,-1.0241,12.9025,47.3996,-0.5984,0.3134,0.0178,290.0781
19:32:52:749,-0.025,-1.9411,15.2141,46.7265,-0.6565,0.1237,-0.0025,289.8594
19:32:52:771,-0.5266,-2.6713,16.1335,48.744,-0.1143,0.0121,0.1222,289.7344
19:32:52:799,-0.6942,-2.7431,13.1958,48.2792,0.6368,0.0841,0.3254,289.7188
19:32:52:815,0.0372,-2.1578,8.9042,48.2138,0.9292,0.2508,0.4985,289.6562
19:32:52:834,0.9913,-1.5604,5.8803,48.3323,0.7007,0.2348,0.458,289.4219
19:32:52:849,0.9446,-0.9259,5.1225,48.3298,0.2234,-0.0251,0.2686,288.9688
19:32:52:870,0.5352,-0.9044,6.3819,49.072,-0.1553,-0.4273,0.0732,288.6719
19:32:52:890,0.1078,-1.0852,7.7537,49.6728,-0.2589,-0.7136,-0.027,288.2031
19:32:52:914,-0.0813,-0.9104,8.405,48.712,-0.2306,-0.8172,-0.0243,287.9062
19:32:52:931,0.0516,-0.8589,8.7581,49.3348,-0.1971,-0.7386,-0.0014,287.8125
19:32:52:949,-0.274,-0.8362,8.9425,49.1713,-0.1627,-0.5141,0.0396,287.8125
19:32:52:975,-0.4859,-0.8158,8.7007,49.9873,-0.065,-0.2787,0.1475,287.8281
19:32:52:997,-0.4608,-0.7488,7.81,48.9097,0.0618,-0.1767,0.3067,287.8125
19:32:53:014,-0.0334,-0.5034,6.9697,49.7536,0.1108,-0.2217,0.462,287.75
19:32:53:033,0.4179,-0.155,6.8715,50.3989,0.0796,-0.3532,0.5246,287.2344
19:32:53:051,0.7112,-0.1371,7.2785,48.9506,0.0434,-0.4291,0.5033,286.6875
19:32:53:070,0.7076,-0.1778,7.6233,50.4447,0.0072,-0.3716,0.4703,286.3906
19:32:53:090,0.8548,-0.1335,7.7705,51.484,-0.0658,-0.2731,0.4482,285.8125
19:32:53:113,1.2116,-0.2149,8.4337,48.8351,-0.1771,-0.2225,0.3861,285.25
19:32:53:132,1.3277,-0.4782,9.5602,52.3199,-0.2165,-0.178,0.2995,284.7188
19:32:53:150,1.1793,-0.7811,10.1491,51.1748,-0.143,-0.1128,0.2482,284.25
19:32:53:170,1.2056,-0.9307,9.9564,50.1322,-0.1031,-0.1647,0.2311,283.8594
19:32:53:191,1.688,-1.1989,10.2593,50.6349,-0.221,-0.3205,0.189,283.5625
19:32:53:214,2.0232,-1.6538,11.9376,50.8298,-0.4024,-0.3849,0.0987,283.2969
19:32:53:231,1.8987,-2.3481,13.6399,50.3561,-0.4101,-0.1804,0.0428,283.0469
19:32:53:249,1.8209,-2.9898,13.2724,50.5327,-0.2208,0.1626,0.0942,282.875
19:32:53:273,2.1489,-3.0053,11.5234,52.3543,-0.0969,0.3189,0.1911,282.8125
19:32:53:297,2.8013,-2.7252,10.1886,51.7693,-0.1758,0.2353,0.1933,282.7656
19:32:53:318,2.8755,-2.6079,10.0689,51.8609,-0.4053,0.0034,0.0479,282.6094
19:32:53:331,2.4338,-2.882,11.4695,52.6643,-0.6083,-0.2012,-0.0848,282.3906
19:32:53:350,1.9454,-3.2256,13.082,50.322,-0.5971,-0.1991,-0.0789,282.2656
19:32:53:370,1.7575,-3.1777,13.9571,51.9527,-0.343,-0.0132,0.0593,282.3125
19:32:53:390,2.4482,-2.955,12.8606,51.5917,0.0775,0.2066,0.2412,282.4375
19:32:53:413,3.5699,-2.4092,10.525,52.311,0.396,0.2169,0.3017,282.4688
19:32:53:434,4.4497,-1.9507,8.703,51.7643,0.4733,0.0449,0.1698,282.3125
19:32:53:449,4.4952,-1.4814,7.8723,50.5296,0.3755,-0.0981,-0.0949,281.9844
19:32:53:470,3.8189,-1.1905,7.2893,52.0857,0.2458,-0.1173,-0.37,281.6875
19:32:53:490,2.8313,-1.054,6.6225,51.4826,0.1164,-0.0646,-0.57,281.6094
19:32:53:513,2.1214,-0.835,6.0886,52.0143,-0.0359,0.0047,-0.6509,281.875
19:32:53:531,1.8939,-0.5429,5.897,52.1296,-0.1909,0.0359,-0.6845,282.4062
19:32:53:549,1.7156,-0.6159,6.2598,52.3465,-0.2977,-0.0116,-0.7138,283.0938
19:32:53:570,1.4929,-0.5692,6.7697,51.5684,-0.306,-0.0291,-0.6885,283.8438
19:32:53:589,1.2319,-0.4124,7.2186,52.4611,-0.2514,0.0169,-0.6352,284.6719
19:32:53:614,1.0248,-0.2328,7.2725,51.6415,-0.1915,0.1083,-0.5617,285.5
19:32:53:631,1.0787,-0.0616,7.1935,51.7675,-0.1875,0.1815,-0.4826,286.5781
19:32:53:650,1.22,0.1287,7.482,52.1731,-0.2533,0.2319,-0.4235,287.2344
19:32:53:673,1.3672,0.3059,8.2529,52.9593,-0.322,0.2244,-0.395,287.7812
19:32:53:698,1.4067,0.2843,9.4417,52.1391,-0.3521,0.1975,-0.4046,288.2969
19:32:53:717,1.2906,0.1191,10.6603,52.047,-0.3097,0.2106,-0.4206,288.7656
19:32:53:734,1.2355,-0.1383,11.7377,53.0763,-0.1784,0.2284,-0.4185,289.2656
19:32:53:749,1.1936,-0.4292,11.9268,52.1286,-0.0077,0.279,-0.399,289.75
19:32:53:770,1.3337,-0.6554,11.6108,52.3793,0.0573,0.3197,-0.3564,290.25
19:32:53:791,1.6413,-0.7284,11.5701,54.8203,0.013,0.3054,-0.3415,290.7188
19:32:53:814,1.9346,-0.7799,11.6156,51.7094,-0.021,0.2393,-0.386,291.1406
19:32:53:831,1.7311,-1.0864,11.5821,52.4712,-0.0762,0.2263,-0.4438,291.3438
19:32:53:849,1.2188,-1.315,11.8371,53.421,-0.1987,0.2609,-0.4102,291.7656
19:32:53:870,0.8967,-1.4706,12.6451,53.0935,-0.338,0.3506,-0.2906,292.2812
19:32:53:889,1.1553,-1.7556,13.5202,52.5739,-0.3899,0.4971,-0.1806,292.7812
19:32:53:916,1.2702,-2.2188,13.9188,52.7579,-0.1814,0.4835,-0.1404,293.2031
19:32:53:932,0.8584,-2.7096,12.8989,52.6125,0.3073,0.2388,-0.1212,293.625
19:32:53:950,0.6801,-3.0616,10.6795,52.0523,0.7449,-0.1165,-0.0568,293.8281
19:32:53:969,1.0679,-3.2639,8.8335,51.7636,0.8069,-0.3199,-0.0262,293.9844
19:32:53:992,0.3784,-3.3884,8.7581,52.1168,0.2173,-0.3969,-0.1431,294.0312
19:32:54:014,-0.1771,-3.3489,9.8894,51.7052,0.1153,-0.5788,-0.0429,294.0469
19:32:54:037,-0.4775,-2.8246,10.5669,52.6751,0.2631,-0.6819,0.2013,294.125
19:32:54:053,0.0229,-2.1817,10.2198,53.1144,0.5007,-0.6789,0.4423,294.2656
19:32:54:069,0.71,-1.3557,9.1795,51.595,0.6442,-0.4981,0.5866,294.0156
19:32:54:091,1.3205,-0.8242,8.1129,51.595,0.7031,-0.268,0.6103,293.4531
19:32:54:116,1.682,-0.5764,6.8487,52.1608,0.6815,-0.1202,0.5342,293.4531
19:32:54:131,1.6186,-0.3837,6.2813,52.2411,0.5531,-0.1426,0.4362,292.7344
19:32:54:150,1.2714,-0.2484,6.7554,52.808,0.448,-0.215,0.3965,292.0312
19:32:54:170,0.7866,-0.1921,7.251,53.119,0.4637,-0.2747,0.4058,290.875
19:32:54:191,0.6274,-0.1419,7.1791,50.2236,0.5044,-0.2339,0.478,290.4062
19:32:54:215,0.7148,0.0485,7.0534,51.1611,0.437,-0.1615,0.572,290.1719
19:32:54:235,1.0177,0.1921,7.64,51.3336,0.2586,-0.1783,0.6481,289.6406
19:32:54:253,1.36,0.3142,9.0406,50.9754,0.1121,-0.1764,0.6817,289.3438
19:32:54:268,1.8987,0.4878,10.3036,49.5871,0.1121,-0.067,0.6697,288.6719
19:32:54:289,2.2219,0.4388,10.5861,50.7375,0.2251,0.067,0.5693,287.9531
19:32:54:313,2.0639,0.179,9.8858,51.4319,0.3009,0.132,0.4734,287.1562
19:32:54:333,2.2878,-0.1921,9.3028,50.9242,0.216,-0.0158,0.4316,286.3906
19:32:54:349,2.7882,-0.6243,9.9145,51.3594,0.0085,-0.2438,0.3976,285.75
19:32:54:373,3.0767,-0.8757,11.4241,49.7416,-0.1441,-0.2832,0.3557,285.1875
19:32:54:388,3.4645,-1.3952,11.7664,50.9692,-0.1158,-0.0566,0.339,284.6875
19:32:54:409,3.5423,-1.7184,10.4185,52.6976,-0.0764,0.1637,0.3062,284.25
19:32:54:437,3.8979,-1.5844,9.1484,51.0387,-0.221,0.1845,0.2641,283.8594
19:32:54:454,4.4378,-1.3988,8.7605,51.5531,-0.5358,0.0694,0.0998,283.4688
19:32:54:471,4.5778,-1.5006,10.0019,50.8867,-0.8717,-0.1346,-0.166,282.9844
19:32:54:489,4.0487,-1.7974,12.4332,51.1299,-0.9609,-0.2363,-0.4049,282.7812
19:32:54:514,2.9941,-2.0273,13.8266,51.0883,-0.6117,-0.1527,-0.5055,282.8594
19:32:54:532,2.6589,-2.2535,12.2357,50.316,-0.0373,-0.0049,-0.4169,283.25
19:32:54:550,3.4657,-2.0512,9.4093,50.0331,0.2226,-0.0366,-0.321,283.8125
19:32:54:574,4.3013,-1.7041,8.1201,49.9823,0.0288,-0.1828,-0.4022,284.375
19:32:54:588,4.5419,-1.4443,8.8515,50.186,-0.334,-0.1943,-0.6227,284.7656
19:32:54:610,3.8033,-1.485,9.7625,50.9316,-0.4935,0.1072,-0.885,285.125
19:32:54:632,2.3716,-1.5915,9.2214,50.6733,-0.4181,0.5147,-1.0187,285.7031
19:32:54:657,1.3852,-1.467,7.7885,50.4791,-0.2799,0.6779,-0.9295,286.5938
19:32:54:668,1.2499,-1.0289,6.9984,51.032,-0.1617,0.5722,-0.7498,287.7031
19:32:54:691,2.2076,-0.398,6.9146,51.4613,-0.0256,0.3203,-0.6459,288.8906
19:32:54:714,3.5483,0.404,7.8471,50.1153,0.1318,0.0633,-0.7886,289.8906
19:32:54:732,3.1676,0.6015,7.8794,48.6351,0.3638,0.0002,-1.1721,290.7031
19:32:54:811,1.1062,0.0952,6.5147,50.0528,0.4426,0.0691,-1.4371,291.9375
19:32:54:811,-0.7828,-0.2029,5.5355,50.8374,0.2053,0.1743,-1.2616,292.5312
19:32:54:812,-0.7122,0.234,6.0646,50.6535,-0.1931,0.194,-0.7844,294.0625
19:32:54:812,0.6765,0.9679,7.9584,49.9836,-0.4996,0.1938,-0.4536,295.5781
19:32:54:835,1.3636,1.1797,9.7014,49.7259,-0.5494,0.1802,-0.4363,296.7656
19:32:54:848,1.3756,0.9715,10.9572,51.3142,-0.44,0.1602,-0.5045,297.4531
19:32:54:868,0.7938,0.6458,12.1495,50.4706,-0.2605,0.1448,-0.5303,297.9688
19:32:54:889,-0.0693,-0.1203,12.7301,52.5891,-0.028,0.1203,-0.4454,298.5
19:32:54:913,-0.4356,-0.6446,12.7935,51.2592,0.1252,0.1634,-0.1705,299.125
19:32:54:933,0.0504,-0.7416,12.7121,51.2845,0.1995,0.2199,0.1134,299.7188
19:32:54:948,0.6418,-0.8302,12.3135,51.9834,0.1987,0.2841,0.2636,300.0781
19:32:54:969,0.8393,-0.7129,12.0226,49.9888,0.0932,0.3549,0.3163,300.0938
19:32:54:989,0.7746,-0.8242,12.2225,51.7119,-0.0338,0.3389,0.3211,299.8594
19:32:55:015,0.6968,-1.339,12.4859,50.9682,-0.0701,0.2731,0.3475,299.5469
19:32:55:033,0.6226,-1.6885,12.5421,49.9547,0.0304,0.046,0.4375,299.0156
19:32:55:050,0.9374,-1.9196,12.9156,51.2534,0.2487,-0.2811,0.5472,298.6406
19:32:55:074,1.3097,-2.1135,12.4667,50.7166,0.5635,-0.3061,0.6109,298.1719
19:32:55:088,1.2822,-2.1674,10.0151,50.9915,0.8251,-0.1668,0.6223,297.5156
19:32:55:110,1.384,-2.1087,7.5706,49.4276,0.7673,-0.1482,0.6053,296.7969
19:32:55:132,1.4702,-1.9207,6.4657,50.4469,0.3968,-0.207,0.5507,296.0938
19:32:55:149,1.2666,-1.6478,7.1301,51.5867,-0.0663,-0.3125,0.4985,295.375
19:32:55:171,1.1637,-1.5568,8.8156,49.5393,-0.3076,-0.3402,0.4942,294.7344
19:32:55:191,0.8082,-1.2384,9.5506,51.9799,-0.2117,-0.2704,0.5355,294.1562
19:32:55:218,0.7675,-0.9691,8.9161,50.043,0.0392,-0.2371,0.625,293.9062
19:32:55:235,1.0033,-0.7213,7.8794,49.6468,0.1843,-0.308,0.6942,293.3438
19:32:55:251,1.1314,-0.4543,7.6197,51.0124,0.1918,-0.4009,0.7219,292.6719
19:32:55:274,1.1876,-0.325,7.8938,51.1898,0.1926,-0.4014,0.7201,291.9062
19:32:55:288,1.1254,-0.2257,7.7992,49.2151,0.2416,-0.2861,0.7249,291.1094
19:32:55:310,1.2499,-0.1095,7.1576,51.3511,0.2658,-0.1618,0.7262,290.2656
19:32:55:331,1.4582,0.0772,6.6404,50.9576,0.1864,-0.0909,0.7046,289
19:32:55:349,1.773,0.2484,6.7673,49.6059,0.0423,-0.0723,0.6548,288.1875
19:32:55:370,2.0268,0.2819,7.4916,49.2333,-0.0778,-0.125,0.5611,287.375
19:32:55:390,1.694,-0.1383,9.784,50.6345,-0.0687,-0.2662,0.4247,286.625
19:32:55:415,1.7826,-0.2173,10.5155,49.6117,-0.0061,-0.1735,0.4236,286.0156
19:32:55:435,2.1896,-0.2424,10.4137,49.2949,-0.0194,0.0388,0.3688,286.0156
19:32:55:449,2.4697,-0.416,10.3526,49.7304,-0.172,0.1642,0.254,285.4844
19:32:55:472,2.7403,-0.8697,11.3774,48.2498,-0.368,0.128,0.1312,284.5312
19:32:55:489,2.5775,-1.4575,12.8989,49.3953,-0.3846,0.0462,0.0489,284.125
19:32:55:515,2.4518,-2.1709,13.2389,49.0655,-0.1699,0.0971,0.0889,283.8438
19:32:55:532,2.7618,-2.3206,11.7473,49.076,0.0285,0.2311,0.1991,283.7188
19:32:55:549,3.4466,-1.9842,10.3395,48.6484,0.0016,0.2439,0.2298,283.6875
19:32:55:569,4.0236,-1.7053,9.6751,50.0747,-0.1965,0.1368,0.1019,283.3906
19:32:55:590,3.9314,-1.5628,10.2222,48.0864,-0.4567,-0.0872,-0.1196,283.25
19:32:55:615,3.334,-1.8884,12.1483,49.426,-0.5534,-0.2611,-0.2744,283.0625
19:32:55:636,2.6134,-2.2033,13.276,48.0288,-0.3103,-0.1887,-0.2584,283.0938
19:32:55:653,2.7151,-2.2104,12.031,48.1919,0.1497,-0.0001,-0.0933,283.5156
19:32:55:672,3.7997,-1.8836,9.1675,48.4097,0.3958,0.0478,0.013,283.5156
19:32:55:687,4.8496,-1.4216,7.4952,49.09,0.2514,-0.1524,-0.088,283.8281
19:32:55:709,4.9872,-1.175,7.6616,50.4383,-0.0807,-0.349,-0.3457,283.9219
19:32:55:732,4.409,-1.1187,8.4648,49.1256,-0.294,-0.2946,-0.6131,283.875
19:32:55:757,3.4226,-1.1678,8.4385,48.7056,-0.3156,-0.0411,-0.8017,284.1094
19:32:55:768,2.4087,-1.0576,7.5191,47.3467,-0.2629,0.2843,-0.8435,284.6719
19:32:55:789,1.9346,-0.7129,6.3663,49.031,-0.2272,0.434,-0.7833,285.5156
19:32:55:817,2.0005,-0.3202,5.8324,48.9942,-0.2253,0.3448,-0.7332,286.4531
19:32:55:838,2.1705,-0.0389,5.818,49.4308,-0.2277,0.1482,-0.7684,287.4219
19:32:55:850,1.9706,-0.0305,5.9928,50.2513,-0.2509,-0.0179,-0.8573,288.3125
19:32:55:869,1.2906,-0.1395,6.5734,49.2771,-0.3372,-0.0803,-0.8861,289.1562
19:32:55:889,0.7351,-0.3214,7.707,49.1208,-0.4202,-0.0438,-0.7804,290.0938
19:32:55:913,0.8141,-0.3669,9.2633,50.2119,-0.4314,0.0209,-0.5892,291.125
19:32:55:933,1.3205,-0.0042,10.6292,48.9121,-0.3492,0.1509,-0.4302,292.0625
19:32:55:948,1.8652,0.3334,11.4803,49.2573,-0.1909,0.2913,-0.403,292.8906
19:32:55:969,1.9897,0.3107,11.5821,50.5296,-0.0474,0.3815,-0.4989,293.2188
19:32:55:990,1.3337,-0.0413,11.7497,50.0121,0.0349,0.4167,-0.5649,293.7344
19:32:56:015,0.5472,-0.5764,11.7305,49.8272,0.1092,0.4665,-0.4928,294.2031
19:32:56:033,0.1306,-0.9331,11.7808,50.6907,0.159,0.4236,-0.3021,294.7969
19:32:56:049,0.2707,-1.1139,12.0322,49.4196,0.1894,0.3365,-0.0885,295.4688
19:32:56:068,0.6214,-1.2863,12.286,51.0944,0.2032,0.2825,0.0556,296.25
19:32:56:089,0.8884,-1.3042,12.2465,50.3105,0.1675,0.2912,0.1464,296.4844
19:32:56:114,1.1685,-1.2971,12.0849,49.3194,0.0613,0.312,0.1707,296.5
19:32:56:132,1.354,-1.6873,12.1842,49.8835,-0.1009,0.2132,0.1307,296.3906
19:32:56:148,0.9386,-2.2739,13.6267,51.3881,-0.1848,-0.0203,0.1142,296.2188
19:32:56:168,0.2467,-2.9251,14.8549,49.8554,0.037,0.013,0.2117,296.0625
19:32:56:188,0.0312,-3.1813,12.93,49.8554,0.4711,0.3853,0.4183,295.9375
19:32:56:216,0.4478,-2.6522,9.6499,49.4943,0.6844,0.5522,0.6202,295.7812
19:32:56:232,1.2415,-2.0836,7.6616,49.1222,0.6216,0.3192,0.6761,295.4375
19:32:56:250,1.3002,-1.4898,7.221,50.45,0.4253,-0.0957,0.572,294.8438
19:32:56:268,0.8991,-1.1031,7.9453,52.2128,0.2599,-0.4739,0.4852,294.125
19:32:56:289,0.9578,-0.8625,8.8551,49.7417,0.225,-0.6435,0.4649,293.3906
19:32:56:316,1.281,-0.5345,9.1208,49.9394,0.3055,-0.6521,0.4279,292.7812
19:32:56:334,1.706,-0.185,8.903,50.1908,0.4139,-0.582,0.3587,291.9688
19:32:56:351,2.3321,0.0916,8.7461,50.5754,0.5281,-0.5045,0.2354,291.4531
19:32:56:370,2.5715,0.0784,8.0806,50.3963,0.6378,-0.5184,0.0263,291.0156
19:32:56:388,1.9083,-0.2173,7.5694,49.1377,0.64,-0.6523,-0.1535,290.7188
19:32:56:408,0.9722,-0.4495,7.4628,50.232,0.5252,-0.6062,-0.1439,290.6562
19:32:56:433,0.3257,-0.5764,7.822,49.6678,0.3992,-0.2872,0.0527,290.7031
19:32:56:449,0.3868,-0.416,7.7262,49.8945,0.3792,0.1091,0.3374,290.875
19:32:56:468,1.0763,0.1239,7.075,48.6932,0.387,0.2518,0.5398,290.9219
19:32:56:488,2.0184,0.7021,7.0199,51.0265,0.3425,0.0753,0.5864,290.6719
19:32:56:508,2.6158,0.9212,7.7717,51.2589,0.2756,-0.2156,0.4615,290.125
19:32:56:531,2.3392,0.7009,8.8898,51.2557,0.2176,-0.3261,0.2798,289.4219
19:32:56:550,1.6018,0.1706,9.5913,52.6464,0.1776,-0.0891,0.2236,288.8281
19:32:56:568,1.366,-0.0269,9.4991,49.6941,0.1297,0.2375,0.331,288.3906
19:32:56:590,2.1513,-0.0521,9.1998,52.1013,0.0048,0.3384,0.4226,287.9844
19:32:56:618,2.9629,-0.0126,9.5123,51.6942,-0.1931,0.2324,0.3653,287.6094
19:32:56:634,3.3245,-0.5046,10.6675,52.0337,-0.3747,0.0979,0.233,287.1094
19:32:56:651,3.4346,-1.1307,11.5246,50.9658,-0.4117,0.1211,0.1557,286.7031
19:32:56:667,3.3281,-1.3964,11.0302,52.0306,-0.3547,0.1682,0.1171,286.4688
19:32:56:690,3.3017,-1.3294,9.9875,52.9624,-0.3941,0.0891,0.0758,286.3125
19:32:56:716,3.6345,-1.0624,9.6643,52.2381,-0.587,-0.0779,-0.0312,286.2031
19:32:56:732,4.0152,-1.0349,10.4257,52.0147,-0.7843,-0.2515,-0.2408,286.1406
19:32:56:750,3.6273,-1.4144,11.8921,51.7878,-0.8085,-0.3176,-0.452,286.2031
19:32:56:769,2.9989,-1.7543,12.8115,52.5383,-0.5625,-0.1729,-0.489,286.5312
19:32:56:788,3.164,-1.9555,11.7209,53.2471,-0.1883,0.0095,-0.3956,287.0938
19:32:56:808,4.7598,-1.6753,8.8886,53.801,-0.0109,-0.0046,-0.3274,287.6562
19:32:56:832,4.7263,-1.7579,8.8539,53.0667,-0.3377,-0.1799,-0.6366,287.9219
19:32:56:890,3.6357,-1.8154,9.2717,53.1754,-0.5457,0.0593,-0.8233,287.9219
19:32:56:890,2.1729,-1.7017,8.9544,52.3103,-0.5571,0.4151,-0.8464,288.5
19:32:56:890,1.1912,-1.3174,7.8818,52.6439,-0.4426,0.6249,-0.7053,288.9688
19:32:56:909,0.8776,-0.8326,6.8571,50.5485,-0.2826,0.541,-0.4965,289.7188
19:32:56:935,1.1003,-0.2424,6.3579,53.5745,-0.1273,0.2486,-0.3218,291.6719
19:32:56:953,1.5994,0.1981,6.0838,53.0978,-0.0144,-0.0299,-0.2643,292.5312
19:32:56:968,1.8975,0.4986,6.2634,53.6045,-0.0274,-0.1602,-0.3098,293.1406
19:32:56:986,2.052,0.6542,6.8284,52.5588,-0.1326,-0.1136,-0.3852,293.5312
19:32:57:007,2.022,0.7069,7.5766,53.4333,-0.2448,0.0076,-0.4813,293.8125
19:32:57:033,1.7491,0.6375,8.1703,54.1076,-0.3057,0.1133,-0.5588,294.1562
19:32:57:050,1.3361,0.5668,8.7545,53.285,-0.3214,0.1541,-0.5729,294.6094
19:32:57:067,1.2894,0.5525,9.3567,54.7266,-0.3113,0.1176,-0.5415,295.1406
19:32:57:089,1.3947,0.5393,10.4628,54.4384,-0.2932,0.0859,-0.5367,296.1406
19:32:57:106,1.4749,0.2568,11.5857,54.9085,-0.2501,0.1861,-0.5886,296.8125
19:32:57:127,0.6226,-0.3944,12.1782,56.4863,-0.2282,0.3773,-0.6278,297.4062
19:32:57:151,-0.4811,-0.9355,13.0138,54.9917,-0.2237,0.5088,-0.4805,298.0625
19:32:57:170,-0.7804,-1.139,13.7381,56.2288,-0.1233,0.5642,-0.1924,298.7969
19:32:57:189,0.0241,-1.4383,13.4148,54.8127,0.0272,0.5565,0.0926,299.4844
19:32:57:206,1.2319,-1.315,12.7109,55.9833,0.0503,0.4638,0.2394,299.9219
19:32:57:227,1.9274,-1.315,12.7588,53.1499,-0.123,0.2082,0.1701,300
19:32:57:251,1.366,-1.8585,14.2372,52.4236,-0.3278,0.026,0.0553,299.9375
19:32:57:270,0.5843,-2.7791,15.4487,53.7733,-0.1989,0.0609,0.1145,299.7031
19:32:57:290,0.1593,-3.137,14.5066,53.4786,0.297,0.2196,0.3736,299.5312
19:32:57:307,0.4371,-2.7408,11.0733,51.9406,0.7779,0.3469,0.6806,299.4844
19:32:57:327,1.2499,-2.1925,7.749,52.6925,0.8927,0.1735,0.8396,299.3438
19:32:57:352,1.8341,-1.6598,6.2346,53.6168,0.6527,-0.1836,0.7975,298.9531
19:32:57:369,1.3923,-1.1714,6.7051,51.9694,0.2836,-0.5282,0.6487,297.7188
19:32:57:387,0.7555,-1.1761,8.1296,53.9447,0.0432,-0.6979,0.5914,296.7812
19:32:57:406,0.4538,-1.1342,9.1412,52.8463,0.037,-0.6965,0.6753,295.9375
19:32:57:429,0.3832,-0.9307,9.2238,51.8971,0.2314,-0.6198,0.7912,295.2188
19:32:57:448,0.4861,-0.7991,8.4457,50.7688,0.4716,-0.4888,0.9286,294.4688
19:32:57:467,1.0296,-0.4016,7.0391,52.2258,0.6256,-0.3101,1.0495,293.6406
19:32:57:488,1.6402,0.0485,5.9449,51.6926,0.6304,-0.2331,1.034,292.6406
19:32:57:510,1.9681,0.1634,5.4876,50.4977,0.4993,-0.2563,0.9118,291.4375
19:32:57:533,1.9526,0.2556,6.085,52.0586,0.3199,-0.3317,0.7709,290.25
19:32:57:549,1.9095,0.2316,7.2581,50.5118,0.2559,-0.3594,0.6481,289.0938
19:32:57:568,1.9526,0.0257,7.8627,51.4063,0.3153,-0.3159,0.5435,288.1094
19:32:57:590,1.9574,-0.0616,8.0434,51.1086,0.3342,-0.2973,0.479,287.3125
19:32:57:606,2.1238,0.1095,8.4983,50.8854,0.2522,-0.2957,0.4287,286.6094
19:32:57:627,2.3919,-0.009,9.4069,48.8374,0.1305,-0.3202,0.3142,286.0156
19:32:57:650,2.2746,-0.5824,10.3,51.595,0.0306,-0.1567,0.2111,285.25
19:32:57:669,2.0053,-0.8206,10.4209,50.2521,-0.0559,0.1059,0.1957,284.875
19:32:57:688,2.0867,-1.1905,10.2832,51.0327,-0.1542,0.1711,0.2141,284.6406
19:32:57:706,2.3835,-1.5137,10.6447,51.1791,-0.297,0.0012,0.2468,284.4219
19:32:57:728,2.8887,-1.8298,12.3913,50.4032,-0.3806,-0.2382,0.2801,284.3125
19:32:57:753,3.3699,-2.1135,13.3669,50.6762,-0.2155,-0.2507,0.3038,284.0625
19:32:57:767,3.5735,-1.9507,12.213,51.0912,-0.0125,-0.1013,0.2809,283.7969
19:32:57:787,3.9901,-1.5832,10.525,51.2995,-0.0397,-0.0552,0.2047,283.4688
19:32:57:808,4.4916,-1.3126,9.9097,52.2952,-0.3127,-0.2142,-0.0192,283.1562
19:32:57:834,4.3863,-1.57,11.7173,50.5558,-0.6557,-0.448,-0.3399,282.8594
19:32:57:850,3.3652,-2.3349,14.1906,49.3221,-0.6605,-0.3298,-0.5306,282.75
19:32:57:868,2.3512,-2.8222,14.1558,49.3511,-0.1824,0.0902,-0.4456,282.9688
19:32:57:887,2.3392,-2.6342,10.7357,50.2643,0.318,0.4444,-0.2038,283.5469
19:32:57:908,2.9426,-1.983,7.3024,50.0804,0.4629,0.4154,-0.0549,284.1719
19:32:57:928,3.4442,-1.2959,5.3811,48.8696,0.277,0.1,-0.0688,284.5469
19:32:57:950,3.9494,-0.7619,5.0507,50.7586,-0.1289,-0.2214,-0.1995,284.6562
19:32:57:967,3.759,-0.2987,6.7135,51.4301,-0.5598,-0.3322,-0.4541,284.7188
19:32:57:988,2.7882,-0.422,8.2936,50.4054,-0.6823,-0.1397,-0.677,284.9219
19:32:58:008,1.4905,-0.6099,8.6779,49.4879,-0.5196,0.2241,-0.7013,285.4844
19:32:58:033,0.9686,-0.5237,7.664,49.4852,-0.2501,0.4481,-0.5484,286.3125
19:32:58:049,1.1314,-0.2484,6.5088,50.0747,-0.0655,0.332,-0.3974,287.1719
19:32:58:067,1.5994,0.1,6.4848,50.5619,-0.0386,0.0598,-0.3287,287.8125
19:32:58:088,2.2016,0.2747,7.5406,50.9847,-0.0818,-0.0917,-0.3418,288.2812
19:32:58:108,2.3943,0.4687,8.9688,50.8593,-0.0956,-0.0435,-0.4113,288.6562
19:32:58:132,2.2459,0.5788,9.9145,48.4264,-0.0511,0.1986,-0.4728,289.0312
19:32:58:150,2.2519,0.5932,10.2269,50.4825,-0.0072,0.4966,-0.4922,289.5156
19:32:58:167,2.2184,0.6279,10.4017,51.7802,-0.0013,0.7214,-0.5138,290.0625
19:32:58:188,1.949,0.6734,10.8351,51.2953,0.0152,0.7933,-0.5521,290.3594
19:32:58:209,1.0727,-0.0688,11.2912,51.2157,0.175,0.5845,-0.5473,290.9219
19:32:58:233,0.5927,-0.7308,11.6587,51.7045,0.192,0.4457,-0.4264,291.9062
19:32:58:251,0.2886,-1.2611,12.0597,51.8761,0.1798,0.466,-0.2209,292.5938
19:32:58:269,0.2778,-1.5832,12.0453,51.4494,0.1595,0.5839,0.0553,293.7031
19:32:58:286,0.6334,-1.2599,11.612,51.4494,0.1071,0.638,0.3171,293.7031
19:32:58:307,1.1409,-0.8529,11.2385,52.0692,-0.021,0.5389,0.4495,293.9531
19:32:58:334,1.6318,-0.8254,11.6132,52.7002,-0.1611,0.3299,0.4455,293.9219
19:32:58:351,1.4713,-1.2192,12.3626,51.1783,-0.1574,-0.0137,0.3952,293.5781
19:32:58:368,1.2343,-1.6957,13.0018,51.0043,0.0399,-0.3623,0.4143,293.0781
19:32:58:387,1.2523,-2.135,12.6415,51.5036,0.372,-0.4097,0.4585,292.6094
19:32:58:406,1.2882,-2.2906,10.2377,50.7734,0.6256,-0.2291,0.4929,292.1562
19:32:58:428,1.5516,-2.0764,8.0267,51.3944,0.5153,-0.0867,0.4817,291.6719
19:32:58:448,1.5935,-1.7292,7.3755,51.0081,0.2016,-0.1077,0.3957,291.125
19:32:58:467,1.22,-1.3521,8.0339,51.1499,-0.0426,-0.2611,0.3203,290.5781
19:32:58:489,1.1374,-1.3078,8.8838,52.6833,-0.0767,-0.369,0.3134,289.7656
19:32:58:506,0.7687,-1.0816,9.1412,51.9041,0.0599,-0.3527,0.3461,289.3594
19:32:58:533,0.4969,-0.9296,8.4864,51.8017,0.2767,-0.2624,0.4383,289.0156
19:32:58:550,0.6442,-0.8302,7.0905,52.578,0.433,-0.2137,0.5624,288.6406
19:32:58:568,1.3636,-0.6243,5.9341,51.6545,0.396,-0.2789,0.6359,288.1875
19:32:58:587,1.9693,-0.2771,6.2119,52.0128,0.184,-0.4523,0.5805,287.625
19:32:58:607,2.0687,-0.1431,7.7633,51.0336,0.0415,-0.5242,0.4516,286.9062
19:32:58:632,1.8317,-0.2197,8.4564,51.731,0.0804,-0.3599,0.3421,286.5469
19:32:58:650,1.4821,-0.2675,8.3966,51.9809,0.1537,-0.1058,0.3073,285.8594
19:32:58:669,1.5731,-0.2017,7.8052,51.1362,0.1758,0.0596,0.3257,285.375
19:32:58:688,1.7886,0.1347,7.7322,52.1478,0.0866,0.1054,0.2998,284.9688
19:32:58:707,1.8377,0.24,8.2098,51.1319,0.0256,0.0284,0.2396,284.6094
19:32:58:732,1.6976,0.2999,9.0287,52.1208,0.0775,-0.1644,0.1805,284.25
19:32:58:751,1.5108,0.1682,9.5063,51.9518,0.1851,-0.3013,0.1674,283.8906
19:32:58:768,1.6725,0.0868,9.5278,51.5112,0.1811,-0.2632,0.1746,283.5156
19:32:58:791,2.0388,-0.0114,9.8319,52.5882,0.0229,-0.1658,0.1541,283.3281
19:32:58:805,2.3728,-0.3585,10.6435,52.675,-0.1923,-0.1825,0.0782,283.125
19:32:58:827,2.508,-0.9715,12.2273,52.8145,-0.3449,-0.2211,0.0207,282.9219
19:32:58:851,2.7283,-1.5844,13.191,51.6986,-0.3113,-0.1218,0.0484,282.7812
19:32:58:867,3.2981,-1.965,12.3159,52.133,-0.2245,0.0462,0.0886,282.7656
19:32:58:889,3.6489,-1.7675,11.2265,52.4251,-0.3065,0.1562,0.0497,282.75
19:32:58:944,3.8009,-1.7723,10.7214,52.7503,-0.5097,0.1866,-0.133,282.6875
19:32:58:944,3.1198,-2.2188,11.132,52.8256,-0.7516,0.1387,-0.3543,282.6094
19:32:58:956,2.0029,-2.7671,12.936,52.5179,-0.7915,0.022,-0.3892,282.6719
19:32:58:966,1.3528,-3.0041,13.853,51.9518,-0.4019,0.0553,-0.2009,283.0156
19:32:58:992,1.7048,-2.6869,11.6934,52.0004,0.1654,0.2228,0.0838,283.5
19:32:59:005,2.9342,-1.8513,8.4888,51.5387,0.4261,0.1591,0.2383,283.9062
19:32:59:028,4.1577,-1.1378,6.8092,52.2253,0.2756,-0.158,0.12,283.9844
19:32:59:049,4.4605,-0.7691,7.0475,52.133,-0.1039,-0.3756,-0.1926,283.6094
19:32:59:069,3.8201,-0.7057,8.1955,50.8297,-0.4216,-0.2363,-0.534,283.4531
19:32:59:089,2.4278,-0.8757,8.3774,50.562,-0.5238,0.096,-0.7604,283.6719
19:32:59:108,1.1505,-0.902,7.7083,50.88,-0.5116,0.3863,-0.766,284.2656
19:32:59:131,0.6071,-0.7177,7.2222,51.2524,-0.4525,0.4401,-0.6097,284.7031
19:32:59:147,0.8094,-0.4519,7.2749,49.6257,-0.3318,0.2713,-0.4267,285.6562
19:32:59:166,1.226,-0.1227,7.5359,50.5875,-0.1499,0.0761,-0.322,286.5
19:32:59:186,1.4725,0.082,7.3024,50.781,0.0168,0.0201,-0.2845,287.1094
19:32:59:206,1.6378,0.2628,6.9625,49.8058,0.0453,0.0934,-0.2797,287.5469
19:32:59:226,1.6916,0.4866,7.2174,50.5055,-0.0783,0.181,-0.2938,287.8906
19:32:59:251,1.8293,0.6434,8.3702,50.0381,-0.2008,0.2377,-0.2938,288.2031
19:32:59:266,2.0687,0.7141,9.6918,51.7624,-0.1912,0.254,-0.2986,288.5312
19:32:59:287,2.0041,0.9344,10.7357,49.7903,-0.0522,0.2146,-0.3306,288.875
19:32:59:307,1.7994,0.7045,11.2146,50.4712,0.1465,0.128,-0.3654,289.2344
19:32:59:334,1.4917,0.5154,11.3822,49.1341,0.2935,0.0966,-0.3412,289.7969
19:32:59:353,1.299,0.1371,11.2098,51.9326,0.3414,0.1229,-0.272,290.2031
19:32:59:371,1.3433,-0.2831,11.1834,49.2328,0.2671,0.1411,-0.17,290.5938
19:32:59:386,1.4797,-0.7344,11.8478,49.9578,0.1465,0.177,-0.0816,290.875
19:32:59:407,1.5683,-1.151,12.1064,48.0026,0.0794,0.3072,-0.0139,291.0625
19:32:59:433,1.451,-1.1331,11.7389,47.3156,-0.028,0.4425,0.0287,291.1719
19:32:59:450,1.3265,-0.9104,12.2225,49.593,-0.1662,0.3855,0.0551,291.1875
19:32:59:468,1.3864,-1.2216,12.7002,49.3834,-0.216,0.295,0.0399,291.1875
19:32:59:486,0.6932,-1.6346,12.9384,48.7281,-0.1566,0.1158,0.054,291.1406
19:32:59:507,0.3365,-1.959,13.4639,46.794,0.0639,-0.1612,0.197,291.1094
19:32:59:533,0.4993,-2.1662,12.9204,48.8924,0.4171,-0.1351,0.3507,291.0625
19:32:59:549,0.5113,-2.1302,10.1623,47.6338,0.7175,0.0777,0.4423,290.8281
19:32:59:569,1.0033,-2.0381,7.4198,48.4799,0.6738,0.0998,0.4822,290.625
19:32:59:587,1.3049,-1.8788,6.4262,47.0329,0.327,-0.1213,0.417,290.4062
19:32:59:608,1.0823,-1.6538,9.3746,45.9963,-0.2504,-0.5809,0.3019,289.625
19:32:59:632,0.7686,-1.5544,10.707,45.7745,-0.1124,-0.5154,0.344,288.8594
19:32:59:651,0.5759,-1.4311,10.3778,46.016,0.2368,-0.2955,0.4521,288.1406
19:32:59:667,0.637,-1.1091,8.2074,47.2964,0.531,-0.1221,0.5944,288.1406
19:32:59:686,1.3481,-0.9056,6.6021,45.6484,0.534,-0.1793,0.6844,287.7344
19:32:59:707,1.9921,-0.5549,6.6428,46.6768,0.3321,-0.2622,0.6447,286.5312
19:32:59:732,1.8544,-0.3286,7.7454,45.0396,0.2115,-0.2686,0.5344,286.5312
19:32:59:751,1.5587,-0.6075,8.1799,45.6168,0.2738,-0.1349,0.4774,285.7188
19:32:59:768,1.4342,-0.4615,7.646,44.2751,0.3425,0.0494,0.5331,284.9688
19:32:59:789,1.9406,-0.0425,7.0666,45.8678,0.335,0.01,0.5704,284.3594
19:32:59:809,2.4973,0.3142,7.5885,44.8211,0.2621,-0.207,0.4974,283.7969
19:32:59:833,2.8289,0.5046,8.5367,44.9673,0.2117,-0.3831,0.3491,283.1719
19:32:59:853,2.5368,0.4459,9.3411,44.1673,0.1907,-0.3503,0.1757,282.5312
19:32:59:872,1.864,0.3214,9.5159,43.3536,0.1782,-0.1495,0.1091,281.5312
19:32:59:885,1.8796,0.2879,8.9508,44.9824,0.1404,0.0612,0.148,281.4062
19:32:59:907,2.5296,0.4495,8.5235,42.4221,-0.0067,0.0228,0.1331,281.2656
19:32:59:933,2.9845,0.2388,9.6009,45.3976,-0.2242,-0.2981,-0.0006,281.1094
19:32:59:950,2.9486,-0.6327,12.0298,43.0235,-0.3481,-0.5793,-0.1402,280.9375
19:32:59:968,2.4721,-1.7256,13.993,44.8795,-0.2663,-0.5162,-0.1449,280.8438
19:32:59:987,2.4278,-2.4187,13.7728,43.6788,-0.036,-0.2137,0.0415,280.9688
19:33:00:007,3.1018,-1.8597,11.8323,44.2625,0.0519,0.0785,0.2146,281.1719
19:33:00:033,3.935,-1.4227,10.4221,43.9447,-0.1193,0.1464,0.1254,281.25
19:33:00:050,3.7387,-1.333,10.2317,43.4806,-0.3936,0.0348,-0.1343,281.2031
19:33:00:066,2.9821,-1.7364,11.5833,44.002,-0.5649,-0.1628,-0.3404,280.9688
19:33:00:086,2.2519,-2.3242,13.0449,42.3135,-0.4658,-0.1474,-0.3577,280.8438
19:33:00:106,1.9669,-2.5253,12.7385,43.978,-0.1044,0.1195,-0.1971,281.0156
19:33:00:126,2.5631,-2.1542,10.2114,44.6832,0.2546,0.3629,0.021,281.875
19:33:00:150,3.6106,-1.491,7.7059,43.9215,0.3715,0.2729,0.0828,282.0469
19:33:00:168,4.2498,-0.9331,6.4501,42.9297,0.2487,0.0106,-0.0485,282.125
19:33:00:186,4.3193,-0.6051,6.2179,43.3671,0.0043,-0.1745,-0.293,282.0312
19:33:00:208,3.6788,-0.4998,6.5818,43.3717,-0.2325,-0.2219,-0.5631,281.9531
19:33:00:235,2.6984,-0.7009,6.9218,45.7168,-0.3803,-0.1104,-0.7415,282.125
19:33:00:252,1.6449,-0.8853,6.8164,43.6733,-0.4663,0.1373,-0.7631,282.6094
19:33:00:270,0.8357,-0.7248,6.7111,46.0324,-0.5313,0.3536,-0.623,283.3906
19:33:00:286,1.0548,-0.2975,6.9421,45.6787,-0.5121,0.3709,-0.4182,284.3125
19:33:00:307,1.7036,0.173,7.2833,46.8903,-0.3952,0.263,-0.3284,285.125
19:33:00:332,2.0531,0.5405,7.4042,43.8175,-0.273,0.149,-0.3535,285.7656
19:33:00:351,2.1238,0.671,7.725,46.0483,-0.2157,0.0596,-0.4312,286.2188
19:33:00:366,1.8305,0.7117,8.2924,47.0365,-0.2176,0.0241,-0.5103,286.625
19:33:00:386,1.5049,0.6159,9.0215,45.9813,-0.2448,0.0811,-0.5183,287.0625
19:33:00:408,1.3983,0.5597,9.8427,45.9813,-0.2807,0.2217,-0.4501,287.625
19:33:00:433,1.3852,0.7189,10.792,46.4613,-0.2693,0.3869,-0.371,288.5469
19:33:00:450,1.4869,0.6614,11.4684,47.6617,-0.1595,0.4971,-0.3157,289.0625
19:33:00:469,1.3049,0.2987,11.5797,47.4921,0.0077,0.548,-0.2682,289.5156
19:33:00:486,1.0164,-0.0485,11.3331,47.7082,0.1348,0.4782,-0.1623,289.9219
19:33:00:505,1.1781,-0.3717,11.3163,46.907,0.1731,0.3573,-0.0235,290.0938
19:33:00:527,1.6749,-0.6662,11.7556,48.1371,0.1382,0.2699,0.0607,290.3594
19:33:00:551,2.0723,-0.9702,12.0334,49.4145,0.0637,0.2811,0.0804,290.4688
19:33:00:566,2.4494,-1.0397,12.3913,48.9722,-0.0826,0.2657,0.0434,290.4375
19:33:00:591,2.6852,-1.1414,13.276,49.8379,-0.2538,0.1757,-0.0523,290.3594
19:33:00:605,2.3716,-1.7184,14.5928,50.8609,-0.3433,0.0481,-0.1551,290.2969
19:33:00:627,1.1828,-2.4032,15.5959,51.8977,-0.1758,0.0398,-0.1287,290.3125
19:33:00:650,0.3114,-2.8258,14.5317,50.8873,0.2778,0.2153,0.1251,290.4375
19:33:00:670,0.4921,-2.4211,11.1715,51.4772,0.6954,0.454,0.4929,290.6406
19:33:00:686,1.5408,-1.6873,7.6771,50.1352,0.7856,0.4191,0.6956,290.5625
19:33:00:709,2.1417,-1.0624,5.9641,51.9875,0.5425,0.1381,0.6303,290.0312
19:33:00:733,1.9526,-1.0038,6.0958,51.89,0.2122,-0.2257,0.4229,289.2344
19:33:00:753,1.2056,-1.1809,7.1169,52.2304,0.0053,-0.492,0.278,288.5
19:33:00:771,0.7746,-1.1618,7.707,53.627,-0.065,-0.6603,0.2732,288.0156
19:33:00:786,0.8728,-1.0636,8.5091,53.6631,-0.1177,-0.7596,0.3187,287.7031
19:33:00:806,0.9219,-0.9691,9.4405,53.4584,-0.0895,-0.6867,0.3438,287.375
19:33:00:827,0.8429,-0.9595,9.6164,53.7763,0.069,-0.4664,0.3834,287
19:33:00:849,0.7387,-0.9236,8.49,53.0804,0.2551,-0.2478,0.4545,286.6094
19:33:00:866,0.6645,-0.6865,7.0977,56.1043,0.2972,-0.17,0.5254,286.1562
19:33:00:885,0.8237,-0.4519,6.6141,54.5283,0.1606,-0.1229,0.5632,285.625
19:33:00:906,0.9303,-0.3035,6.8787,55.7748,-0.036,-0.0654,0.5491,285.3281
19:33:00:933,0.953,-0.2891,7.9417,54.6583,-0.1435,-0.0422,0.5233,284.7031
19:33:00:951,1.0859,-0.3142,8.6923,55.1884,-0.0575,-0.0315,0.4913,284.0625
19:33:01:020,1.2619,-0.0736,8.5869,57.3113,0.1164,-0.0539,0.4535,283.75
19:33:01:020,1.6916,0.3047,8.3655,57.7362,0.1984,-0.1476,0.4013,282.625
19:33:01:021,1.8987,0.5704,9.559,58.292,0.0807,-0.1799,0.2162,282.0938
19:33:01:033,2.0735,0.313,10.0079,56.6993,0.0277,-0.0659,0.1363,281.625
19:33:01:049,2.2507,-0.3466,10.5729,57.6726,-0.0498,-0.0049,0.0849,281.2812
19:33:01:070,2.7127,-0.9343,11.9615,58.3945,-0.0908,-0.0542,0.0958,280.875
19:33:01:085,3.0779,-1.2791,13.0737,58.7311,-0.0197,0.0145,0.1057,280.875
19:33:01:105,3.2838,-1.394,12.8857,59.0236,0.0405,0.3024,0.099,280.7812
19:33:01:125,3.668,-1.5437,11.5342,59.8948,-0.057,0.7,0.0623,280.6719
19:33:01:150,3.8069,-1.4563,10.2988,58.1586,-0.3108,0.907,-0.0414,280.5469
19:33:01:169,3.3795,-1.2635,9.9528,60.8748,-0.5931,0.7656,-0.1966,280.4375
19:33:01:190,2.7451,-1.4503,11.5007,61.6237,-0.7313,0.3141,-0.3399,280.3906
19:33:01:206,2.4302,-2.3445,13.6914,61.8401,-0.5039,-0.0188,-0.3577,280.4844
19:33:01:225,2.3883,-2.7839,13.6171,62.2588,0.0429,-0.0294,-0.2339,281.1406
19:33:01:250,3.0934,-2.6103,11.1176,60.8344,0.474,0.0412,-0.0938,281.5625
19:33:01:270,4.3348,-2.2404,8.9748,62.2773,0.4876,-0.0459,-0.1396,281.7188
19:33:01:287,5.0974,-1.8453,8.4792,59.935,0.2213,-0.1495,-0.4073,281.9219
19:33:01:304,4.6521,-1.7328,8.8958,60.6778,-0.0423,-0.0576,-0.798,281.9688
19:33:01:324,3.0288,-1.9854,8.563,61.2993,-0.1225,0.2356,-1.076,282.2344
19:33:01:350,1.3995,-1.9471,7.2474,62.4858,-0.1188,0.4779,-1.1098,282.9219
19:33:01:369,0.5017,-1.5903,6.0646,61.213,-0.1499,0.5469,-0.9538,283.9688
19:33:01:385,0.4897,-1.0421,5.6109,59.9667,-0.171,0.4034,-0.7474,285.2656
19:33:01:405,0.9267,-0.519,5.836,63.8274,-0.1372,0.1365,-0.6264,285.9062
19:33:01:425,1.0823,-0.0736,6.2693,61.0525,-0.0581,-0.0427,-0.6211,287.0156
19:33:01:449,0.8405,0.1622,6.2621,61.0666,0.0296,-0.0544,-0.6323,287.8438
19:33:01:468,0.5831,0.3035,6.17,62.053,0.0245,-0.0454,-0.5873,288.5781
19:33:01:486,0.7519,0.6758,6.8822,62.3926,-0.0703,-0.0273,-0.4573,289.2812
19:33:01:505,1.4175,1.066,7.9764,62.9156,-0.1238,-0.0417,-0.3918,290
19:33:01:526,1.5516,1.3366,8.9724,63.5508,-0.1292,-0.0571,-0.4499,290.6406
19:33:01:551,1.3445,1.1223,10.0127,64.0693,-0.1169,-0.0076,-0.526,291.3906
19:33:01:568,0.9746,0.908,11.0853,63.3398,-0.069,0.1613,-0.5583,291.8594
19:33:01:588,0.5819,0.5656,11.1739,63.9911,0.0141,0.3485,-0.5585,292.4062
19:33:01:605,0.3018,0.1071,11.2445,64.0681,-0.0021,0.4082,-0.4757,293.0312
19:33:01:625,0.0791,-0.2556,12.0705,65.4781,-0.053,0.2731,-0.3535,293.6875
19:33:01:650,-0.0681,-0.6985,13.5764,63.203,-0.0043,0.0998,-0.1982,294.2812
19:33:01:666,0.4646,-1.2982,13.5369,64.3198,0.1798,0.0425,-0.0254,294.7656
19:33:01:687,0.6011,-1.3904,12.5529,66.0494,0.2146,-0.0731,0.1091,295.0938
19:33:01:707,0.7232,-1.236,12.8199,65.5223,0.094,-0.2467,0.2543,295.2188
19:33:01:734,0.9051,-1.3809,13.0557,63.5266,0.0852,-0.2773,0.356,295.1719
19:33:01:751,0.8321,-1.3605,12.1674,64.6249,0.1124,-0.1684,0.4511,294.9531
19:33:01:768,1.1338,-1.2432,11.6096,63.9123,0.0192,0.0329,0.5371,294.5938
19:33:01:785,1.4522,-1.2564,11.3127,65.0806,-0.0085,0.311,0.5374,294.1406
19:33:01:805,1.1697,-1.3916,9.7613,66.3741,0.1286,0.4617,0.4649,293.5625
19:33:01:826,0.947,-1.5042,7.652,64.4664,0.1718,0.3336,0.4215,292.6719
19:33:01:849,0.9303,-1.5341,6.6476,66.5059,0.0069,-0.0214,0.3906,292.1562
19:33:01:868,1.2702,-1.3916,7.4018,65.2281,-0.2637,-0.4148,0.343,291.6875
19:33:01:885,1.2678,-1.3761,9.1735,64.4818,-0.4719,-0.5524,0.2457,291.4531
19:33:01:907,0.4574,-1.3701,10.5957,66.2997,-0.429,-0.3405,0.2274,291.0469
19:33:01:924,-0.2381,-1.3629,10.2664,66.357,-0.1348,0.0209,0.3491,290.6875
19:33:01:946,-0.1088,-1.2396,8.0901,67.237,0.1752,0.3059,0.5706,290.4219
19:33:01:969,0.9087,-0.7739,6.0168,65.3484,0.236,0.2766,0.7352,290.1094
19:33:01:985,2.0663,-0.2137,5.6887,67.6022,0.0543,0.0023,0.6846,289.625
19:33:02:005,2.3309,0.1,7.1875,66.4776,-0.1071,-0.3069,0.4591,288.8594
19:33:02:028,1.8401,-0.149,8.6312,67.5855,-0.0357,-0.4236,0.2314,288.0312
19:33:02:051,1.0979,-0.5908,8.8539,67.1591,0.1627,-0.2515,0.1334,287.375
19:33:02:067,0.8153,-0.6961,7.8627,67.0491,0.261,0.0103,0.2093,286.9844
19:33:02:087,1.3552,-0.1754,7.415,67.2347,0.1654,0.013,0.3027,286.7812
19:33:02:104,2.0914,0.1526,8.7485,66.7617,0.0458,-0.2382,0.2439,286.4688
19:33:02:125,2.2387,0.0892,10.1563,67.0945,0.0711,-0.3959,0.0761,286.125
19:33:02:149,1.7215,-0.4675,10.8662,68.3047,0.1332,-0.3149,-0.0645,285.8281
19:33:02:169,1.2607,-0.8529,11.0075,68.1976,0.1244,-0.1037,-0.06,285.7344
19:33:02:185,1.4163,-1.3007,11.296,68.6624,0.0285,0.0052,0.0034,285.7969
19:33:02:211,1.6892,-1.722,11.9675,67.2765,-0.0748,0.0303,0.0838,285.8438
19:33:02:224,2.107,-1.9902,12.5972,68.9977,-0.0658,0.0044,0.176,285.8438
19:33:02:245,2.5715,-2.1733,12.1986,67.657,0.0322,0.0177,0.2298,285.7656
19:33:02:269,2.6649,-2.1111,11.0218,69.0973,0.0349,0.0196,0.1951,285.5625
19:33:02:287,2.4314,-2.1434,10.5358,68.6917,-0.1587,-0.056,0.082,285.2969
19:33:02:305,2.1525,-2.3397,11.3019,67.7664,-0.441,-0.0816,-0.0328,285.0781
19:33:02:327,1.7886,-2.5361,13.1862,68.7944,-0.575,-0.0435,-0.1023,285
19:33:02:350,1.3325,-2.712,14.7005,67.1533,-0.3206,0.1421,-0.0589,285.0312
19:33:02:368,1.3373,-2.463,13.3047,67.8287,0.2567,0.4292,0.0956,285.0938
19:33:02:385,2.52,-1.91,10.1252,67.87,0.7228,0.4755,0.2039,285.2188
19:33:02:411,4.5012,-0.8266,6.3579,68.9093,0.4426,-0.235,-0.3276,285.1562
19:33:02:434,3.8967,-0.9068,7.6735,69.2386,-0.0535,-0.3703,-0.7559,284.8594
19:33:02:447,2.7475,-1.3054,9.3231,67.8145,-0.2914,-0.1391,-1.0326,285.2188
19:33:02:469,1.3504,-1.4072,9.3243,69.6474,-0.2093,0.254,-1.0744,285.2188
19:33:02:485,0.5735,-1.1941,7.9273,69.6474,-0.0607,0.5,-0.8944,286.0781
19:33:02:504,0.5771,-0.5884,6.9409,68.6348,0.0011,0.4814,-0.623,287.2031
19:33:02:525,1.1924,0.0341,6.984,68.2804,0.0701,0.2153,-0.4419,288.4531
19:33:02:552,1.7215,0.4064,7.5035,67.6571,0.2088,-0.0251,-0.3878,289.4844
19:33:02:569,1.846,0.5309,7.2486,68.8554,0.3622,-0.0646,-0.4211,290.1875
19:33:02:587,1.7311,0.7835,6.5016,69.0914,0.3619,0.071,-0.4438,290.6875
19:33:02:609,1.8101,1.1367,6.3699,69.1847,0.2008,0.2252,-0.4382,291.1406
19:33:02:623,1.925,1.3809,7.1085,68.1397,0.0344,0.1959,-0.4619,291.6094
19:33:02:645,1.8317,1.3916,8.29,67.8702,-0.0386,0.0915,-0.5135,292.5938
19:33:02:671,1.4989,1.2911,9.5877,69.0505,-0.0043,0.0753,-0.5506,293.125
19:33:02:690,1.0583,1.2719,9.948,71.2599,0.1049,0.2028,-0.5617,293.4062
19:33:02:705,0.3533,1.2995,9.9337,69.6098,0.1172,0.3711,-0.5756,294
19:33:02:726,-0.4237,0.9751,9.9073,70.4079,0.0144,0.4673,-0.5511,294.6406
19:33:02:752,-1.1012,0.2544,10.8722,69.9142,-0.1071,0.2883,-0.4453,295.2969
19:33:02:769,-1.021,-0.5728,12.3662,70.961,-0.1294,0.0095,-0.264,295.9219
19:33:02:784,-0.4596,-0.9738,13.6387,70.645,-0.1361,-0.1394,-0.0999,296.5156
19:33:02:804,-0.5613,-1.1259,14.2325,70.6475,-0.1942,-0.1069,-0.0046,296.9219
19:33:02:823,-0.948,-1.4263,14.6778,71.5002,-0.2642,-0.0148,0.1464,297.0469
19:33:02:846,-0.6583,-1.9782,14.8885,71.0984,-0.1656,0.0758,0.3709,297.1562
19:33:02:869,-0.201,-2.1494,13.7644,70.6913,0.2024,0.1283,0.5403,297.1562
19:33:02:887,0.1102,-1.8537,11.0685,72.0624,0.5627,0.1432,0.6015,296.9844
19:33:02:905,0.1797,-1.6861,8.0399,72.9813,0.587,0.0438,0.5453,296.5781
19:33:02:924,0.1246,-1.6622,6.8619,72.1555,0.2341,-0.1884,0.4577,295.9688
19:33:02:949,0.0229,-1.7484,7.7849,69.9061,-0.1949,-0.4054,0.3938,295.2969
19:33:02:966,-0.0861,-1.6933,9.0095,70.7835,-0.408,-0.5229,0.381,294.4219
19:33:02:985,0.0169,-1.4862,9.8774,72.4344,-0.3992,-0.5373,0.4319,293.9375
19:33:03:004,-0.0741,-1.2109,10.0629,71.5231,-0.2016,-0.4619,0.5014,293.5
19:33:03:098,-0.286,-0.9236,9.2274,72.6645,0.0884,-0.3455,0.6258,293.0469
19:33:03:098,0.1749,-0.7488,7.8244,71.4065,0.3097,-0.1895,0.7994,292.5312
19:33:03:099,0.8333,-0.3932,6.6189,74.022,0.4037,-0.0981,0.9147,291.8906
19:33:03:099,1.4833,0.0808,5.8492,73.4236,0.3657,-0.1383,0.9089,291.0625
19:33:03:104,1.8293,0.3849,6.2909,72.1738,0.2184,-0.2648,0.7885,290.1094
19:33:03:128,1.554,0.3825,7.5179,73.7997,0.1353,-0.3037,0.6372,289.0312
19:33:03:152,1.135,0.1814,8.1356,73.3686,0.1848,-0.2134,0.5754,288.0469
19:33:03:164,1.1745,0.313,7.9046,75.0676,0.2413,-0.1389,0.6002,287.2656
19:33:03:194,1.5899,0.7105,7.7717,73.8887,0.1902,-0.1596,0.5888,286.5938
19:33:03:204,2.0891,1.0026,8.1081,73.6655,0.0767,-0.2454,0.4812,285.9062
19:33:03:228,2.1848,1.0217,9.1771,73.3499,-0.0415,-0.3397,0.2889,285.2188
19:33:03:249,1.8401,0.7033,10.2389,74.2336,-0.0738,-0.2829,0.1192,284.3594
19:33:03:269,1.5324,0.2544,10.3,73.5555,-0.0538,-0.1604,0.0338,284.0312
19:33:03:284,1.3744,-0.4232,10.3227,73.7475,-0.1167,-0.1847,0.0274,283.9062
19:33:03:310,1.5073,-1.0026,11.5845,73.3971,-0.249,-0.2555,0.1009,283.8594
19:33:03:323,2.0376,-1.4754,13.2377,76.1454,-0.2698,-0.1799,0.1792,283.8594
19:33:03:343,2.5188,-1.8729,13.0545,76.5781,-0.1305,0.0851,0.2332,283.8125
19:33:03:367,2.9558,-1.8992,11.2804,76.1033,-0.0674,0.2534,0.2449,283.6719
19:33:03:383,3.3891,-1.6514,9.9361,76.5848,-0.1878,0.165,0.1608,283.4375
19:33:03:404,3.3077,-1.4168,9.6751,75.5572,-0.4232,-0.1056,-0.0467,283.1562
19:33:03:425,2.7582,-1.7208,11.1882,75.1764,-0.624,-0.407,-0.268,282.9062
19:33:03:449,2.0855,-2.3014,12.7983,76.4583,-0.5782,-0.354,-0.3263,282.8594
19:33:03:466,1.8365,-2.4882,12.5936,74.8008,-0.3273,0.0185,-0.2219,283.0781
19:33:03:483,2.4721,-2.3038,10.3706,77.5461,-0.1329,0.2984,-0.0885,283.4688
19:33:03:503,3.5962,-2.135,8.8192,77.4321,-0.2288,0.201,-0.1255,283.7969
19:33:03:523,3.9924,-1.9926,9.4165,76.3669,-0.4951,0.0263,-0.3167,284.0312
19:33:03:544,3.5543,-1.8106,10.8028,76.1298,-0.5257,0.009,-0.5327,284.1875
19:33:03:564,2.3668,-1.6059,10.4125,76.0816,-0.2637,0.2444,-0.6707,284.5625
19:33:03:583,1.2271,-1.3557,8.0279,77.7039,0.0101,0.4622,-0.628,285.2031
19:33:03:603,0.9554,-0.7775,6.176,78.6025,0.0778,0.4497,-0.4784,285.9844
19:33:03:624,1.2487,-0.1083,5.5654,77.5128,0.0282,0.2188,-0.3854,286.6875
19:33:03:643,1.5097,0.3154,6.1472,77.6816,-0.0317,-0.0387,-0.399,287.2656
19:33:03:668,1.5061,0.3059,7.0259,78.3828,-0.0274,-0.1013,-0.4635,287.7188
19:33:03:688,1.1517,0.1814,7.1815,76.7469,0.0016,0.0377,-0.488,288.1719
19:33:03:703,0.7794,0.2795,7.3467,77.6826,-0.0634,0.1269,-0.4504,288.6719
19:33:03:723,0.8201,0.1454,8.4744,78.0872,-0.1585,0.2012,-0.3881,289.2344
19:33:03:744,0.7471,0.2675,9.6931,78.1036,-0.1513,0.3453,-0.3127,289.75
19:33:03:766,1.038,0.3813,10.1707,77.9427,-0.0346,0.4382,-0.2557,290.1875
19:33:03:783,1.1134,0.3621,10.4005,80.5526,0.0772,0.4231,-0.2456,290.3906
19:33:03:804,0.5017,0.1682,11.1044,79.6853,0.2221,0.4609,-0.1204,290.7344
19:33:03:824,0.5927,0.258,10.7333,81.4982,0.285,0.4723,0.0343,291.1719
19:33:03:851,0.9374,0.4651,10.7716,80.1402,0.2139,0.3932,0.1424,291.4375
19:33:03:870,1.4642,0.4567,11.4037,80.8379,0.0487,0.3656,0.164,291.5781
19:33:03:886,2.0879,0.0988,12.2106,80.7939,-0.1326,0.4289,0.0745,291.5781
19:33:03:903,1.5839,-0.0652,12.8498,81.7031,-0.265,0.5139,-0.0632,291.4219
19:33:03:923,0.728,-0.2077,13.2556,81.3048,-0.3159,0.5139,-0.0957,291.25
19:33:03:943,0.5412,-0.7272,13.2281,81.4731,-0.3201,0.4966,-0.0903,291.1875
19:33:03:964,-0.213,-1.5137,12.9743,82.4332,-0.212,0.2625,-0.0903,291.2656
19:33:03:982,-1.2126,-2.2954,13.1874,82.2828,0.098,-0.174,0.0575,291.4062
19:33:04:004,-1.5561,-2.8126,12.3506,83.8604,0.5886,-0.3921,0.3152,291.5156
19:33:04:022,-1.1838,-2.8234,9.9672,83.7823,0.9129,-0.3314,0.5781,291.625
19:33:04:042,-0.3626,-2.6965,7.6352,84.5143,0.8943,-0.2462,0.7067,291.5625
19:33:04:065,-0.2573,-2.2236,6.2394,85.3769,0.5883,-0.3652,0.7078,291.1875
19:33:04:085,-0.0777,-1.4934,6.9589,83.9617,0.1909,-0.6089,0.7587,290.5312
19:33:04:102,0.7507,-1.2683,8.6145,85.3346,0.025,-0.7354,0.7723,289.3594
19:33:04:122,1.0667,-1.0337,9.0885,85.9886,0.1654,-0.7074,0.686,288.5312
19:33:04:143,1.0177,-0.8805,8.1931,86.9835,0.3675,-0.5431,0.6479,287.625
19:33:04:164,1.4235,-0.6817,6.8739,86.431,0.4112,-0.4148,0.6471,286.8125
19:33:04:183,1.8592,-0.2819,6.6392,86.3971,0.265,-0.4169,0.5459,286.0625
19:33:04:203,1.8604,-0.2831,7.2833,87.7453,0.1252,-0.3831,0.376,285.2969
19:33:04:224,1.5671,-0.3454,7.7262,88.3271,0.0868,-0.2305,0.241,284.625
19:33:04:243,1.2822,-0.3083,7.6783,88.8588,0.1217,-0.0699,0.1645,284.0781
19:33:04:264,1.1003,-0.4328,7.4066,89.3864,0.1603,-0.0358,0.1264,283.8906
19:33:04:283,0.8417,-0.4734,7.5407,89.1024,0.1483,-0.0968,0.1576,283.625
19:33:04:303,1.0943,-0.2209,7.9752,89.8506,0.1204,-0.2214,0.2396,283.4375
19:33:04:323,1.6761,0.0174,8.7928,92.891,0.0865,-0.3468,0.2639,283.2812
19:33:04:344,2.1741,0.1275,9.5063,93.1792,0.0652,-0.3719,0.2095,283.0938
19:33:04:366,2.4051,0.1359,10.033,91.7999,0.0415,-0.2845,0.0985,282.8281
19:33:04:385,2.4865,-0.1035,10.3934,92.5203,-0.0061,-0.1575,-0.0214,282.4062
19:33:04:403,2.6014,-0.4986,10.9763,93.764,-0.0732,-0.1032,-0.0901,282.2188
19:33:04:423,2.4506,-0.9834,11.5222,94.032,-0.0988,-0.1232,-0.1212,282.1875
19:33:04:443,2.1585,-1.5269,12.0669,96.0309,-0.0932,-0.0704,-0.0147,282.25
19:33:04:467,2.5104,-1.6933,12.031,96.0265,-0.0461,0.0952,0.18,282.3906
19:33:04:484,3.1437,-1.5832,10.9069,97.0936,-0.0349,0.185,0.2884,282.5
19:33:04:504,3.4777,-1.4335,9.6966,97.6371,-0.1744,0.0617,0.2689,282.4062
19:33:04:523,3.2538,-1.3653,9.5434,97.0173,-0.4791,-0.2409,0.136,282.125
19:33:04:545,2.9115,-1.7699,11.5198,96.9777,-0.7734,-0.4454,0.045,281.7969
19:33:04:568,2.6409,-2.1326,13.8147,98.9737,-0.7555,-0.3029,0.0394,281.5781
19:33:04:586,2.6277,-2.1015,14.0409,98.9737,-0.4368,0.1221,0.1014,281.5312
19:33:04:605,3.3496,-1.8441,11.9125,100.1722,-0.1041,0.4558,0.1331,281.5312
19:33:04:623,3.9829,-1.388,9.8092,98.4437,0.0141,0.3802,0.0175,281.5
19:33:04:642,4.2654,-1.1917,9.0083,101.0051,-0.0352,0.0809,-0.2121,281.375
19:33:04:666,3.9529,-1.2276,9.0107,99.4809,-0.1414,-0.0715,-0.4643,281.2969
19:33:04:683,3.1593,-1.2468,8.9042,100.4039,-0.2381,0.0654,-0.6581,281.5312
19:33:04:703,2.38,-1.1402,8.3475,100.5997,-0.2977,0.2976,-0.7449,282.0625
19:33:04:723,1.7479,-0.9296,7.8723,100.5389,-0.3143,0.4497,-0.7665,282.8438
19:33:04:745,1.1733,-0.8062,7.2701,101.4014,-0.2426,0.467,-0.7106,283.2656
19:33:04:767,0.886,-0.5716,6.6392,100.4794,-0.1201,0.3387,-0.5905,284.125
19:33:04:785,0.9291,-0.2496,6.3112,101.6161,-0.004,0.1584,-0.4667,285.0156
19:33:04:803,1.0332,0.1419,6.249,103.3827,0.0629,0.0249,-0.3846,285.7812
19:33:04:823,1.1948,0.4579,6.2286,104.7375,0.0306,0.0071,-0.338,286.3594
19:33:04:843,1.3421,0.7225,6.7506,104.9626,-0.0788,0.0524,-0.3127,286.8438
19:33:04:867,1.372,0.8781,7.7657,106.3481,-0.1374,0.0641,-0.2741,287.25
19:33:04:887,1.366,1.0445,8.8228,105.6572,-0.0783,-0.0249,-0.1929,287.625
19:33:04:903,1.7084,1.1223,9.9863,105.636,0.0583,-0.1058,-0.0949,287.9531
19:33:04:924,1.8628,1.2803,10.8327,107.8582,0.2693,-0.1556,-0.0472,288.2344
19:33:04:944,2.1405,1.4108,10.8734,108.0127,0.4631,-0.215,-0.0736,288.4375
19:33:04:967,2.1884,1.1115,10.8399,108.665,0.4956,-0.2417,-0.1673,288.4844
19:33:04:986,2.046,0.4316,11.1846,107.847,0.38,-0.1634,-0.2315,288.5312
19:33:05:003,1.7084,-0.1323,12.1279,108.7791,0.2421,-0.0305,-0.2286,288.6875
19:33:05:023,1.5947,-0.7141,13.0701,109.6252,0.1838,0.153,-0.1636,288.9219
19:33:05:044,1.5839,-1.1438,12.9958,108.9991,0.1909,0.4329,-0.085,289.1719
19:33:05:069,1.3073,-1.2384,12.019,110.0668,0.1433,0.6215,-0.024,289.3594
19:33:05:084,1.05,-1.2504,11.2684,111.4279,-0.009,0.703,0.0447,289.4531
19:33:05:169,0.7699,-1.236,10.8459,111.2234,-0.159,0.6689,0.0796,289.4844
19:33:05:169,0.467,-1.3234,11.0254,111.7149,-0.2376,0.4281,0.1099,289.4375
19:33:05:170,0.4885,-1.5054,11.6862,111.8744,-0.1822,0.1911,0.1656,289.3594
19:33:05:170,0.4814,-1.6729,11.618,112.7196,0.0069,0.1368,0.1986,289.25
19:33:05:191,0.2216,-1.6981,9.9624,111.2507,0.1515,0.2345,0.2282,289.0625
19:33:05:204,0.5388,-1.4132,8.1308,111.7731,0.0399,0.2542,0.2407,288.8438
19:33:05:228,0.5831,-1.3378,8.7461,112.9035,-0.4573,-0.0028,0.1336,288.7031
19:33:05:252,0.5676,-1.1989,9.5326,113.4978,-0.514,-0.1469,0.0718,288.3281
19:33:05:270,0.0648,-1.0289,9.869,110.8813,-0.3566,-0.2542,0.0372,287.9688
19:33:05:287,-0.0705,-0.8948,9.207,112.8082,-0.0786,-0.2675,0.123,287.9688
19:33:05:305,0.2778,-0.7667,7.8208,113.7899,0.1265,-0.2254,0.2375,287.8906
19:33:05:323,0.6932,-0.5297,6.65,113.1441,0.1617,-0.1649,0.3323,287.6875
19:33:05:342,1.2343,-0.2675,6.0479,111.9364,0.0767,-0.2134,0.3592,287.6875
19:33:05:368,1.3313,-0.1227,6.1807,112.0067,-0.0328,-0.3511,0.3091,287.4219
19:33:05:385,1.3002,-0.2628,6.7159,113.7731,-0.1017,-0.4512,0.2836,287.0312
19:33:05:403,1.1266,-0.5297,7.5047,113.7667,-0.1225,-0.4425,0.3051,286.6094
19:33:05:421,0.6801,-0.5668,8.2482,113.1103,-0.0804,-0.3247,0.4231,286.2656
19:33:05:442,0.7172,-0.4507,8.7701,112.8122,-0.0453,-0.2387,0.6183,285.9219
19:33:05:471,1.4259,-0.24,9.4297,115.4814,-0.0597,-0.165,0.8252,285.5625
19:33:05:489,2.4027,0.3909,10.4257,116.7042,-0.0514,-0.141,0.8756,284.7812
19:33:05:506,3.1473,0.7416,10.9392,116.8892,0.0645,-0.0883,0.6897,283.9375
19:33:05:522,3.1712,0.7117,10.4484,116.1201,0.1958,-0.1165,0.3768,282.9219
19:33:05:543,2.8624,0.3992,10.1108,115.8562,0.1662,-0.3146,0.0721,282.0469
19:33:05:567,2.4626,-0.4771,10.7968,116.2775,-0.0194,-0.5591,-0.1575,281.4219
19:33:05:587,2.0196,-1.5999,12.8438,118.0112,-0.2226,-0.6622,-0.2065,281.1562
19:33:05:603,2.1346,-2.4223,14.6706,117.7279,-0.2048,-0.3887,-0.0414,281.2031
19:33:05:623,2.8971,-2.7156,13.9176,117.0622,0.0133,0.0492,0.1331,281.4219
19:33:05:643,3.3664,-2.3924,11.624,119.7316,0.13,0.2574,0.1736,281.5156
19:33:05:667,3.607,-2.1326,9.9241,118.2191,0.0016,0.0899,0.0721,281.5625
19:33:05:689,3.3903,-2.2308,10.1851,116.4067,-0.2669,-0.2662,-0.1023,281.4219
19:33:05:705,2.6924,-2.8725,11.9639,117.4104,-0.3976,-0.5314,-0.2129,281.2188
19:33:05:723,1.8879,-3.2232,13.3861,117.4568,-0.2589,-0.4222,-0.1316,281.1562
19:33:05:743,1.9717,-3.3369,12.8103,119.6463,0.0964,-0.0022,0.0886,281.2656
19:33:05:767,2.7511,-2.8258,10.2054,117.4101,0.416,0.2652,0.238,281.5
19:33:05:785,3.4837,-1.886,7.9644,118.2711,0.4349,0.1933,0.1573,281.625
19:33:05:803,3.589,-1.2432,7.4174,115.5163,0.2306,0.014,-0.1167,281.4062
19:33:05:823,2.7463,-0.9942,7.8735,117.417,0.0517,-0.0148,-0.4328,281.1406
19:33:05:843,1.5983,-1.1031,7.8256,117.9397,0.0099,0.202,-0.6019,281.0781
19:33:05:868,0.9087,-1.0493,7.1528,115.9522,0.0346,0.4561,-0.5881,281.3906
19:33:05:886,0.71,-0.7811,6.2717,116.1984,0.074,0.5139,-0.5074,281.9844
19:33:05:903,0.9698,-0.5441,5.9114,116.5361,0.0802,0.3339,-0.4336,282.6875
19:33:05:923,1.3564,-0.1969,6.2466,115.2821,0.0674,0.1062,-0.403,283.3281
19:33:05:943,1.8652,-0.076,6.7518,115.6493,0.0772,-0.0299,-0.4142,283.875
19:33:05:967,1.9837,-0.1095,7.1277,114.8658,0.0799,-0.0307,-0.4565,284.3281
19:33:05:984,1.7994,0.1694,7.5694,115.7424,0.0503,0.0034,-0.4025,284.7969
19:33:06:002,2.2411,0.4423,8.5785,113.6522,0.0224,-0.0624,-0.3002,285.2812
19:33:06:022,2.842,0.6818,9.8044,115.0501,0.0538,-0.109,-0.2797,285.7656
19:33:06:042,2.6421,0.9284,10.8494,116.184,0.1486,-0.0781,-0.3455,286.1562
19:33:06:072,2.0328,1.0469,11.4061,113.2953,0.2988,0.0502,-0.3812,286.6406
19:33:06:088,1.682,0.8146,11.2481,113.9109,0.4434,0.2691,-0.341,287
19:33:06:107,1.4977,0.8769,10.5179,114.616,0.4922,0.5416,-0.2403,287.4219
19:33:06:125,1.4773,1.1019,9.7876,113.6897,0.3902,0.6782,-0.1591,287.7969
19:33:06:142,1.5695,1.1965,10.191,112.8257,0.1936,0.548,-0.1159,287.9375
19:33:06:163,1.7778,0.7189,11.679,112.6226,0.0708,0.2617,-0.1279,288.1406
19:33:06:188,1.4199,0.2245,13.2963,110.6269,0.1039,0.1312,-0.1433,288.2812
19:33:06:205,0.9925,-0.3298,13.677,110.6937,0.285,0.2383,-0.0677,288.4062
19:33:06:224,0.9674,-0.3513,12.1471,109.7238,0.3936,0.5152,0.087,288.5469
19:33:06:242,1.2523,0.1897,10.4903,107.4721,0.2192,0.7075,0.1738,288.6875
19:33:06:270,1.6222,0.0449,10.4065,108.4391,-0.0535,0.6207,0.1091,288.6719
19:33:06:284,1.3385,-0.3298,11.3403,105.6701,-0.0916,0.4497,0.0127,288.5
19:33:06:302,0.6525,-0.6518,10.6172,105.343,0.1627,0.3669,-0.044,288.3125
19:33:06:323,0.2288,-0.8661,8.5546,104.1463,0.3348,0.2593,-0.0312,288.2344
19:33:06:342,0.6454,-1.0385,6.8894,101.9727,0.2338,0.039,0.0114,288.2812
19:33:06:365,1.3169,-1.1917,6.3723,100.3822,-0.1081,-0.3839,-0.0789,288.3281
19:33:06:387,1.5073,-1.2851,8.0817,100.7878,-0.5252,-0.8225,-0.2483,288.3125
19:33:06:403,1.269,-1.2073,10.2413,101.3305,-0.6269,-0.9477,-0.3474,288.4062
19:33:06:423,0.6765,-1.1211,10.8949,98.8841,-0.335,-0.9056,-0.371,288.6875
19:33:06:442,0.1689,-0.9942,9.6775,97.7575,0.0226,-0.7125,-0.2472,289.0938
19:33:06:471,0.121,-0.6662,8.0542,99.1527,0.1963,-0.4595,-0.0081,289.5312
19:33:06:489,0.4801,-0.3035,6.9481,98.0111,0.1926,-0.3343,0.2266,289.7969
19:33:06:505,1.0679,0.1742,6.6692,96.5225,0.0884,-0.3077,0.3738,289.7969
19:33:06:522,1.5647,0.3717,7.0558,96.1219,0.0144,-0.3905,0.3928,289.5469
19:33:06:543,1.6042,0.4364,7.7478,95.4016,-0.0032,-0.4526,0.3579,289.1406
19:33:06:569,1.9203,0.4675,8.9401,94.2039,-0.0373,-0.3548,0.336,288.6875
19:33:06:585,1.9143,0.4675,9.6703,94.9127,-0.1121,-0.149,0.3137,288.2812
19:33:06:607,1.7084,0.6231,10.8387,93.9497,-0.2642,0.2468,0.2263,287.9062
19:33:06:622,1.6928,0.4507,11.6515,92.0928,-0.1475,0.4319,0.2023,287.7344
19:33:06:643,1.6557,0.4352,11.1164,91.9098,0.0863,0.4979,0.1808,287.7344
19:33:06:668,1.8879,0.4028,10.106,92.7648,0.2437,0.3131,0.1169,287.2812
19:33:06:685,2.1645,0.0832,9.6093,92.7648,0.2141,-0.0638,-0.0195,286.8281
19:33:06:703,2.0891,-0.744,10.4412,91.0178,0.0248,-0.3761,-0.187,286.6094
19:33:06:721,1.7443,-1.4563,11.9137,91.3371,-0.1846,-0.293,-0.2379,286.6094
19:33:06:741,1.3265,-2.0273,12.7109,89.0906,-0.2631,0.1517,-0.1532,286.4844
19:33:06:762,1.4809,-2.3409,11.6934,88.1492,-0.2064,0.5709,0.0236,286.7031
19:33:06:785,1.6186,-1.9243,10.1839,86.0819,-0.188,0.5749,0.1651,286.9844
19:33:06:803,1.7024,-1.4778,9.4369,87.9877,-0.2972,0.2524,0.2607,287.1719
19:33:06:821,2.9594,-1.3737,10.0785,86.8245,-0.5747,-0.1692,0.352,287.1562
19:33:06:842,4.0104,-1.7292,13.0198,85.9136,-0.8757,-0.4145,0.1906,286.9688
19:33:06:861,3.522,-2.2188,16.3286,84.3415,-0.7558,-0.2579,-0.0065,286.6875
19:33:06:885,2.3871,-2.4463,16.6326,84.8744,-0.1071,0.2739,-0.0105,286.125
19:33:06:903,2.1693,-2.1554,12.8558,82.9671,0.7095,0.6436,0.172,286.1562
19:33:06:921,2.7223,-1.1378,8.4792,81.2222,1.1686,0.4947,0.2633,286.1875
19:33:06:942,3.2945,-0.1658,5.9246,82.4519,1.1731,0.0636,0.132,286.1094
19:33:06:968,3.4107,0.319,5.1943,81.9864,0.9278,-0.3168,-0.1303,285.8281
19:33:06:986,3.1126,0.3849,5.4278,80.1761,0.6605,-0.4635,-0.4027,285.5469
19:33:07:004,2.5272,0.4028,5.5666,79.6004,0.4333,-0.3679,-0.6193,285.5
19:33:07:022,1.9706,0.2879,5.5175,80.5138,0.1728,-0.1551,-0.7479,285.7969
19:33:07:043,1.3684,0.155,5.4996,79.1111,-0.134,0.0774,-0.7836,286.375
19:33:07:069,0.4993,0.0305,6.1041,78.5785,-0.4658,0.2694,-0.6691,287.1719
19:33:07:085,0.7244,0.2903,7.664,77.868,-0.6469,0.2686,-0.4296,287.5625
19:33:07:104,0.8082,0.7332,9.2334,79.4068,-0.4684,0.0313,-0.288,288.4688
19:33:07:122,1.518,1.1606,9.808,78.266,-0.1545,-0.2012,-0.1263,289.2344
19:33:07:143,2.1453,1.3055,9.5793,77.4685,0.0666,-0.3604,-0.0512,289.75
19:33:07:168,1.9717,1.2384,9.3555,74.5367,0.1286,-0.4457,-0.0168,290.0781
19:33:07:185,2.6325,1.1786,10.1779,74.715,0.0429,-0.3285,0.1081,290.2188
19:33:07:253,2.7415,1.4036,11.2672,76.8259,0.1081,0.0273,0.0511,290.2812
19:33:07:253,1.9215,1.5856,11.1008,75.8432,0.3116,0.3264,-0.0419,290.25
19:33:07:253,1.3301,1.4395,9.9887,74.4445,0.4216,0.4825,-0.077,290.125
19:33:07:265,0.6873,1.2635,9.5697,73.4014,0.3768,0.3632,-0.0989,290.125
19:33:07:287,0.0013,0.592,10.3491,73.3282,0.2903,0.1072,-0.0712,290.1719
19:33:07:302,-0.0478,-0.1395,11.193,74.3885,0.2408,0.0359,0.0657,290.25
19:33:07:322,0.0911,-0.6901,11.4779,74.2789,0.1915,0.1948,0.2085,290.3438
19:33:07:342,0.224,-0.8051,11.3235,73.2121,0.0724,0.4484,0.3696,290.3438
19:33:07:362,0.5855,-0.9535,11.2816,72.442,-0.1308,0.6489,0.4961,290.1875
19:33:07:387,1.026,-1.0505,11.2636,74.2984,-0.334,0.5834,0.5936,289.8438
19:33:07:403,1.524,-1.0074,12.4045,72.7242,-0.3436,0.0865,0.6215,289.3281
19:33:07:421,1.8628,-1.09,13.2077,72.0027,0.0027,-0.2523,0.5235,288.7188
19:33:07:441,1.9215,-1.3916,11.6228,73.2359,0.4708,-0.2323,0.3573,288
19:33:07:462,0.9781,-1.2133,8.9568,71.3975,0.633,-0.0712,0.2298,287.0938
19:33:07:484,0.6406,-0.5752,7.0079,72.9598,0.3515,0.0854,0.3166,286.6719
19:33:07:503,1.6042,-0.076,6.6368,72.2994,-0.1638,0.0694,0.3656,286.4062
19:33:07:522,2.1824,0.1897,7.8076,71.6294,-0.5997,-0.0627,0.2114,286.0312
19:33:07:543,1.9681,0.5405,9.5075,70.1601,-0.7627,-0.0832,0.0167,285.8438
19:33:07:568,1.7467,0.5357,10.4616,71.6625,-0.6208,0.0886,-0.1234,285.4844
19:33:07:585,1.384,0.4172,9.7864,72.7552,-0.3409,0.3783,-0.2115,285.3906
19:33:07:602,1.141,0.4076,8.4121,70.203,-0.1902,0.557,-0.2216,285.4531
19:33:07:622,1.123,0.5872,7.8543,70.9102,-0.1976,0.4801,-0.211,285.6562
19:33:07:641,0.9614,1.0361,8.3858,70.9759,-0.2136,0.2675,-0.215,285.9062
19:33:07:662,0.8728,1.1606,9.383,71.2896,-0.0578,0.0023,-0.2493,286.1562
19:33:07:686,0.5963,0.9092,10.0438,69.8182,0.2698,-0.2148,-0.3031,286.3906
19:33:07:702,-0.0023,0.246,10.0606,70.0047,0.5619,-0.2435,-0.2957,286.6406
19:33:07:721,-0.6092,0.1,9.9768,71.088,0.7247,-0.0899,-0.1444,286.9688
19:33:07:742,-0.4332,0.3549,9.5853,70.9226,0.7942,-0.023,0.0473,287.4688
19:33:07:762,0.1043,0.7596,9.8391,70.1479,0.8029,-0.2313,0.1674,287.625
19:33:07:789,0.7148,1.0828,11.1607,71.5544,0.9286,-0.6145,0.1951,287.5781
19:33:07:807,1.2367,0.8589,11.3989,69.8515,1.2192,-0.7588,0.1451,287.3906
19:33:07:821,1.2858,0.5716,10.0127,69.42,1.3172,-0.6062,0.087,287.1875
19:33:07:843,1.4857,0.5728,8.9975,69.3224,1.0653,-0.3402,0.0703,287.0469
19:33:07:869,1.4426,0.5596,8.7868,68.5136,0.6501,-0.0677,0.0455,286.9531
19:33:07:887,1.0727,0.5549,9.0682,70.1765,0.2623,0.0931,0.0841,286.875
19:33:07:901,1.056,0.3226,9.8965,70.0496,0.0589,0.0609,0.2127,286.7969
19:33:07:926,1.4163,0.0377,10.5466,69.1303,0.0929,-0.1274,0.3752,286.6875
19:33:07:951,3,0.6853,9.5051,70.4427,0.0061,-0.3532,0.4846,286.0312
19:33:07:964,3.4837,0.5405,10.3407,68.9807,-0.3862,-0.2915,0.3006,285.4688
19:33:07:987,3.6561,0.3071,12.6942,71.598,-0.6828,-0.0331,0.111,284.9688
19:33:08:006,3.4418,0.1359,13.8625,70.5934,-0.5707,0.4423,-0.056,284.7969
19:33:08:022,2.957,0.2604,12.1734,68.827,-0.2195,0.7728,-0.1641,284.7969
19:33:08:045,3.1461,0.4866,9.8978,68.6794,-0.0184,0.675,-0.2523,284.5781
19:33:08:069,3.4071,0.331,8.9987,68.1414,-0.0256,0.3251,-0.4249,284.6406
19:33:08:085,2.8732,0.3681,9.1723,70.0624,-0.0764,0.1245,-0.5902,285
19:33:08:102,2.3369,0.5309,8.8898,69.9192,-0.0453,0.201,-0.6669,285
19:33:08:121,1.9071,0.8063,8.041,69.3019,-0.0101,0.3999,-0.7087,285.4531
19:33:08:141,1.4917,1.0983,7.3072,69.4749,-0.0048,0.5435,-0.7207,286.0938
19:33:08:160,1.2092,1.3102,6.8272,69.26,0.0312,0.5592,-0.7181,286.8438
19:33:08:189,0.9578,1.4994,6.5782,69.3749,0.078,0.515,-0.7103,287.625
19:33:08:204,0.5149,1.5916,6.5171,70.3004,0.1183,0.3986,-0.6778,288.375
19:33:08:222,0.2371,1.7915,6.9864,68.6949,0.1148,0.2763,-0.5713,289.1562
19:33:08:241,0.3389,2.1159,7.9142,69.8848,0.1332,0.2553,-0.4531,289.9219
19:33:08:262,0.5975,2.3314,8.2134,69.806,0.1851,0.2729,-0.4046,290.6719
19:33:08:287,0.6585,2.4008,8.6109,71.0849,0.184,0.2502,-0.4051,291.7812
19:33:08:303,0.3808,2.2727,9.2765,70.1485,0.1917,0.1988,-0.3929,292.2188
19:33:08:320,0.0492,2.0788,10.1623,69.9566,0.2618,0.1576,-0.3058,292.4375
19:33:08:340,0.06,1.9926,10.8459,69.5414,0.3987,0.2739,-0.1415,293.0781
19:33:08:360,0.1007,2.2679,10.7884,68.9792,0.5475,0.4468,0.0125,293.2656
19:33:08:385,0.0133,2.5109,10.6926,70.1852,0.6426,0.4939,0.0974,293.5312
19:33:08:403,-0.553,2.6678,10.5502,69.7588,0.7089,0.414,0.1597,293.5781
19:33:08:422,-0.9396,2.5995,10.0354,68.6834,0.7238,0.2052,0.2433,293.4844
19:33:08:442,-0.5422,2.1159,10.1372,69.9718,0.5875,0.0987,0.327,293.3281
19:33:08:463,-0.6332,1.9531,10.5717,70.5473,0.3515,0.2617,0.3805,293.1094
19:33:08:483,-0.8822,2.1135,10.8243,69.9892,0.0791,0.6433,0.4703,292.9688
19:33:08:500,-0.4093,2.3613,10.3646,70.0366,-0.2003,0.8002,0.4711,292.625
19:33:08:521,-0.0933,1.9471,11.5569,70.7598,-0.4312,0.3765,0.3155,292.1719
19:33:08:540,-0.6619,1.0241,13.6243,70.4783,-0.3145,-0.0076,0.2061,291.5781
19:33:08:560,-1.5142,0.4004,12.5218,71.5047,0.0975,0.0273,0.2513,290.9219
19:33:08:583,-1.4196,0.5225,9.3375,69.1076,0.2764,0.1655,0.397,290.4688
19:33:08:604,-0.8857,0.926,7.6807,71.0612,0.0991,0.0779,0.4489,290.2188
19:33:08:621,-0.772,1.2372,7.2869,71,-0.183,-0.1389,0.3912,289.7344
19:33:08:641,0.0312,1.5233,7.2857,71.4733,-0.5089,-0.3804,0.3283,289.2344
19:33:08:660,0.552,1.3066,9.0945,70.3666,-0.755,-0.5141,0.1762,288.7656
19:33:08:681,0.6106,1.1666,10.2593,70.3391,-0.6506,-0.3399,0.0146,288.3594
19:33:08:701,0.036,1.1055,9.6356,69.6066,-0.3491,-0.0374,-0.0653,288.0781
19:33:08:721,-0.1435,1.0205,7.7837,70.3872,-0.0911,0.0945,-0.0315,287.9844
19:33:08:741,-0.0358,1.1654,6.4393,69.4274,-0.0125,-0.1048,0.0074,288.0156
19:33:08:761,0.3042,1.3138,6.4561,70.0899,-0.0399,-0.3639,-0.0089,288.0625
19:33:08:780,0.3054,1.2779,6.3567,70.0899,-0.1036,-0.4374,-0.0722,288.0781
19:33:08:800,-0.0119,1.23,6.5674,69.7561,-0.2421,-0.4262,-0.0826,288.0938
19:33:08:821,-0.4464,1.0325,7.2617,70.1352,-0.3598,-0.3804,-0.0115,288.1719
19:33:08:841,-0.4979,1.2827,8.2757,70.2087,-0.436,-0.3128,0.1427,288.3125
19:33:08:861,-0.1304,1.5688,9.5542,71.1505,-0.3835,-0.2864,0.279,288.4062
19:33:08:882,0.6322,1.8561,10.2724,70.6191,-0.1643,-0.3274,0.3773,288.25
19:33:08:900,1.3648,2.2595,10.3634,71.2419,0.0921,-0.4337,0.3888,287.9531
19:33:08:921,1.6988,2.7168,10.0031,69.4713,0.2354,-0.5037,0.3033,287.5625
19:33:08:944,1.864,2.9108,9.8858,69.9348,0.2003,-0.4907,0.1248,287.3594
19:33:08:968,1.4283,2.5229,10.0653,69.7083,0.0333,-0.3588,-0.073,286.9844
19:33:08:987,0.8788,1.6885,10.5801,70.4793,-0.1883,-0.2318,-0.1497,286.7969
19:33:09:003,0.4861,0.9918,11.9125,70.3258,-0.3635,-0.2078,-0.0653,286.8125
19:33:09:021,0.7962,0.5417,13.3538,69.4837,-0.2985,-0.1988,0.1326,286.9844
19:33:09:041,1.4103,0.3657,13.1814,69.5694,-0.0613,-0.1769,0.2918,287.1406
19:33:09:060,2.3081,0.4531,12.2046,70.0587,0.1071,-0.1836,0.3443,287.125
19:33:09:082,2.9462,0.6255,10.6759,69.4618,0.0732,-0.2161,0.1893,286.9062
19:33:09:103,2.9246,0.3526,10.209,68.0741,-0.1539,-0.3748,-0.089,286.5312
19:33:09:120,2.4721,-0.2652,11.3439,67.8629,-0.3654,-0.4867,-0.3226,286.2031
19:33:09:141,1.6808,-0.7476,12.4356,69.7884,-0.3614,-0.2965,-0.4174,286.2812
19:33:09:166,1.2104,-0.8864,11.6814,68.9537,-0.1617,0.0116,-0.3676,286.6875
19:33:09:187,1.524,-0.6458,9.8415,68.4066,-0.0312,0.1152,-0.2701,287.2031
19:33:09:203,2.2543,-0.258,8.7593,67.2237,-0.0743,0.0031,-0.2893,287.5938
19:33:09:220,2.7487,-0.1239,8.4337,70.5696,-0.1806,-0.0728,-0.4094,287.9062
19:33:09:241,2.4949,0.0605,7.9967,67.5597,-0.2826,-0.0158,-0.5577,288.2344
19:33:09:262,1.9382,0.0844,7.3934,69.3993,-0.3912,0.0894,-0.648,288.6875
19:33:09:339,1.5204,0.3334,7.1336,69.6447,-0.5143,0.2004,-0.6363,289.3281
19:33:09:339,1.1158,0.7428,7.3168,68.0246,-0.608,0.279,-0.5956,290.0781
19:33:09:340,0.7016,1.0241,7.81,67.4387,-0.5747,0.2811,-0.5476,290.7969
19:33:09:353,0.868,1.1307,7.9668,68.1055,-0.3699,0.3158,-0.492,291.4375
19:33:09:371,-0.0083,1.5724,6.3914,69.2654,-0.0666,0.2329,-0.4837,292.6094
19:33:09:383,-0.1483,1.6706,6.3448,68.7512,-0.2304,0.1458,-0.3945,293.1406
19:33:09:404,-0.3889,1.5987,7.6352,66.5703,-0.4786,0.153,-0.2872,293.4219
19:33:09:422,-0.2058,1.6981,9.3997,68.8283,-0.5923,0.307,-0.084,293.4219
19:33:09:442,0.7447,2.0081,11.0254,65.5841,-0.4887,0.5112,0.0585,294.125
19:33:09:462,1.87,2.5133,11.6695,65.6407,-0.2053,0.654,-0.0112,294.4375
19:33:09:487,1.6545,2.5361,11.3642,66.2405,0.0921,0.5581,-0.2691,294.4375
19:33:09:504,0.4682,2.2655,10.6112,67.3786,0.22,0.3347,-0.4411,294.4375
19:33:09:520,-0.5482,1.6754,10.8794,66.9317,0.1326,0.0561,-0.4467,294.4219
19:33:09:540,-1.3562,0.9152,12.256,65.3316,-0.0123,0.0034,-0.2983,294.7188
19:33:09:559,-1.5238,0.3837,13.4687,67.0336,-0.0354,0.1501,-0.0552,295.2344
19:33:09:580,-1.1144,-0.0221,13.3849,64.9946,0.0629,0.3051,0.1698,295.7344
19:33:09:603,-0.7828,0.0221,12.4655,65.697,0.0929,0.3477,0.3371,296.0625
19:33:09:620,-0.4572,0.1957,12.256,64.062,0.0107,0.2601,0.4181,296.125
19:33:09:640,-0.0119,0.0736,12.1854,65.4861,-0.0503,0.1887,0.4247,295.9219
19:33:09:660,0.2168,-0.0808,12.4404,63.136,-0.0061,-0.0012,0.3904,295.5625
19:33:09:688,0.2264,-0.0808,12.6595,65.8007,0.1595,-0.1282,0.3315,295.0781
19:33:09:711,0.2288,-0.3609,11.776,64.2829,0.3492,0.0526,0.2441,294.3594
19:33:09:720,-0.0849,-0.477,9.6284,63.9492,0.3971,0.3363,0.1504,293.9531
19:33:09:741,-0.2106,-0.7033,7.9082,62.9541,0.2487,0.4079,0.062,293.6406
19:33:09:761,-0.116,-1.0445,7.1815,62.4515,-0.0029,0.2236,-0.0302,293.4219
19:33:09:791,-0.286,-1.2312,7.3132,62.5244,-0.2368,-0.1234,-0.1138,293.3125
19:33:09:806,-0.7517,-1.1151,8.5247,62.5497,-0.4141,-0.4566,-0.1114,293.2969
19:33:09:823,-0.8211,-1.0098,10.1408,61.892,-0.3436,-0.5514,0.0002,293.375
19:33:09:841,-0.4356,-0.8505,9.8235,62.9239,-0.0245,-0.3604,0.1563,293.5
19:33:09:861,0.3317,-0.2125,8.1392,60.7404,0.2189,-0.1396,0.2689,293.5781
19:33:09:880,1.4007,0.6159,7.2174,62.5719,0.2818,-0.0313,0.2098,293.5469
19:33:09:902,1.3528,0.8817,7.1851,63.1696,0.2458,0.0359,-0.0765,293.375
19:33:09:920,-0.4308,0.2915,6.8056,61.1833,0.1952,0.1125,-0.2619,293.0781
19:33:09:944,-1.6998,-0.1634,6.4453,60.7669,0.1449,0.1442,-0.0621,292.875
19:33:09:959,-1.7572,0.1826,6.2861,62.3126,0.1366,-0.0036,0.2934,292.9688
19:33:09:980,-0.8295,0.8481,6.4884,61.3624,0.1324,-0.2105,0.5491,293.2656
19:33:10:004,-0.2118,1.4994,6.8607,60.2678,0.0783,-0.3144,0.6053,293.3438
19:33:10:022,-0.2429,1.8334,7.4976,61.3763,-0.0139,-0.3831,0.5371,292.7344
19:33:10:040,-0.8307,1.8465,8.7473,59.896,-0.1169,-0.4704,0.4897,292.0469
19:33:10:061,-1.0533,1.5604,10.6148,60.3039,-0.1233,-0.4491,0.5611,291.4375
19:33:10:091,-0.6152,1.3928,11.3738,59.8726,0.0043,-0.3021,0.6724,290.8906
19:33:10:106,0.3772,1.3569,10.9668,57.6833,0.066,-0.2691,0.6814,290.3125
19:33:10:120,1.0895,1.2193,11.1296,60.0945,-0.025,-0.4033,0.5315,289.6562
19:33:10:140,1.2774,0.2795,12.1543,59.2751,-0.1734,-0.5948,0.3517,288.875
19:33:10:161,1.1386,-0.7763,13.6279,59.3831,-0.2578,-0.5415,0.3483,288.1719
19:33:10:187,1.3373,-1.5999,13.8661,57.0591,-0.1915,-0.2417,0.5246,287.7031
19:33:10:204,2.204,-1.4958,12.4212,58.0453,-0.0914,0.0071,0.7291,287.375
19:33:10:220,3.2514,-1.1666,11.0865,58.558,-0.0953,-0.096,0.7193,286.9062
19:33:10:246,3.5411,-0.9619,10.5514,57.9072,-0.2083,-0.3953,0.5089,286.1719
19:33:10:259,3.2802,-1.0864,11.436,57.3329,-0.3606,-0.6214,0.2649,285.3594
19:33:10:281,2.7977,-1.4227,12.6068,57.0646,-0.4349,-0.4366,0.116,284.3906
19:33:10:307,2.3632,-1.473,12.7648,55.8288,-0.3412,0.0311,0.1155,284.125
19:33:10:323,3.127,-1.1342,11.1942,56.486,-0.0884,0.2569,0.173,284
19:33:10:340,4.2031,-0.5932,9.3962,57.7283,0.0682,-0.019,0.0726,283.875
19:33:10:361,4.6664,-0.2688,9.1184,55.6092,0.0575,-0.4113,-0.1982,283.7812
19:33:10:381,4.3899,-0.3298,9.3004,55.5201,0.0021,-0.414,-0.521,283.6094
19:33:10:404,3.3017,-0.2939,8.6731,54.494,-0.0189,-0.0827,-0.7812,283.6719
19:33:10:423,2.0352,-0.2412,7.166,56.3409,-0.0466,0.263,-0.9082,284.0781
19:33:10:440,1.2523,-0.1299,5.8863,55.7111,-0.1625,0.4385,-0.9114,284.8594
19:33:10:460,0.7663,0.1407,5.7498,55.3619,-0.3228,0.4084,-0.8645,285.7969
19:33:10:486,0.3916,0.3166,6.5339,54.4268,-0.3523,0.2857,-0.7924,286.8438
19:33:10:502,0.1653,0.4196,7.0534,54.4162,-0.2437,0.1775,-0.6909,287.8594
19:33:10:520,-0.1507,0.5381,7.5802,55.2733,-0.147,0.1844,-0.5484,288.8125
19:33:10:540,-0.1256,0.8709,7.7094,55.5627,-0.0352,0.295,-0.3745,289.625
19:33:10:561,0.2778,1.2624,7.5957,55.5025,0.0399,0.3275,-0.2525,290.6406
19:33:10:585,0.6214,1.5784,8.0446,54.2242,0.028,0.2308,-0.2001,291.0625
19:33:10:604,0.6513,1.7639,9.3818,54.3264,0.0224,0.1813,-0.1924,291.3281
19:33:10:619,0.5077,1.7603,10.3155,52.5537,0.1358,0.1962,-0.2086,291.5625
19:33:10:640,0.3676,1.3857,10.4795,53.8546,0.3143,0.1783,-0.2067,291.7812
19:33:10:660,0.2168,1.0648,10.1886,53.8311,0.4069,0.177,-0.1708,292
19:33:10:686,0.522,0.7069,9.9444,53.1279,0.3433,0.1584,-0.1159,292.2344
19:33:10:705,0.6418,0.574,10.7393,51.5354,0.1143,0.1189,-0.0906,292.4375
19:33:10:721,0.2874,0.1359,12.4715,52.6549,-0.049,0.1283,-0.0507,292.5625
19:33:10:741,-0.2381,-0.3873,13.3394,52.7781,0.017,0.2375,0.1232,292.6719
19:33:10:760,-0.2034,-0.0844,12.5852,50.655,0.1537,0.259,0.4221,292.7188
19:33:10:786,0.6489,0.5896,11.8969,51.6013,0.0772,0.1227,0.6335,292.5781
19:33:10:804,1.1817,0.4735,13.1682,51.4607,-0.2045,0.0715,0.6215,292.1094
19:33:10:820,0.8513,-0.1718,14.0529,51.386,-0.4368,0.1091,0.5235,291.375
19:33:10:841,0.467,-0.5608,13.2987,50.854,0.0759,0.2044,0.4492,291
19:33:10:860,0.3425,-0.7117,9.9109,51.4697,0.5318,0.2351,0.4263,290.0781
19:33:10:882,0.3832,-0.659,6.7063,51.4697,0.5515,0.0319,0.3302,289.0312
19:33:10:902,0.4514,-0.6734,5.8899,50.5155,0.1822,-0.3215,0.1464,288.5781
19:33:10:920,-0.0274,-0.8027,6.9361,50.5222,-0.265,-0.6084,-0.0248,288.5781
19:33:10:939,-0.3447,-0.9331,8.709,50.9072,-0.5406,-0.6566,-0.052,288.2031
19:33:10:959,-0.4129,-0.8697,9.8822,50.3924,-0.5031,-0.4835,0.0239,288.0469
19:33:10:978,-0.4117,-0.7213,9.2118,51.1136,-0.2392,-0.1665,0.1672,288.0938
19:33:11:003,-0.2788,-0.4232,7.2282,49.1722,-0.0221,0.0912,0.3454,288.1562
19:33:11:021,0.8465,-0.015,6.0443,48.6339,0.0405,0.1541,0.4551,288.1406
19:33:11:039,1.6808,0.1921,6.0287,49.5536,-0.078,0.0803,0.3456,287.9531
19:33:11:059,1.226,0.0652,6.8619,49.1287,-0.2855,0.0569,0.1959,287.5781
19:33:11:080,0.5795,0.1598,8.3343,47.9984,-0.4008,0.1147,0.1874,287.0469
19:33:11:103,0.4395,0.2999,9.1196,48.994,-0.2562,0.1874,0.2679,286.6562
19:33:11:121,0.8022,0.574,8.7976,48.0808,-0.0309,0.1256,0.328,286.4375
19:33:11:140,1.366,0.9068,8.4708,49.0737,0.0011,-0.0747,0.2766,286.0781
19:33:11:163,1.3804,0.9403,9.3902,48.8011,-0.1113,-0.3554,0.1065,285.7344
19:33:11:189,0.6525,0.3693,11.0625,47.7261,-0.1406,-0.5018,-0.035,285.375
19:33:11:199,-0.0873,-0.1634,11.5761,46.9076,-0.0181,-0.3828,0.001,285.1562
19:33:11:222,-0.2621,-0.3442,10.853,48.0479,0.0647,-0.2574,0.1584,285.125
19:33:11:242,0.3736,-0.4328,10.7082,47.1966,0.0064,-0.3223,0.2998,285.1719
19:33:11:260,1.1733,-0.6853,11.7066,45.879,-0.0658,-0.4651,0.335,285.0938
19:33:11:280,1.3421,-1.2372,12.9348,47.48,-0.0216,-0.4363,0.3123,284.8125
19:33:11:305,1.3301,-1.9447,12.8378,45.749,0.1111,-0.1876,0.3938,284.4375
19:33:11:321,1.8125,-1.9459,11.5928,46.1203,0.1585,0.0534,0.5422,284.25
19:33:11:340,2.8636,-1.4922,10.7477,47.8502,0.0304,0.1451,0.5842,283.9062
19:33:11:412,3.4753,-0.9056,10.6435,45.0358,-0.1603,0.0484,0.4007,283.4531
19:33:11:412,3.5483,-0.8266,11.6898,45.6082,-0.3177,-0.1969,0.0801,282.8281
19:33:11:413,3.1042,-1.5664,13.4232,46.2194,-0.3212,-0.244,-0.194,282.1875
19:33:11:424,2.6349,-2.0464,13.4986,45.4499,-0.1127,0.0936,-0.2706,281.7344
19:33:11:443,2.6541,-1.9591,11.1774,44.3053,0.1116,0.4183,-0.2453,281.7344
19:33:11:460,3.0575,-1.576,8.9832,48.4677,0.0927,0.368,-0.2834,282.0156
19:33:11:487,3.1904,-1.2647,8.5067,46.5315,-0.081,0.1173,-0.4166,282.3281
19:33:11:503,2.7642,-1.0816,8.9161,47.6763,-0.1824,-0.0124,-0.5713,282.6094
19:33:11:521,1.9586,-0.9391,8.8024,46.0358,-0.0956,0.0345,-0.6635,282.9844
19:33:11:540,1.0847,-0.7536,7.6747,44.8914,0.0921,0.1149,-0.6435,283.5625
19:33:11:562,0.6849,-0.3885,6.073,45.9447,0.1846,0.1411,-0.5388,284.2812
19:33:11:585,0.9147,0.0892,5.2267,45.8283,0.1111,0.0343,-0.4539,285.0469
19:33:11:603,1.0859,0.3322,5.6325,44.3978,-0.0618,-0.0536,-0.4507,285.6875
19:33:11:621,0.8381,0.4663,6.5938,46.9701,-0.1944,-0.0153,-0.4768,286.25
19:33:11:639,0.4921,0.4759,7.6484,45.6033,-0.2168,0.1384,-0.4568,286.75
19:33:11:659,0.3257,0.6542,7.9094,45.5537,-0.1321,0.3174,-0.3452,287.2656
19:33:11:679,0.9458,1.2959,8.0997,46.2624,-0.0426,0.2984,-0.2334,287.8125
19:33:11:704,1.7994,1.7891,8.7234,45.1425,0.0519,0.1541,-0.2866,288.4531
19:33:11:720,1.8436,1.7915,9.0741,44.2322,0.1073,0.0633,-0.4845,288.7188
19:33:11:739,1.141,1.2348,9.6452,43.2569,0.0517,0.0484,-0.6201,289.0469
19:33:11:760,0.2958,0.6231,10.8147,44.6104,-0.0506,0.1088,-0.5665,289.6094
19:33:11:787,-0.2309,0.313,12.3351,46.4382,-0.073,0.2188,-0.3487,289.9531
19:33:11:805,-0.1184,0.1622,13.1479,44.7977,0.0482,0.3163,-0.097,290.625
19:33:11:823,0.4646,-0.0449,13.2963,43.7486,0.2386,0.3613,0.0828,291.1719
19:33:11:846,0.8345,-0.489,12.5541,44.8535,0.4115,0.3914,0.1624,291.4219
19:33:11:859,1.0117,-0.8565,11.2624,45.8887,0.4501,0.3946,0.2234,291.4219
19:33:11:880,1.3205,-0.9092,10.0139,45.0518,0.2945,0.3434,0.2873,291.2812
19:33:11:907,1.7491,-0.8577,9.5829,44.2264,-0.0583,0.1189,0.2828,291.0625
19:33:11:920,1.7922,-1.0816,10.8722,45.229,-0.4365,-0.1897,0.2173,290.7969
19:33:11:939,1.2966,-1.3797,12.7349,44.6686,-0.5723,-0.3873,0.1725,290.4688
19:33:11:960,0.7375,-1.5724,14.084,46.0376,-0.3169,-0.3799,0.217,290.0469
19:33:11:980,0.7148,-1.6729,12.7349,43.6021,0.2296,-0.1556,0.3251,289.8438
19:33:12:003,0.9051,-1.388,9.1915,44.5857,0.5382,0.0271,0.3603,289.5938
19:33:12:021,0.8967,-1.0971,6.9158,45.9482,0.3806,0.0201,0.2881,289.2188
19:33:12:040,0.5544,-1.0888,6.4202,44.7528,0.0442,-0.1689,0.1797,288.8125
19:33:12:060,0.3161,-1.1761,7.5838,44.031,-0.2381,-0.4084,0.1315,288.5
19:33:12:090,0.3533,-1.2995,8.8658,43.9653,-0.2967,-0.5354,0.1105,288.2969
19:33:12:105,-0.0861,-1.1582,9.3315,43.5149,-0.2117,-0.5823,0.0929,288.1406
19:33:12:122,-0.3291,-1.0098,9.4285,45.4513,-0.1151,-0.5303,0.1581,288.0312
19:33:12:143,-0.1759,-0.7332,8.9903,42.4944,-0.0109,-0.3647,0.2591,287.9219
19:33:12:159,0.3245,-0.3765,7.8866,44.2553,0.0474,-0.2417,0.3318,287.7344
19:33:12:180,0.7172,0.2652,7.2905,45.5793,-0.0567,-0.1945,0.3155,287.4531
19:33:12:211,0.7926,1.6586,7.6197,44.301,-0.2471,-0.035,0.2399,287.0781
19:33:12:219,0.6801,1.6191,8.5905,44.2177,-0.4599,0.169,0.1065,286.7188
19:33:12:241,0.0444,1.1953,9.6871,43.8632,-0.5694,0.52,-0.2627,286.5625
19:33:12:260,-0.638,0.6997,10.4436,45.5338,-0.3563,0.5797,-0.2978,286.3438
19:33:12:285,-0.7098,0.2915,10.4831,43.6792,-0.0495,0.5914,-0.1782,286.4688
19:33:12:305,0.0683,0.1443,10.1491,44.7958,0.1995,0.4356,-0.031,286.7812
19:33:12:321,0.8668,-0.0964,10.312,45.1314,0.3254,0.1994,-0.0006,287.3594
19:33:12:339,1.1014,-0.7751,10.537,44.1071,0.367,0.0867,-0.0184,287.3594
19:33:12:358,1.3325,-1.4635,10.4879,43.9871,0.3089,0.12,0.0417,287.4062
19:33:12:378,1.5432,-2.1374,10.7082,44.5579,0.1808,0.1195,0.1611,287.4219
19:33:12:406,1.5527,-2.4343,11.3606,44.8819,0.0908,0.0875,0.3539,287.4375
19:33:12:419,1.8712,-2.6103,11.6599,43.7246,0.1545,0.0851,0.6151,287.3906
19:33:12:438,2.708,-2.493,10.4269,44.0312,0.3174,0.0058,0.8543,287.2188
19:33:12:459,3.6812,-1.8489,8.6516,43.4395,0.2967,-0.3181,0.9254,286.8438
19:33:12:479,4.2714,-1.3186,8.405,43.7775,-0.0285,-0.7658,0.7494,285.1562
19:33:12:504,4.245,-1.3749,10.2078,43.2876,-0.4754,-0.9762,0.4295,284.625
19:33:12:522,3.5543,-2.0752,12.7648,44.054,-0.7579,-0.8353,0.1091,283.6875
19:33:12:539,2.3764,-2.4786,14.8549,44.1022,-0.6573,-0.4739,-0.0579,282.9844
19:33:12:562,1.5312,-2.7288,14.5341,42.8275,-0.1862,-0.0968,-0.0121,282.6875
19:33:12:578,1.9873,-2.3756,11.6515,42.5494,0.2871,0.0667,0.1563,282.6875
19:33:12:599,2.9522,-1.6035,9.0227,44.1641,0.4519,-0.0989,0.1573,282.75
19:33:12:620,3.2886,-1.1726,8.0207,44.0101,0.359,-0.3551,-0.0081,282.6719
19:33:12:640,2.9378,-0.975,7.986,44.324,0.2759,-0.5029,-0.1841,282.4531
19:33:12:659,2.283,-0.8793,7.6041,44.8207,0.2892,-0.4845,-0.2973,282.3438
19:33:12:679,1.6174,-0.6327,6.8344,44.6806,0.2639,-0.2939,-0.3085,282.375
19:33:12:702,1.6952,-0.094,6.2131,42.7762,0.1531,-0.072,-0.2808,282.5625
19:33:12:721,2.0927,0.5716,6.1005,44.1288,-0.0045,0.144,-0.3282,282.875
19:33:12:738,2.3764,1.1414,6.152,43.3166,-0.0983,0.2644,-0.4999,283.2031
19:33:12:760,2.374,1.4132,6.1257,44.6854,-0.1348,0.2686,-0.7551,283.5156
19:33:12:779,1.688,1.3031,6.1149,45.5834,-0.2133,0.304,-0.9937,283.9062
19:33:12:803,0.7507,1.0517,6.8511,40.706,-0.3326,0.2646,-1.0869,284.4531
19:33:12:819,0.3138,1.0289,8.077,43.5694,-0.3987,0.2665,-1.006,285.875
19:33:12:844,0.6011,1.2229,9.3734,43.1295,-0.3683,0.254,-0.8707,287.0469
19:33:12:858,0.9255,1.5054,10.7609,43.1542,-0.2567,0.2031,-0.8137,288.2656
19:33:12:880,0.449,1.1391,12.2836,43.9295,-0.0953,0.1312,-0.7812,289.3594
19:33:12:904,-0.1806,0.489,13.7548,42.4143,0.1518,0.1544,-0.5753,290.3281
19:33:12:920,-0.438,0.0174,14.2959,42.5434,0.5481,0.2204,-0.186,291.2031
19:33:12:939,0.2599,0.0784,13.5633,42.5326,0.9092,0.2574,0.2375,292.0156
19:33:12:958,1.0236,0.5178,12.5912,43.204,1.0242,0.3197,0.4641,292.4688
19:33:12:979,1.6042,0.4782,12.0023,43.5167,0.9223,0.3706,0.4649,292.4219
19:33:13:002,1.6174,0.3226,11.442,43.5167,0.6908,0.5115,0.3664,291.9688
19:33:13:018,0.7687,0.2807,11.1918,42.5243,0.4189,0.5935,0.2812,291.4062
19:33:13:038,0.3353,0.1215,11.3438,44.1709,0.1808,0.5384,0.3214,290.9375
19:33:13:058,0.2814,-0.2987,11.5617,41.7472,0.0716,0.3432,0.384,290.3906
19:33:13:079,0.0887,-0.7213,11.8538,43.6685,0.1582,0.0007,0.4476,290.0156
19:33:13:102,0.291,-1.0026,11.2816,43.0244,0.387,-0.1479,0.5198,289.5938
19:33:13:119,0.7339,-0.8326,9.0634,42.3111,0.5348,-0.0504,0.507,289.0781
19:33:13:139,1.1841,-0.7177,6.8715,43.4297,0.3681,0.026,0.3933,288.5
19:33:13:160,1.6677,-0.4244,5.8755,43.36,-0.0658,-0.0211,0.1611,288.2031
19:33:13:179,1.5982,-0.4339,6.4693,42.2337,-0.5483,-0.2422,-0.1655,287.7031
19:33:13:202,1.1805,-0.7045,8.3846,42.9268,-0.8615,-0.472,-0.4118,287.3594
19:33:13:223,0.4742,-0.8158,10.0773,43.4115,-0.8373,-0.4377,-0.4984,287.375
19:33:13:240,-0.2812,-0.7105,9.9588,45.0463,-0.5545,-0.1676,-0.4166,287.7344
19:33:13:258,-0.3483,-0.5237,8.4265,42.6514,-0.2748,0.0627,-0.2014,288.2656
19:33:13:278,0.3964,-0.2173,6.7518,42.5757,-0.2264,0.1158,-0.0299,288.8125
19:33:13:307,0.8213,0.2664,6.7015,43.3712,-0.4013,-0.0004,0.0178,289.1875
19:33:13:322,0.704,0.3813,7.9896,43.803,-0.4911,-0.1407,-0.0067,289.2812
19:33:13:338,-0.0454,0.2915,9.298,43.8014,-0.3617,-0.1623,0.0159,289.2812
19:33:13:362,-0.4536,0.1766,9.5255,43.7127,-0.0629,-0.0297,0.173,289.2812
19:33:13:378,-0.2046,0.4184,8.3523,45.721,0.1864,0.1051,0.3778,289.25
19:33:13:398,0.8788,0.9954,7.7023,42.0522,0.2029,0.0433,0.4687,289.0625
19:33:13:420,1.6844,1.3593,8.1572,44.2944,0.0735,-0.0968,0.3363,288.625
19:33:13:486,1.4175,1.3605,9.6344,43.1241,-0.0359,-0.2379,0.1009,288.125
19:33:13:486,0.6837,0.8601,10.9704,42.6597,-0.0005,-0.2108,-0.0334,287.7344
19:33:13:487,0.2755,0.4639,11.1966,43.0044,0.0895,-0.0265,0.0159,287.6094
19:33:13:501,0.7148,0.3609,10.8327,43.8956,0.106,0.0425,0.1232,287.6562
19:33:13:524,1.7467,0.2628,11.3833,44.3682,0.0173,-0.1327,0.1403,287.6406
19:33:13:539,2.8049,-0.319,12.7109,44.2631,-0.0482,-0.3213,0.0282,287.5
19:33:13:558,2.8959,-1.0708,13.6195,45.0566,-0.0288,-0.2792,-0.1183,287.3281
19:33:13:580,2.2782,-1.7567,12.8438,44.4592,0.0325,-0.006,-0.1689,287.3125
19:33:13:604,1.5168,-1.9148,10.8506,45.0621,-0.0173,0.1839,-0.0818,287.4375
19:33:13:621,2.6146,-1.4299,11.5905,43.1537,-0.147,0.0966,0.1408,287.6406
19:33:13:639,3.4885,-1.5473,13.0234,44.8842,-0.1712,-0.4989,0.2183,287.7031
19:33:13:666,2.7618,-2.2715,13.3921,44.0892,0.0847,-0.3945,0.0242,287.5625
19:33:13:687,1.8879,-2.6989,11.5354,45.1554,0.3997,-0.0526,0.082,286.9688
19:33:13:701,2.5703,-2.4175,8.9018,47.1066,0.5023,0.1072,0.2463,286.9375
19:33:13:723,4.0415,-1.9303,7.6676,45.1719,0.3681,-0.0646,0.2098,286.9375
19:33:13:739,4.597,-1.3402,7.5538,46.5692,0.1486,-0.2406,-0.0733,286.8281
19:33:13:758,3.9637,-0.9415,7.9608,46.6452,-0.0415,-0.2257,-0.4246,286.5312
19:33:13:781,2.9007,-0.8386,7.9357,45.1258,-0.0711,-0.0244,-0.6768,286.2969
19:33:13:804,1.6701,-0.7476,6.6237,45.6603,-0.0264,0.2313,-0.7881,286.375
19:33:13:820,0.9758,-0.5417,5.1297,45.874,-0.0938,0.3866,-0.7473,286.875
19:33:13:838,0.9075,-0.1263,4.6521,45.7762,-0.2687,0.3629,-0.6645,287.5938
19:33:13:861,0.8979,0.3047,5.3835,46.213,-0.4056,0.1973,-0.6155,288.5
19:33:13:877,0.9865,0.7572,6.3831,46.88,-0.4005,0.0558,-0.5633,289.3594
19:33:13:900,1.2798,1.3198,7.0499,47.4772,-0.3308,0.0196,-0.5452,290.125
19:33:13:921,1.5312,1.8717,7.4545,47.8269,-0.2964,0.0335,-0.6134,291.4531
19:33:13:939,1.4175,2.1207,8.3343,46.855,-0.3419,0.0191,-0.7458,292.0781
19:33:13:963,0.6214,1.7376,9.6835,47.7679,-0.3792,0.0401,-0.8241,292.4219
19:33:13:977,-0.6248,1.2959,11.1547,47.798,-0.3526,0.1514,-0.7319,293.1562
19:33:13:998,-1.1324,0.8111,12.3195,47.3608,-0.2479,0.3304,-0.4467,294.0938
19:33:14:020,-0.8606,0.7751,12.6427,47.9754,-0.1079,0.5565,-0.0941,295.0156
19:33:14:039,0.139,0.9822,12.5098,45.5816,0.0344,0.5733,0.1198,295.6875
19:33:14:063,0.9231,0.6782,12.4631,45.7588,0.1414,0.3672,0.1134,296
19:33:14:078,0.9063,-0.0162,12.7145,48.6082,0.2101,0.1783,0.0338,295.9688
19:33:14:099,0.4251,-0.8924,12.8259,47.9041,0.2413,0.1711,0.0396,295.8281
19:33:14:121,0.0707,-1.2959,12.444,49.1808,0.1968,0.3224,0.1491,295.75
19:33:14:139,-0.1292,-1.2899,11.8227,49.6403,0.0543,0.4263,0.2774,295.7344
19:33:14:160,-0.0071,-1.4168,11.8562,48.4579,-0.1467,0.3118,0.3781,295.7031
19:33:14:178,0.0707,-1.7651,12.9025,49.2122,-0.2325,0.0809,0.4418,295.5469
19:33:14:207,-0.0202,-2.0321,13.8266,50.3724,0.0101,-0.059,0.5302,295.2344
19:33:14:225,0.1689,-2.1913,12.25,49.7621,0.4988,-0.0033,0.6535,294.8125
19:33:14:244,0.5005,-1.8693,8.897,50.9307,0.7356,0.0734,0.7302,294.0312
19:33:14:259,1.0727,-1.4048,6.8559,49.9985,0.527,0.0244,0.7036,293.3594
19:33:14:279,1.4522,-1.0493,6.5459,51.0751,0.1345,-0.1474,0.5304,292.5781
19:33:14:304,1.202,-0.9715,7.6963,49.6344,-0.1811,-0.3876,0.2942,291.7969
19:33:14:322,0.6286,-0.9631,8.788,50.2905,-0.2453,-0.5575,0.1419,291.0781
19:33:14:339,0.1174,-1.0409,9.2286,50.8115,-0.1489,-0.6246,0.1384,290.6094
19:33:14:358,-0.0526,-0.8074,9.0023,51.7092,-0.0439,-0.4688,0.2588,290.375
19:33:14:379,0.139,-0.4268,8.4517,49.9991,0.0189,-0.2403,0.3832,290.2344
19:33:14:404,0.5292,-0.1155,7.6484,51.3115,0.0485,-0.0568,0.4556,290.0156
19:33:14:421,0.7974,0.1814,6.9517,50.2549,0.0274,-0.0078,0.4801,289.6562
19:33:14:438,0.9865,0.4543,7.0103,52.2122,-0.0298,-0.0877,0.4665,289.1875
19:33:14:458,0.9315,0.4579,7.7358,51.1259,-0.0509,-0.1756,0.4319,288.6406
19:33:14:479,0.722,0.4232,8.3451,50.8797,0.0181,-0.1474,0.4409,288.0938
19:33:14:504,0.7603,0.4591,8.3128,51.1318,0.1404,-0.092,0.487,287.5781
19:33:14:523,1.1577,0.8027,8.0099,50.7914,0.1856,-0.0933,0.5086,287.125
19:33:14:540,1.6366,1.1031,8.4469,49.5358,0.122,-0.198,0.4284,286.2969
19:33:14:558,1.9095,1.0385,9.778,51.0854,0.0711,-0.3282,0.2655,285.75
19:33:14:579,1.5743,0.5201,11.0697,49.8235,0.1337,-0.2741,0.1504,285.25
19:33:14:603,1.0907,0.2221,11.0937,51.3811,0.2882,-0.0624,0.1683,284.9531
19:33:14:621,1.2164,0.0605,10.0689,52.631,0.3558,0.047,0.2455,284.7812
19:33:14:638,1.8245,-0.1742,9.6847,50.8361,0.2338,-0.0576,0.2897,284.5781
19:33:14:658,2.423,-0.5309,10.282,51.4782,0.0229,-0.2683,0.2567,284.4531
19:33:14:679,2.7606,-1.0157,11.8694,51.7681,-0.1401,-0.3748,0.2034,284.125
19:33:14:702,2.8085,-1.5999,12.3769,51.0804,-0.1294,-0.1548,0.1911,283.7969
19:33:14:721,2.6589,-1.5113,11.2014,49.5205,-0.1361,0.1671,0.2013,283.5781
19:33:14:743,2.4326,-1.0517,10.1467,50.767,-0.2836,0.2604,0.1728,283.3594
19:33:14:758,2.283,-0.7679,10.4592,51.3012,-0.4418,0.0164,0.1078,283.1406
19:33:14:779,2.5595,-0.7608,12.0968,51.2381,-0.4431,-0.3426,0.0314,282.9375
19:33:14:805,2.4266,-1.1965,13.4424,51.9469,-0.192,-0.5442,-0.0725,282.7812
19:33:14:823,1.9274,-1.5161,12.839,51.3954,0.1614,-0.4068,-0.0416,282.7031
19:33:14:838,2.2926,-1.3677,10.6208,51.987,0.367,-0.1905,0.0889,282.7969
19:33:14:859,3.2658,-0.9116,8.9544,52.1748,0.3241,-0.21,0.0995,282.8281
19:33:14:878,4.1553,-0.6135,8.5546,50.7087,0.1529,-0.3511,-0.0837,282.7188
19:33:14:905,4.1672,-0.5022,8.6097,51.6678,-0.0005,-0.3378,-0.3758,282.5938
19:33:14:924,3.5579,-0.416,8.3044,52.2699,-0.0687,-0.1857,-0.6435,282.6875
19:33:14:939,2.769,-0.3621,7.5131,50.1957,-0.0935,0.0449,-0.8161,283.1094
19:33:14:957,2.1741,-0.3023,6.5818,52.3526,-0.1337,0.2958,-0.8882,283.8594
19:33:14:978,1.8173,-0.0293,6.1029,51.3561,-0.1933,0.4236,-0.9074,284.75
19:33:15:004,1.6246,0.4627,7.0427,52.2818,-0.1582,0.3174,-0.9023,285.7656
19:33:15:021,1.7275,0.6147,7.4497,51.9185,-0.0562,0.2936,-0.8952,287.8125
19:33:15:038,1.3433,0.7823,7.4221,51.028,0.0016,0.3312,-0.8912,287.8125
19:33:15:060,0.9351,0.8984,7.33,51.3773,-0.0285,0.3927,-0.8496,289.375
19:33:15:078,0.479,1.0864,7.7932,51.7805,-0.1425,0.4574,-0.7769,289.375
19:33:15:104,0.2347,1.4407,8.6851,51.7778,-0.2248,0.4452,-0.696,290.8594
19:33:15:120,0.2371,1.5257,9.802,51.7778,-0.2282,0.3253,-0.6568,291.8281
19:33:15:137,0.2395,1.3713,10.9644,51.5158,-0.1651,0.2244,-0.631,292.7188
19:33:15:156,-0.1819,1.0565,11.4959,50.3965,-0.0634,0.1783,-0.5953,293.5156
19:33:15:177,-0.6439,0.4052,11.6611,52.3066,-0.0146,0.1711,-0.4621,294.2344
19:33:15:197,-0.7888,-0.2173,12.0477,50.7718,-0.0479,0.1874,-0.2432,294.9688
19:33:15:223,-0.4261,-0.5405,12.7612,50.7165,-0.0929,0.25,-0.0025,295.6406
19:33:15:238,0.2264,-0.726,13.112,52.8519,-0.0844,0.397,0.168,296.1406
19:33:15:257,0.2503,-0.4758,12.5781,50.1461,-0.0336,0.5104,0.2439,296.4219
19:33:15:277,0.115,-0.416,11.6479,52.3178,-0.0149,0.4303,0.2918,296.4375
19:33:15:299,-0.0083,-0.586,11.0446,52.3937,-0.1023,0.2231,0.3533,296.25
19:33:15:323,-0.0693,-0.987,11.7102,52.1472,-0.2059,-0.1548,0.4513,295.9844
19:33:15:340,0.388,-1.3246,12.9384,50.8082,-0.1396,-0.3961,0.5816,295.6406
19:33:15:357,0.8812,-1.6622,12.6247,51.4546,0.1036,-0.3399,0.6245,295.25
19:33:15:377,1.1385,-1.813,10.5669,51.5391,0.2642,-0.1937,0.5858,294.4219
19:33:15:399,1.2152,-1.9279,8.9927,50.4972,0.1659,-0.1761,0.4985,293.7188
19:33:15:419,0.8932,-1.8633,8.4636,51.0016,-0.0218,-0.2491,0.4207,293.0469
19:33:15:437,0.6274,-1.3892,8.6408,52.2491,-0.1473,-0.3503,0.4223,292.4219
19:33:15:458,0.8441,-0.926,8.6983,51.3719,-0.1563,-0.313,0.4505,291.8906
19:33:15:478,1.1003,-0.4675,8.3786,50.7925,-0.0578,-0.1865,0.4391,291.4219
19:33:15:503,1.439,-0.2675,7.1528,51.208,0.0951,-0.052,0.4103,290.9375
19:33:15:567,1.8185,0.1155,5.8192,49.8073,0.123,-0.0832,0.3302,290.4375
19:33:15:568,1.8676,0.1658,5.8096,51.2113,-0.0274,-0.2464,0.1752,289.9375
19:33:15:568,1.8245,0.2233,7.4964,51.2838,-0.1606,-0.365,0.0372,289.5156
19:33:15:583,1.9717,0.4806,9.3638,50.0086,-0.0567,-0.2726,-0.1005,289.2344
19:33:15:607,1.3026,0.4531,9.3183,51.3125,0.2173,-0.064,-0.2983,289.1562
19:33:15:622,-0.1328,-0.0174,7.6963,51.2556,0.3851,0.1434,-0.3553,289.1094
19:33:15:637,-1.021,-0.1478,6.4166,50.0087,0.2844,0.1573,-0.1471,289.2188
19:33:15:658,-0.7672,0.0281,6.6189,50.7778,0.0173,-0.0694,0.1464,289.7656
19:33:15:678,-0.0957,0.3011,8.7437,51.366,-0.2461,-0.369,0.3533,290.0625
19:33:15:698,0.795,0.507,11.2038,51.8141,-0.2349,-0.4454,0.446,290.0625
19:33:15:720,1.4821,0.4148,11.788,49.2038,0.0194,-0.3415,0.401,289.7656
19:33:15:737,1.785,-0.1706,10.7046,50.2891,0.1414,-0.3208,0.3222,289.2969
19:33:15:763,2.1238,-0.7404,11.1655,49.7765,-0.025,-0.4496,0.3363,288.8125
19:33:15:776,2.9594,-1.2288,13.1766,48.3739,-0.1875,-0.4856,0.3808,288.4062
19:33:15:797,3.4777,-1.4862,14.2899,50.0404,-0.1153,-0.2315,0.4111,288.0312
19:33:15:825,3.8332,-1.6287,12.8965,49.0947,0.0655,0.1845,0.4143,287.625
19:33:15:841,3.8955,-1.6299,10.6387,48.765,0.094,0.3538,0.3347,287.2031
19:33:15:857,4.0284,-1.1127,8.9449,49.006,-0.1055,0.1967,0.1682,286.7188
19:33:15:878,3.5759,-0.9164,9.2741,50.0255,-0.4815,-0.255,-0.1175,286.2812
19:33:15:898,3.0467,-1.5113,12.1998,49.7798,-0.7247,-0.6196,-0.3226,285.9844
19:33:15:921,2.2112,-2.0919,14.6155,49.2879,-0.5422,-0.4286,-0.3268,285.9688
19:33:15:939,1.937,-2.0309,13.823,47.8421,-0.0368,0.128,-0.1226,286.4688
19:33:15:958,3.2969,-1.0241,11.0326,49.7509,0.3864,0.3637,0.0258,286.8438
19:33:15:978,4.5814,-0.3932,9.1879,51.0009,0.5598,0.14,-0.1884,287
19:33:15:998,4.263,-0.1586,8.0626,48.4417,0.5345,-0.0923,-0.5972,286.9531
19:33:16:022,3.0719,-0.3585,7.4102,49.8976,0.3278,-0.0944,-0.9149,287.125
19:33:16:039,1.925,-0.4914,7.2174,49.3138,0.0927,0.1187,-1.0446,287.7812
19:33:16:057,0.9901,-0.4758,6.9289,50.6221,-0.0383,0.3376,-1.0254,288.2656
19:33:16:078,0.4909,-0.398,6.4752,50.2891,-0.0831,0.409,-0.8885,289.4062
19:33:16:102,0.3628,-0.1419,6.2179,50.2605,-0.102,0.2875,-0.7018,290.5469
19:33:16:122,0.4502,0.0293,6.3124,47.9839,-0.114,0.0793,-0.5316,291.6719
19:33:16:138,0.789,0.1287,6.8607,49.1054,-0.1308,-0.0619,-0.3907,292.5781
19:33:16:157,0.8417,0.2149,7.1324,49.5959,-0.1497,-0.0576,-0.2912,293.2812
19:33:16:177,1.032,0.4196,7.148,48.8658,-0.1944,0.0188,-0.19,293.7812
19:33:16:197,1.1864,0.5345,7.3503,48.7604,-0.2834,0.0231,-0.1199,294.1719
19:33:16:223,1.2092,0.9128,8.4529,48.3414,-0.3483,-0.006,-0.064,294.5625
19:33:16:239,1.4905,1.0469,9.8116,50.1266,-0.2663,-0.0446,-0.0962,294.7031
19:33:16:257,1.5815,0.756,10.798,49.6124,-0.1454,0.009,-0.1908,294.7812
19:33:16:278,1.2487,0.3597,11.4552,49.2979,-0.1214,0.2348,-0.2342,294.9062
19:33:16:297,0.7291,-0.2867,12.2764,47.2628,-0.1169,0.446,-0.1857,295.1094
19:33:16:323,0.5292,-0.8625,12.7097,47.2385,-0.0357,0.5184,-0.0065,295.3906
19:33:16:339,0.7794,-1.0098,12.8295,48.9092,0.1092,0.4545,0.2021,295.625
19:33:16:357,1.2918,-0.9798,12.3338,49.6676,0.2613,0.3783,0.3288,295.6406
19:33:16:377,1.5659,-0.732,11.0278,47.6232,0.2986,0.3038,0.3238,295.4219
19:33:16:398,1.4175,-0.8673,10.6938,49.6386,-0.3036,0.1083,0.0649,295.0469
19:33:16:422,0.6178,-1.5078,12.5565,47.7468,-0.612,0.0052,0.0338,294.6719
19:33:16:438,0.0588,-2.147,14.6933,49.1419,-0.5185,0.0726,0.1853,294.375
19:33:16:459,0.1845,-2.578,14.0158,47.7808,0.0192,0.3184,0.4484,294.375
19:33:16:478,0.7339,-2.1195,10.1851,49.0791,0.4938,0.3749,0.6969,294.375
19:33:16:498,1.7982,-1.485,7.3599,49.673,0.4876,0.0564,0.728,293.6406
19:33:16:521,1.9418,-1.1929,6.7733,47.8795,0.127,-0.2387,0.5131,293.6406
19:33:16:538,0.953,-1.2971,7.901,48.0172,-0.2325,-0.3426,0.3155,292.8594
19:33:16:556,0.0923,-1.4646,8.9173,48.5963,-0.3236,-0.2534,0.3331,292.0625
19:33:16:576,-0.2273,-1.1043,8.7569,48.6007,-0.1598,-0.1825,0.4894,291.4688
19:33:16:596,0.145,-0.4723,7.725,47.8155,0.0466,-0.207,0.6559,291.1094
19:33:16:616,1.3672,0.1095,6.8248,49.0093,0.1068,-0.2584,0.6817,290.7188
19:33:16:638,2.0364,0.3957,6.5758,48.8025,-0.0037,-0.3317,0.5054,290.1875
19:33:16:656,1.8951,0.3358,7.6077,47.1491,-0.1654,-0.3708,0.2679,289.4219
19:33:16:676,1.0404,-0.2532,8.6575,47.6823,-0.2019,-0.2462,0.1267,288.6406
19:33:16:696,0.0767,-0.7069,9.2082,48.959,-0.0599,-0.0672,0.2013,288.0781
19:33:16:720,-0.0442,-0.7177,8.7222,48.8112,0.1619,0.0465,0.4287,287.7656
19:33:16:740,0.8034,-0.2388,8.0303,49.5059,0.2903,0.0082,0.6199,287.6094
19:33:16:757,1.9227,0.2256,7.7442,48.3554,0.2692,-0.0643,0.5965,287.1875
19:33:16:779,2.1908,0.4555,7.8687,50.1541,0.1342,-0.1362,0.3816,286.5625
19:33:16:797,1.6306,0.1658,8.7007,48.6139,-0.0554,-0.2227,0.1509,285.8281
19:33:16:822,0.9698,-0.4256,10.1611,47.3593,-0.1909,-0.2393,0.0729,285.2656
19:33:16:840,0.8656,-0.7452,11.5521,47.5614,-0.2056,-0.1572,0.1453,284.9688
19:33:16:857,1.5132,-1.1331,12.2477,48.0503,-0.0967,-0.1058,0.25,284.875
19:33:16:877,2.5356,-1.4,12.2369,48.5741,0.0024,-0.1527,0.3073,284.7656
19:33:16:897,3.2921,-1.4587,12.4284,47.62,0.017,-0.2073,0.2838,284.5469
19:33:16:922,3.5974,-1.4958,12.262,49.2834,0.0019,-0.0704,0.2117,284.2188
19:33:16:937,3.4825,-1.6909,11.4707,47.6459,-0.0221,0.1416,0.115,283.8594
19:33:16:956,3.1341,-1.91,10.2126,48.4666,-0.0844,0.2412,0.0226,283.5781
19:33:16:977,2.6565,-1.898,9.6093,50.4121,-0.2469,0.05,-0.0744,283.3906
19:33:16:997,2.4111,-2.0476,10.8937,47.3377,-0.4298,-0.2923,-0.1604,283.3438
19:33:17:021,2.1944,-2.6402,12.9899,49.4436,-0.4088,-0.4025,-0.2038,283.3281
19:33:17:038,1.8006,-2.9024,13.6626,48.9306,-0.1212,-0.2025,-0.1279,283.4062
19:33:17:057,2.4685,-2.6342,11.9735,47.489,0.2171,0.1237,0.0417,283.6094
19:33:17:078,3.6094,-1.9423,9.529,49.0556,0.3465,0.1791,0.0188,283.9375
19:33:17:100,4.263,-1.5449,8.2852,47.9816,0.2176,0.0215,-0.2403,283.9688
19:33:17:121,3.68,-1.3581,8.1991,49.7063,-0.0149,-0.0206,-0.5798,283.8906
19:33:17:138,2.3536,-1.3557,8.2853,48.4919,-0.1704,0.1296,-0.8219,283.9844
19:33:17:156,1.1984,-1.3234,7.6412,48.64,-0.2019,0.336,-0.8797,284.4219
19:33:17:177,0.4478,-1.1558,6.9385,48.1769,-0.1992,0.3949,-0.7918,285.25
19:33:17:197,0.3533,-0.8086,6.9577,48.7902,-0.155,0.2886,-0.6366,286.2656
19:33:17:221,0.5999,-0.5177,7.3096,48.7902,-0.0317,0.153,-0.5175,287.2031
19:33:17:239,0.7028,-0.3633,7.3431,49.5526,0.0924,0.1115,-0.4637,288.0469
19:33:17:257,0.4083,-0.252,7.2977,49.0028,0.1324,0.2281,-0.4185,288.7188
19:33:17:277,0.2431,0.0006,7.2342,50.7195,0.1076,0.3637,-0.3079,289.2656
19:33:17:297,0.7136,0.4052,7.7083,49.7498,0.0708,0.3863,-0.1686,289.75
19:33:17:321,1.2571,0.8925,8.3679,51.3328,0.0972,0.3312,-0.1255,290.2031
19:33:17:339,1.621,1.0612,8.8132,49.0323,0.1638,0.1706,-0.1718,290.4688
19:33:17:356,1.8532,1.0972,9.4644,47.9857,0.1878,0.014,-0.2603,290.7031
19:33:17:377,1.7192,1.0565,10.464,51.2122,0.1689,0.0103,-0.3687,290.9062
19:33:17:397,1.1481,0.7655,11.1439,49.1027,0.1348,0.2913,-0.4342,291.2031
19:33:17:421,0.4047,0.3585,10.956,49.5324,0.0069,0.8164,-0.3865,291.6094
19:33:17:438,-0.3004,-0.0198,10.6639,50.4348,-0.2133,1.1946,-0.2097,292.1094
19:33:17:456,-0.2537,-0.3885,11.7305,49.5637,-0.3172,1.0708,0.0527,292.5781
19:33:17:477,0.3209,-0.8649,12.9839,49.2993,-0.0575,0.5453,0.246,292.8438
19:33:17:497,0.2683,-1.175,12.3039,50.1879,0.3292,-0.0052,0.3461,292.8125
19:33:17:521,0.1821,-1.0864,11.6467,48.012,0.3531,-0.3178,0.4489,292.6875
19:33:17:538,0.3664,-0.9272,12.0836,48.2379,0.1017,-0.1612,0.5246,292.3594
19:33:17:556,0.4035,-0.9463,12.5074,49.4781,-0.0991,0.2292,0.5366,291.9375
19:33:17:638,0.4801,-1.0732,12.4907,49.7941,-0.1206,0.4441,0.5248,291.375
19:33:17:639,0.6046,-1.1319,11.9185,50.3178,0.0448,0.426,0.4596,290.75
19:33:17:639,0.455,-1.2815,10.2425,48.7539,0.3079,0.1682,0.3251,290.1562
19:33:17:640,0.1869,-1.6107,8.5438,50.4796,0.3941,-0.2318,0.1757,289.625
19:33:17:662,-0.0202,-1.8489,7.9967,50.6729,0.2333,-0.5365,0.0362,289.0312
19:33:17:680,-0.4668,-2.0093,8.2541,49.3217,-0.029,-0.6552,-0.0493,288.8438
19:33:17:697,-0.5697,-1.8729,8.9413,49.1258,-0.2503,-0.6654,-0.0307,288.8125
19:33:17:718,-0.6571,-1.5281,9.565,48.2411,-0.2738,-0.6097,0.0492,288.8438
19:33:17:739,-0.4536,-1.0912,9.2561,50.3549,-0.0876,-0.488,0.1893,288.8594
19:33:17:757,0.1282,-0.9391,7.8064,48.9847,0.11,-0.3402,0.3006,288.7969
19:33:17:776,0.6597,-0.5189,6.5495,51.7085,0.1393,-0.2331,0.3621,288.5625
19:33:17:798,1.4869,-0.3118,6.34,50.6226,0.0501,-0.2499,0.3403,288.2188
19:33:17:823,1.1924,-0.3322,7.7813,50.5374,-0.2152,-0.3927,0.2125,287.8281
19:33:17:838,0.8991,-0.4328,8.8503,52.4326,-0.07,-0.2558,0.2577,287.8281
19:33:17:858,0.892,-0.3932,8.2577,51.058,0.1545,-0.0648,0.3576,287.1406
19:33:17:876,1.1194,-0.2065,7.719,50.7925,0.2032,-0.1162,0.4234,287.0156
19:33:17:898,1.2463,-0.0317,8.3834,50.2989,0.1318,-0.2696,0.4338,286.5938
19:33:17:922,1.3528,-0.088,9.4357,50.1644,0.0791,-0.3096,0.4258,286.5938
19:33:17:941,1.5109,0.0186,10.215,51.2947,0.0658,-0.2909,0.4162,286.1875
19:33:17:957,1.7874,0.2831,10.8351,49.484,0.0687,-0.2424,0.3552,285.2188
19:33:17:975,2.1034,0.1538,11.0087,50.2443,0.0652,-0.1967,0.2204,284.7188
19:33:17:994,2.1118,-0.2328,11.0146,49.3875,-0.0192,-0.2185,0.074,284.25
19:33:18:015,1.7802,-0.8853,11.8335,48.1791,-0.1662,-0.3136,-0.0161,283.8438
19:33:18:039,1.5097,-1.7484,13.082,48.5609,-0.2181,-0.3232,0.037,283.5938
19:33:18:055,2.1729,-2.4894,12.9946,50.1968,-0.1268,-0.1287,0.2141,283.5
19:33:18:076,2.5799,-2.2476,11.673,49.7343,-0.1076,0.0793,0.2918,283.5312
19:33:18:097,2.7606,-1.9076,10.7896,49.5395,-0.2162,0.0966,0.2138,283.4844
19:33:18:123,2.6266,-1.8788,10.9153,50.544,-0.3515,-0.0028,0.0503,283.2344
19:33:18:140,2.3704,-2.2464,11.7676,49.1016,-0.3659,-0.0787,-0.0872,282.9062
19:33:18:158,2.016,-2.6258,11.8634,50.3035,-0.2003,0.0215,-0.1306,282.6406
19:33:18:176,2.0352,-2.6318,10.4556,49.655,-0.0104,0.2233,-0.0965,282.6875
19:33:18:196,2.8013,-2.3242,8.8503,48.8246,0.0133,0.2995,-0.0922,282.8438
19:33:18:222,3.8608,-2.0153,7.9967,50.6341,-0.1483,0.2564,-0.2592,282.9688
19:33:18:240,3.8931,-1.6885,8.1727,49.9526,-0.3989,0.1924,-0.5804,283.0781
19:33:18:256,2.957,-1.661,8.7138,49.1557,-0.5305,0.275,-0.8672,283.25
19:33:18:277,1.5145,-1.6861,8.405,49.1267,-0.5068,0.487,-0.9711,283.7188
19:33:18:301,0.4921,-1.2109,7.4844,50.4197,-0.4469,0.6082,-0.8685,284.5781
19:33:18:325,0.1402,-0.6853,7.1779,48.9142,-0.4128,0.507,-0.676,285.7031
19:33:18:341,0.3832,-0.1718,7.6065,50.4818,-0.3095,0.3387,-0.5047,286.8125
19:33:18:359,0.7184,0.1598,7.7921,49.7278,-0.1526,0.2079,-0.4443,287.2656
19:33:18:375,0.5173,0.2628,7.974,50.1169,-0.0373,0.1682,-0.439,288.0781
19:33:18:398,-0.031,0.2029,8.1356,47.5165,0.0447,0.2039,-0.3913,288.6719
19:33:18:421,-0.2944,0.2017,8.381,48.6786,0.0831,0.2457,-0.2536,289.1719
19:33:18:438,-0.0274,0.3681,8.9066,49.2913,0.0953,0.23,-0.1063,289.6875
19:33:18:456,0.5556,0.659,9.881,48.0412,0.1305,0.2332,-0.0235,290.3281
19:33:18:476,1.1936,0.8936,10.5789,49.4839,0.2437,0.2928,-0.0541,290.5312
19:33:18:497,1.4378,0.8027,10.701,48.9482,0.3851,0.3429,-0.1836,290.6094
19:33:18:522,0.9434,0.2484,10.4771,49.1442,0.4495,0.365,-0.2989,290.6562
19:33:18:539,0.2814,-0.0162,10.4161,49.873,0.3974,0.409,-0.2576,290.7969
19:33:18:556,0.3628,-0.1646,11.0099,48.8293,0.2666,0.4393,-0.1319,291.0938
19:33:18:575,0.3521,-0.5836,11.9963,48.4758,0.2107,0.4369,-0.0272,291.4688
19:33:18:599,0.3102,-0.9715,12.8007,47.4152,0.2866,0.3829,0.1224,291.7188
19:33:18:624,0.6465,-0.9248,12.5709,47.6846,0.4365,0.3568,0.2836,291.8281
19:33:18:638,0.6741,-0.4328,11.3199,49.8021,0.4562,0.3448,0.3224,291.8125
19:33:18:656,0.5077,-0.1143,10.9368,47.3553,0.2091,0.2961,0.2761,291.5938
19:33:18:676,0.6394,-0.2604,11.8598,45.9188,-0.0746,0.2801,0.2149,291.2656
19:33:18:696,0.4466,-0.9451,13.0389,47.2872,-0.0977,0.1067,0.1169,290.9375
19:33:18:723,-0.0813,-1.6203,13.513,49.1986,0.2408,-0.0281,0.1014,290.6719
19:33:18:740,-0.3303,-2.1183,11.0506,48.9412,0.7294,-0.0126,0.1656,290.4375
19:33:18:758,-0.0382,-2.0919,7.7334,48.8503,0.8306,-0.0875,0.1901,290.3281
19:33:18:778,0.3473,-2.0093,6.0706,47.4636,0.4418,-0.2457,0.0931,290.1719
19:33:18:798,-0.1711,-2.2428,6.6931,49.1732,-0.11,-0.4816,-0.069,290
19:33:18:824,-1.1383,-2.4547,8.5127,47.9349,-0.4615,-0.6366,-0.0579,289.9219
19:33:18:841,-1.5418,-2.1614,10.1024,48.1267,-0.4192,-0.6028,0.1856,289.9844
19:33:18:857,-0.8953,-1.5844,9.9133,48.5719,-0.0631,-0.452,0.4905,290.0312
19:33:18:876,0.2347,-0.9487,8.1464,46.7532,0.2296,-0.2627,0.6711,289.9688
19:33:18:896,1.0955,-0.3669,6.5099,47.3826,0.2415,-0.1532,0.6657,289.5625
19:33:18:922,1.4354,0.1251,6.176,46.7666,0.081,-0.1719,0.5384,288.875
19:33:18:939,1.0799,0.2448,6.6871,47.1612,-0.0274,-0.2424,0.377,288.0938
19:33:18:956,0.5017,0.3154,7.2701,48.207,0.0075,-0.2555,0.3027,287.4219
19:33:18:975,0.3485,0.4794,7.0462,47.9931,0.0783,-0.1937,0.3147,286.9062
19:33:18:996,0.6238,0.7129,6.9673,48.5268,0.0216,-0.2156,0.3009,286.5312
19:33:19:025,0.7268,0.9499,8.162,47.6526,-0.1025,-0.2787,0.226,286.0156
19:33:19:042,0.5855,0.8805,9.1867,47.8227,-0.11,-0.3141,0.1472,285.6719
19:33:19:056,0.2264,0.5453,10.1587,47.0457,-0.0647,-0.4148,0.1272,285.4062
19:33:19:080,0.2479,0.173,11.296,48.6289,0.0354,-0.4227,0.2226,285.25
19:33:19:095,0.6549,0.173,11.5737,47.7404,0.1715,-0.2797,0.3334,285.0938
19:33:19:115,1.451,0.2113,10.9237,46.1506,0.2163,-0.178,0.352,284.8438
19:33:19:139,2.1729,0.0222,10.8854,47.4882,0.0874,-0.2547,0.2444,284.4531
19:33:19:158,2.4542,-0.5573,12.0047,47.6953,-0.0666,-0.3618,0.0873,284.0625
19:33:19:176,2.2985,-1.4084,12.924,48.9627,-0.1153,-0.2781,0.0061,283.7969
19:33:19:196,2.8648,-2.0452,11.6611,49.0292,-0.127,0.1184,0.1544,283.6875
19:33:19:223,3.267,-1.8777,11.1763,48.4048,-0.2171,0.1219,0.0955,283.6875
19:33:19:239,3.0815,-1.8334,11.1475,47.6266,-0.2916,0.0305,-0.0754,283.6094
19:33:19:256,2.5344,-2.2236,11.794,49.0113,-0.2842,-0.0688,-0.2211,283.3438
19:33:19:277,2.095,-2.5325,12.122,46.5457,-0.1454,0.0257,-0.2501,283.3594
19:33:19:296,2.1178,-2.5337,11.0015,48.5551,0.0567,0.2862,-0.1987,283.3594
19:33:19:324,2.7427,-2.2859,9.0729,48.344,0.1454,0.4244,-0.1921,283.6875
19:33:19:343,3.4418,-2.0441,7.6233,48.344,0.0322,0.3384,-0.3159,283.9688
19:33:19:360,3.5184,-1.7496,7.4269,49.3058,-0.2178,0.1682,-0.5521,284.2031
19:33:19:377,2.7534,-1.6598,8.0746,49.0472,-0.4112,0.1458,-0.7876,284.4219
19:33:19:394,1.6054,-1.7448,8.1679,48.5721,-0.4551,0.2897,-0.8914,284.7812
19:33:19:417,0.6525,-1.4886,7.4868,48.8265,-0.4147,0.4353,-0.8195,285.3906
19:33:19:438,0.2515,-1.078,6.7554,49.8214,-0.3846,0.4199,-0.6549,286.2969
19:33:19:454,0.4778,-0.5716,6.832,48.3936,-0.3534,0.2971,-0.4858,287.3281
19:33:19:475,0.9159,-0.0257,7.0834,47.8115,-0.2503,0.2004,-0.4046,288.2344
19:33:19:495,1.2894,0.4723,6.8595,49.6072,-0.142,0.1605,-0.4232,289
19:33:19:514,1.3768,0.8481,6.7721,48.515,-0.1358,0.1402,-0.5085,289.5625
19:33:19:538,1.214,1.0732,7.1995,50.0149,-0.2032,0.1339,-0.6206,290.0469
19:33:19:555,0.953,0.9751,8.071,49.9894,-0.2996,0.1584,-0.7138,291.0938
19:33:19:574,0.6274,0.7811,9.2166,50.7115,-0.3318,0.21,-0.7601,291.8125
19:33:19:595,0.4167,0.6674,10.1336,50.905,-0.2605,0.2324,-0.7564,292.1719
19:33:19:615,0.1821,0.4387,10.9476,49.6274,-0.1601,0.2297,-0.726,293.4688
19:33:19:639,-0.0741,0.2316,11.6599,49.9669,-0.0668,0.2883,-0.6363,293.9062
19:33:19:715,-0.3183,0.0712,12.207,49.5969,0.0232,0.3584,-0.4877,294.7656
19:33:19:715,-0.1974,-0.0796,12.7648,49.9123,0.1305,0.3946,-0.3015,295.5312
19:33:19:716,0.0935,-0.2544,13.5788,50.6225,0.2964,0.3517,-0.1721,296.2031
19:33:19:716,0.2731,-0.9355,13.4064,49.753,0.4642,0.3496,-0.0936,296.6875
19:33:19:742,0.0456,-1.0852,12.1663,49.123,0.5089,0.4199,-0.0115,296.9531
19:33:19:758,-0.8283,-1.0301,11.533,51.2464,0.3467,0.3914,0.0487,297.1406
19:33:19:779,-1.27,-1.2133,12.2716,50.4811,0.1569,0.2617,0.217,297.2344
19:33:19:795,-0.8618,-1.5449,12.869,52.1801,0.1699,0.0273,0.3909,297.25
19:33:19:816,-0.6008,-1.7196,13.1694,52.0169,0.4173,-0.4576,0.5326,297.1406
19:33:19:838,-0.1076,-1.831,12.9432,52.4749,0.8168,-0.9229,0.662,297
19:33:19:858,0.2371,-1.588,11.4324,52.509,1.1124,-0.9274,0.7291,296.5625
19:33:19:881,0.7124,-1.2204,9.0861,51.0549,1.1105,-0.5213,0.736,295.625
19:33:19:895,1.3062,-0.8613,7.0666,52.5084,0.8338,-0.059,0.6127,294.8281
19:33:19:916,1.3923,-0.5034,5.7821,50.3789,0.4213,0.16,0.3704,293.9844
19:33:19:940,1.0093,-0.1706,5.4122,50.4466,-0.0272,-0.0099,0.1352,293.25
19:33:19:954,0.9997,-0.3585,6.7278,51.6753,-0.3726,-0.4196,-0.0168,292.6875
19:33:19:976,0.9602,-0.7907,8.5869,53.19,-0.4501,-0.8081,-0.1268,292.4062
19:33:20:000,0.4825,-0.8553,10.2281,52.8133,-0.2706,-0.9229,-0.1191,292.3594
19:33:20:021,0.1749,-0.7548,10.2712,51.8337,0.0956,-0.688,0.0095,292.4375
19:33:20:038,0.3569,-0.6231,8.3619,51.3065,0.3936,-0.3192,0.1411,292.6094
19:33:20:054,0.4754,-0.1371,6.1281,52.1162,0.3683,0.0393,0.2279,292.6875
19:33:20:074,0.3353,0.5716,4.8197,52.7874,0.0778,0.1424,0.2521,292.6094
19:33:20:095,-0.1244,1.0217,5.1034,54.1325,-0.2754,-0.0086,0.2308,292.375
19:33:20:117,-0.2273,0.8422,6.899,52.1926,-0.4831,-0.2856,0.2561,292.0938
19:33:20:139,-0.213,0.4818,9.0071,54.2557,-0.4567,-0.5016,0.3432,291.8281
19:33:20:155,0.2515,0.416,10.8135,53.0749,-0.2346,-0.5604,0.487,291.5625
19:33:20:174,0.9458,0.422,11.363,54.3073,0.0676,-0.4177,0.5605,291.0312
19:33:20:197,1.1589,0.3274,10.5562,52.1613,0.2799,-0.1932,0.5512,290.5156
19:33:20:221,1.3684,0.0904,9.5111,54.8872,0.3009,-0.0981,0.5549,289.875
19:33:20:240,1.7251,-0.1419,9.5721,53.19,0.1806,-0.1823,0.5595,289.2188
19:33:20:257,2.1693,-0.6003,10.5358,53.8821,0.053,-0.312,0.5427,288.5781
19:33:20:279,2.4386,-1.0469,11.5258,55.0705,-0.0376,-0.3692,0.5486,287.9688
19:33:20:295,2.5416,-1.3246,12.6535,54.538,-0.1081,-0.3399,0.5789,287.3438
19:33:20:315,2.8792,-1.6622,13.5657,54.1022,-0.1097,-0.1903,0.6327,287.0312
19:33:20:339,3.4645,-2.0548,13.3191,53.5362,-0.0194,0.046,0.666,286.4375
19:33:20:355,3.9003,-1.904,11.5713,55.6882,0.0365,0.1773,0.6212,285.75
19:33:20:375,3.7961,-1.3509,10.7668,55.2525,-0.0929,-0.0009,0.4556,285
19:33:20:395,3.3304,-1.2037,11.515,54.2755,-0.2437,-0.2275,0.2537,284.25
19:33:20:415,2.8672,-1.3234,12.6188,54.9533,-0.2855,-0.2094,0.1312,283.6406
19:33:20:439,2.3967,-1.4,13.4412,55.006,-0.1862,0.0926,0.119,283.25
19:33:20:456,2.2531,-1.3485,12.5074,56.7336,0.1135,0.5714,0.2066,283.0156
19:33:20:479,2.4003,-0.9212,9.8522,55.299,0.4314,0.781,0.3014,282.8906
19:33:20:494,3.2694,-0.6243,7.33,56.7459,0.5571,0.5544,0.3041,282.6562
19:33:20:515,4.1337,-0.3729,5.9365,55.12,0.3854,0.107,0.1198,282.2969
19:33:20:538,4.5766,-0.1706,6.2418,54.8957,0.004,-0.1889,-0.1924,282.2969
19:33:20:555,4.2187,-0.331,7.2953,57.3562,-0.3598,-0.1029,-0.5841,281.7969
19:33:20:580,2.7606,-0.817,7.719,56.0809,-0.5654,0.2806,-0.872,282.0156
19:33:20:594,0.7675,-0.7811,6.7147,54.8461,-0.5659,0.7405,-0.7537,282.6562
19:33:20:618,0.9027,-0.4734,6.5088,55.3614,-0.5092,0.5344,-0.6177,283.6875
19:33:20:648,1.1828,-0.0916,7.3228,56.6526,-0.3835,0.1717,-0.537,284.7188
19:33:20:655,1.2595,0.0952,7.8735,57.8279,-0.1284,-0.1074,-0.5149,284.7188
19:33:20:675,1.1122,0.1706,7.7226,57.2268,0.0788,-0.1644,-0.5063,285.6094
19:33:20:695,1.1781,0.3274,7.2498,56.7181,0.0724,-0.0526,-0.4677,286.9219
19:33:20:716,1.4618,0.5249,7.707,56.5391,-0.119,0.0524,-0.4507,287.5
19:33:20:740,1.4857,0.7799,9.1029,55.0709,-0.2618,0.1839,-0.4691,288.0469
19:33:20:756,1.1745,0.8003,10.0486,55.697,-0.1883,0.2886,-0.4957,288.5781
19:33:20:774,0.9219,0.7141,10.3287,57.0331,-0.0221,0.312,-0.4731,289.0938
19:33:20:795,0.6501,0.6818,10.3131,55.7475,0.0607,0.3171,-0.4171,289.6094
19:33:20:815,0.4658,0.7356,10.7752,59.0125,0.029,0.2952,-0.3425,290.2031
19:33:20:838,0.5029,0.6866,11.4731,57.4624,0.0208,0.202,-0.2768,290.75
19:33:20:856,0.692,0.234,12.2345,58.0585,0.0184,0.0598,-0.2342,291.2344
19:33:20:874,0.9566,-0.4423,13.1467,58.4172,-0.0202,0.0526,-0.1873,291.6094
19:33:20:894,0.9015,-0.6782,13.4591,57.4784,-0.0874,0.2241,-0.1481,291.9375
19:33:20:914,0.5783,-0.7644,13.6387,58.8352,-0.2003,0.2508,-0.1191,292.2031
19:33:20:937,0.1761,-1.1175,14.5102,57.6814,-0.2658,0.116,-0.0499,292.4062
19:33:20:958,-0.2405,-1.6682,15.1422,58.036,-0.0447,-0.0289,0.0934,292.5781
19:33:20:975,-0.2944,-1.9758,13.9523,58.386,0.4301,-0.0986,0.3041,292.7344
19:33:20:994,-0.0789,-1.6502,10.9141,56.9657,0.7998,-0.2012,0.4937,292.6875
19:33:21:014,0.3245,-1.2073,8.7749,58.3989,0.8866,-0.5972,0.5621,292.5312
19:33:21:038,0.7722,-1.2228,8.2781,57.3133,0.7534,-0.969,0.4836,292.0625
19:33:21:056,0.8141,-1.406,8.4792,58.6775,0.5057,-0.9631,0.3504,291.4688
19:33:21:074,0.2982,-1.5209,8.5522,57.3923,0.2554,-0.7474,0.2591,290.8438
19:33:21:095,-0.2896,-1.5149,8.6719,58.1078,0.0692,-0.5056,0.335,290.3594
19:33:21:114,-0.2501,-1.1271,8.806,58.0033,0.0107,-0.3285,0.5541,290.0156
19:33:21:138,0.5556,-0.7272,8.7509,59.0103,0.0778,-0.2094,0.7565,289.7188
19:33:21:156,1.269,-0.3394,8.3379,58.119,0.2397,-0.1152,0.8335,289.2188
19:33:21:175,1.7407,-0.1083,7.2857,57.7906,0.4088,0.0151,0.8143,288.4531
19:33:21:194,1.8844,0.0138,5.9904,57.6409,0.4674,0.0745,0.7459,287.5781
19:33:21:215,1.9215,0.1814,5.2722,57.3075,0.3958,-0.0182,0.6585,286.6094
19:33:21:239,1.8436,0.3238,5.7103,60.2857,0.2732,-0.17,0.5608,285.6875
19:33:21:255,1.8544,0.3454,6.6931,59.4297,0.2229,-0.207,0.4756,284.8438
19:33:21:274,1.9322,0.3861,7.4581,58.9579,0.2487,-0.1705,0.3973,284.5156
19:33:21:295,2.107,0.3238,7.5969,58.3821,0.2836,-0.1319,0.3216,283.875
19:33:21:316,2.1729,0.4902,7.3982,58.7451,0.2514,-0.1122,0.2375,283.0781
19:33:21:339,2.2543,0.5142,7.3108,59.2038,0.1276,-0.2129,0.1238,282.6719
19:33:21:357,2.119,0.4196,8.3355,58.7608,-0.0951,-0.3599,0.0071,282.3438
19:33:21:374,1.9035,0.0904,9.6895,59.6045,-0.3188,-0.3271,-0.0544,282.125
19:33:21:394,1.8748,-0.4351,11.3343,59.0777,-0.5135,-0.1921,0.0069,282.0625
19:33:21:414,2.4925,-0.5979,12.7708,60.2315,-0.5944,-0.031,0.1624,282.125
19:33:21:439,3.2203,-0.4196,13.6938,58.5806,-0.5422,0.0537,0.242,282.2031
19:33:21:456,3.8296,-0.5297,13.5645,58.5806,-0.4213,0.1858,0.2457,282.1562
19:33:21:473,4.111,-0.4687,12.4811,59.065,-0.4003,0.3363,0.2138,281.9531
19:33:21:494,4.3013,-0.3645,11.849,60.1605,-0.5228,0.3413,0.1182,281.7031
19:33:21:518,4.1205,-0.5237,12.353,59.3637,-0.6786,0.2058,-0.0437,281.4688
19:33:21:539,3.9134,-0.8649,13.9236,58.5352,-0.7073,0.0537,-0.1577,281.2969
19:33:21:556,3.3376,-1.4144,15.232,59.4026,-0.4229,0.0289,-0.2563,281.2969
19:33:21:574,2.4338,-2.2296,14.3282,59.4996,0.1462,0.1458,-0.2379,281.4531
19:33:21:597,2.429,-2.3984,11.2612,59.5948,0.6378,0.1605,-0.044,281.7031
19:33:21:613,3.6046,-2.1135,8.5534,59.0254,0.8035,-0.0808,0.0572,282.1406
19:33:21:634,4.4414,-1.6335,7.1061,59.055,0.6192,-0.2837,-0.1255,282.1719
19:33:21:655,4.1457,-1.3641,6.7434,60.142,0.2373,-0.1586,-0.4645,282.0625
19:33:21:674,2.9905,-1.2959,6.4274,58.4782,-0.1081,0.2188,-0.7751,282.1719
19:33:21:698,1.5695,-1.3138,5.648,59.5713,-0.3326,0.5392,-0.9292,282.6875
19:33:21:713,0.7615,-1.1079,5.089,60.0717,-0.4573,0.5789,-0.8968,283.5781
19:33:21:779,0.619,-0.7536,5.2638,59.5657,-0.5039,0.3642,-0.8142,284.6094
19:33:21:780,0.5472,-0.4423,6.17,59.4347,-0.4509,0.0931,-0.7519,285.6562
19:33:21:780,0.5233,-0.3023,7.0247,59.3009,-0.2972,-0.0467,-0.6789,286.1562
19:33:21:795,0.3904,0.0054,7.5036,59.1226,-0.146,0.0313,-0.5604,287.0625
19:33:21:815,0.4945,0.5237,7.2043,59.5325,-0.0815,0.2497,-0.3923,287.8594
19:33:21:841,1.0572,1.0804,7.1468,60.2522,-0.1324,0.3283,-0.2741,288.5938
19:33:21:858,1.7563,1.4898,7.8459,59.1863,-0.2181,0.1863,-0.268,289.3281
19:33:21:875,2.1645,1.6993,9.3148,59.2601,-0.2727,-0.0251,-0.3828,289.6562
19:33:21:899,2.2567,1.5927,10.8423,61.2201,-0.2783,-0.1018,-0.5623,290.4062
19:33:21:921,1.2355,0.7296,12.8402,60.4374,-0.2368,0.4846,-0.7806,291.0312
19:33:21:936,0.6154,0.2245,12.7588,60.933,-0.2421,0.7019,-0.7095,291.8594
19:33:21:957,0.0336,-0.258,13.5238,61.2451,-0.1784,0.5935,-0.5415,292.7812
19:33:21:976,-0.1795,-0.8625,13.8278,59.6065,0.0812,0.4332,-0.3037,293.5781
19:33:21:995,0.0516,-1.1953,12.4631,61.064,0.298,0.3304,-0.068,293.5781
19:33:22:015,0.1725,-0.9595,11.679,62.0119,0.2056,0.2265,0.0897,294.2188
19:33:22:040,0.3473,-0.8769,12.4105,60.8388,-0.0181,0.2537,0.1784,294.5781
19:33:22:058,0.2527,-0.9942,12.9647,61.2561,-0.0743,0.3437,0.233,294.6719
19:33:22:074,-0.1292,-1.2707,12.8414,61.92,0.1127,0.2289,0.3222,294.5781
19:33:22:095,-0.2872,-1.5449,12.0944,61.3777,0.4695,0.0044,0.4902,294.125
19:33:22:115,0.0157,-1.4263,10.1467,61.5799,0.7667,-0.0688,0.6503,293.7812
19:33:22:140,0.7351,-1.1821,7.6676,60.2502,0.7776,-0.1269,0.6817,293.5312
19:33:22:158,1.439,-0.9978,6.5028,60.5786,0.453,-0.3639,0.548,293.2344
19:33:22:174,1.5923,-1.1953,7.2869,61.064,0.0067,-0.6113,0.3086,292.4844
19:33:22:193,0.789,-1.4048,8.8287,58.7539,-0.3164,-0.6342,0.1323,291.75
19:33:22:214,0.1126,-1.4623,10.0318,60.4169,-0.3646,-0.4587,0.1597,291.125
19:33:22:234,0.1294,-1.3761,9.553,60.9484,-0.1664,-0.1333,0.3272,290.7656
19:33:22:257,0.4011,-0.841,7.7813,59.4352,0.0362,0.0721,0.4713,290.625
19:33:22:277,1.2343,-0.4818,6.3723,61.1339,0.078,-0.0275,0.5286,290.4375
19:33:22:293,1.8496,-0.149,6.4489,60.4367,-0.0056,-0.2331,0.4434,290.0781
19:33:22:314,1.8065,0.2532,7.4976,60.145,-0.0895,-0.2864,0.2745,289.5312
19:33:22:340,1.5204,0.0616,8.2793,61.0868,-0.0591,-0.19,0.1035,288.9531
19:33:22:359,1.0248,-0.3178,8.0698,59.6503,0.0868,-0.0939,0.037,288.4375
19:33:22:381,0.6968,-0.4375,7.4329,58.0221,0.1787,-0.0012,0.1328,288.125
19:33:22:393,1.0583,0.0629,7.3048,59.5777,0.1358,0.0039,0.27,288.0156
19:33:22:419,1.5923,0.4435,7.8926,61.5195,0.0495,-0.1562,0.2402,287.9688
19:33:22:441,1.3612,0.3837,8.9077,60.2978,-0.0144,-0.3218,0.1392,287.6719
19:33:22:456,0.613,-0.1191,9.9971,59.0468,-0.0213,-0.3224,0.1637,287.3594
19:33:22:473,0.37,-0.4124,10.3491,60.8896,0.0117,-0.203,0.3704,287.1562
19:33:22:494,1.2523,-0.4435,10.3658,59.6476,0.0048,-0.2752,0.5637,287
19:33:22:515,2.3536,-0.6398,11.1296,60.1541,-0.0802,-0.5905,0.5821,286.7188
19:33:22:538,3.1629,-0.9798,12.6738,60.1268,-0.1435,-0.7857,0.4934,286.1719
19:33:22:557,3.5723,-1.5484,13.6602,60.7227,-0.127,-0.6129,0.3885,285.4844
19:33:22:573,3.1748,-2.0153,12.8725,60.583,-0.094,-0.2422,0.3137,284.8594
19:33:22:598,2.7678,-1.9603,11.6156,58.74,-0.1704,-0.0696,0.3406,284.375
19:33:22:612,3.0419,-1.6059,11.4755,58.9537,-0.3121,-0.1029,0.3472,283.9844
19:33:22:633,3.1281,-1.3593,12.4284,57.8018,-0.3827,-0.1247,0.2465,283.6406
19:33:22:657,2.8456,-1.4048,13.1036,57.7077,-0.2501,0.0201,0.14,283.25
19:33:22:678,2.6098,-1.5652,12.2716,59.5952,0.0344,0.2867,0.1014,282.9219
19:33:22:695,2.8875,-1.4515,10.215,58.0704,0.2695,0.4806,0.091,282.8125
19:33:22:715,3.6525,-1.2875,8.2003,58.6397,0.3068,0.3823,-0.023,282.625
19:33:22:741,4.0679,-1.1355,7.4581,57.4352,0.0964,0.0896,-0.2784,282.5156
19:33:22:758,4.1038,-1.1821,8.5367,55.7463,-0.1995,-0.1258,-0.5822,282.4531
19:33:22:774,3.3807,-1.5293,9.6691,56.4183,-0.3611,0.0311,-0.8635,282.5938
19:33:22:793,1.9406,-1.7927,9.5937,56.7894,-0.3627,0.3778,-0.9897,283.0625
19:33:22:814,0.6621,-1.7532,8.6611,58.6448,-0.2762,0.6457,-0.889,283.9219
19:33:22:834,0.0707,-1.4132,7.4533,56.2995,-0.1483,0.6862,-0.6376,285.0469
19:33:22:857,0.1078,-0.8469,6.4776,57.4675,-0.0056,0.4963,-0.3604,286.125
19:33:22:873,0.7567,-0.2304,5.909,58.5984,0.1156,0.2111,-0.1652,287.0469
19:33:22:893,1.5743,0.3262,5.6516,56.0721,0.1675,-0.0488,-0.1388,287.6406
19:33:22:914,1.7431,0.6913,6.0227,55.9666,0.1068,-0.2302,-0.2765,287.9219
19:33:22:933,1.2092,0.5728,6.9517,57.3953,-0.0077,-0.2068,-0.4206,288.0625
19:33:22:960,0.4107,0.4447,7.9405,55.9878,-0.0871,0.0617,-0.4105,288.2812
19:33:22:973,0.4155,0.6877,8.4253,58.0235,-0.1095,0.3762,-0.2603,288.6875
19:33:22:994,1.0751,0.9619,8.9413,56.4524,-0.1542,0.573,-0.1649,289.1562
19:33:23:013,1.4486,1.2839,10.1623,56.8696,-0.1494,0.6108,-0.1686,289.6875
19:33:23:033,1.3085,1.0924,11.1248,56.2128,0.0202,0.4649,-0.2472,289.9062
19:33:23:058,0.5628,0.325,11.2936,56.1547,0.2394,0.2668,-0.2307,290.1094
19:33:23:074,0.3138,-0.1969,11.3941,56.9639,0.3843,0.0497,0.005,290.4062
19:33:23:094,0.9494,-0.3334,11.6264,56.6563,0.4842,-0.1772,0.2644,290.6719
19:33:23:113,2.1549,-0.4064,11.6527,55.6241,0.4855,-0.2209,0.3981,290.6719
19:33:23:135,2.8779,-0.1574,11.199,53.5628,0.3374,-0.0944,0.3376,290.3594
19:33:23:159,2.4362,-0.0748,10.9512,56.4031,0.0804,-0.0363,0.2007,289.8906
19:33:23:176,1.7347,-0.4543,11.1715,55.1106,-0.1609,-0.0816,0.1509,289.5
19:33:23:194,1.1649,-0.999,11.3654,55.5968,-0.3771,-0.1647,0.1906,289.3906
19:33:23:213,0.9339,-1.6023,12.6966,54.9189,-0.5238,-0.1996,0.3094,289.2031
19:33:23:233,1.4678,-2.1219,13.9392,54.2908,-0.391,-0.0843,0.4135,289.0156
19:33:23:255,1.7311,-2.0716,13.1982,55.2071,0.0328,0.1464,0.3898,288.7656
19:33:23:273,1.366,-2.1649,9.9492,55.1792,0.3742,0.1661,0.2607,288.3438
19:33:23:292,0.9841,-2.2619,7.7059,54.9672,0.2743,0.01,0.1509,287.8594
19:33:23:317,0.2994,-2.1757,7.1408,54.1639,-0.0527,-0.2281,0.0726,287.3594
19:33:23:341,-0.3399,-2.232,8.3655,53.7725,-0.3185,-0.517,0.1086,287.1875
19:33:23:353,-0.4907,-2.2404,9.559,52.7797,-0.298,-0.6158,0.2519,287.1094
19:33:23:372,-0.4033,-1.6586,9.4117,54.4415,-0.1012,-0.5362,0.4465,286.9844
19:33:23:393,0.8812,-0.5142,6.8308,52.7912,0.0826,-0.1048,0.6561,286.7031
19:33:23:413,1.5755,-0.2664,5.8444,53.1393,0.0205,-0.019,0.6138,286.7031
19:33:23:434,1.9274,-0.0724,5.5583,53.5743,-0.1177,-0.1418,0.5025,286.1719
19:33:23:453,1.8149,0.0162,6.6105,53.7072,-0.2884,-0.3623,0.3712,285.4688
19:33:23:475,1.5132,-0.0425,8.5031,55.3991,-0.3396,-0.4185,0.3001,284.0312
19:33:23:492,1.2918,-0.2352,9.6871,54.0655,-0.1819,-0.2299,0.3105,283.4688
19:33:23:512,1.4019,-0.1227,8.8156,52.5746,0.0144,0.0572,0.3571,283.4688
19:33:23:532,1.852,0.1897,7.8723,54.8411,-0.0163,0.1472,0.3344,283.0625
19:33:23:557,2.1992,0.2711,8.6252,53.1718,-0.1867,0.0263,0.2109,282.7188
19:33:23:576,2.0244,-0.0605,10.3945,53.1718,-0.2237,-0.1575,0.0718,281.7812
19:33:23:593,1.3732,-0.4926,11.7604,54.0365,-0.0783,-0.248,0.0449,281.4688
19:33:23:612,1.3624,-0.9152,11.9795,54.9262,0.1108,-0.2038,0.1451,281.3281
19:33:23:632,2.0879,-1.1809,11.5581,53.1978,0.1521,-0.1647,0.2455,281.2812
19:33:23:655,2.9534,-1.485,12.0058,52.6149,0.0437,-0.1903,0.2548,281.2344
19:33:23:672,3.4717,-1.9243,12.7564,53.0154,-0.0266,-0.1487,0.2114,281.0625
19:33:23:692,3.5615,-2.329,12.4236,53.6869,-0.0112,-0.0097,0.193,280.7656
19:33:23:712,3.5471,-2.4331,11.2708,53.5412,-0.0551,0.1046,0.2042,280.4688
19:33:23:732,3.3747,-2.2583,10.7537,53.361,-0.1979,0.0116,0.1813,280.2188
19:33:23:757,3.1581,-2.2679,11.5916,53.1467,-0.3635,-0.1799,0.1368,280
19:33:23:773,2.8935,-2.5959,13.756,53.093,-0.3361,-0.211,0.0892,279.7812
19:33:23:844,2.1872,-2.9574,14.1307,53.5014,0.0919,-0.0014,0.0995,279.5938
19:33:23:844,2.204,-2.9598,11.4755,53.2376,0.5755,0.2151,0.2124,279.4062
19:33:23:845,3.3759,-2.6019,8.8,53.7104,0.7004,0.1938,0.2612,279.3125
19:33:23:859,4.5287,-2.1817,7.6927,53.2734,0.4898,-0.0078,0.0745,279.1406
19:33:23:877,4.7466,-1.7927,8.223,53.483,0.1451,-0.1322,-0.2848,278.8125
19:33:23:892,3.9948,-1.7579,9.1998,54.3283,-0.1044,0.0217,-0.6616,278.5469
19:33:23:911,2.4542,-1.8334,9.2884,53.4978,-0.1433,0.3349,-0.8837,278.625
19:33:23:932,1.2343,-1.7436,8.3367,52.5833,-0.0583,0.6004,-0.8597,279.1719
19:33:23:954,0.9111,-1.2719,7.0235,52.6866,0.0069,0.708,-0.7002,280.1094
19:33:23:976,1.0201,-0.7021,6.3627,52.444,0.061,0.589,-0.5719,281.1094
19:33:23:994,1.1302,-0.3166,6.1305,52.4171,0.1454,0.3711,-0.5135,282.0312
19:33:24:012,0.9375,-0.0712,5.9126,51.2126,0.2474,0.1751,-0.477,282.7656
19:33:24:034,0.8094,0.1945,5.6828,52.0165,0.2908,0.0686,-0.4264,283.3906
19:33:24:057,0.7208,0.3609,5.6516,52.1228,0.22,0.0872,-0.3657,283.9375
19:33:24:072,0.6908,0.574,6.2957,53.047,0.082,0.198,-0.2928,284.2031
19:33:24:093,1.1074,0.7955,7.3623,51.7223,-0.0301,0.4601,-0.2342,284.6875
19:33:24:113,1.6258,0.9751,7.9213,52.9244,-0.1193,0.8566,-0.2541,285.2656
19:33:24:133,1.5863,1.09,8.0626,53.4752,-0.2778,1.2132,-0.3452,285.5625
19:33:24:155,1.4426,0.9379,8.6635,51.61,-0.5252,1.3845,-0.4222,285.8281
19:33:24:172,1.0428,0.4088,10.0199,53.2519,-0.734,1.1688,-0.4568,286.1719
19:33:24:197,0.206,0.0389,12.3434,52.2699,-0.7241,0.5988,-0.3966,286.6562
19:33:24:214,-0.0466,-0.58,14.9375,52.5858,-0.3702,-0.0672,-0.2033,287.2031
19:33:24:232,0.2192,-0.9583,15.3841,52.466,0.1787,-0.4001,0.0266,287.7344
19:33:24:255,0.8141,-0.9607,13.823,52.7775,0.4698,-0.2773,0.1872,288.0625
19:33:24:274,1.0583,-0.7392,11.9149,54.9184,0.3742,0.0212,0.1888,288.1406
19:33:24:296,0.8764,-0.6686,11.0805,52.3676,0.0101,0.295,0.1089,287.9844
19:33:24:312,0.5723,-1.1618,11.1727,54.112,-0.3268,0.4316,0.0063,287.7812
19:33:24:331,-0.2645,-1.9878,11.5174,53.4013,-0.3883,0.2425,-0.0347,287.6094
19:33:24:353,-0.9719,-2.4762,11.8694,52.318,-0.18,-0.244,0.1035,287.5469
19:33:24:375,-0.7193,-2.4966,12.4344,52.0824,0.1268,-0.5658,0.3163,287.5938
19:33:24:392,0.0624,-2.2667,11.8191,51.5043,0.4365,-0.3871,0.4186,287.5625
19:33:24:418,0.5149,-2.2344,9.2441,52.2873,0.5513,-0.0249,0.3541,287.0781
19:33:24:431,0.4035,-2.1087,7.2318,51.4045,0.319,0.1173,0.2372,286.6094
19:33:24:452,0.1881,-2.0249,7.081,51.8463,-0.024,-0.076,0.1517,286.2188
19:33:24:473,0.0935,-2.0093,8.2242,51.3051,-0.2136,-0.4145,0.1214,285.9688
19:33:24:493,0.1234,-1.8561,8.9999,50.9353,-0.2021,-0.6076,0.1358,285.7812
19:33:24:512,0.2407,-1.5832,9.2238,50.331,-0.1108,-0.6561,0.1541,285.6406
19:33:24:533,0.2,-1.3246,8.9473,51.6481,0.0003,-0.5338,0.173,285.4531
19:33:24:556,0.4191,-1.0828,8.0482,50.9045,0.0985,-0.2867,0.2095,285.25
19:33:24:572,0.5424,-0.8745,6.8739,50.4761,0.1249,-0.055,0.2167,285.0469
19:33:24:594,0.643,-0.7272,5.9533,51.2954,0.0871,0.0793,0.2239,284.9219
19:33:24:613,1.1326,-0.5956,6.0144,51.1072,-0.0226,0.0428,0.2055,284.6719
19:33:24:632,1.372,-0.4591,7.1121,51.0012,-0.0828,-0.1258,0.1272,284.4219
19:33:24:655,1.1697,-0.2795,8.4062,50.4161,0.016,-0.2656,0.0465,284.1719
19:33:24:674,0.5376,-0.3992,8.8275,50.9353,0.2221,-0.3261,0.0119,283.9844
19:33:24:692,0.1749,-0.422,8.5103,50.7958,0.3177,-0.2712,0.0971,283.875
19:33:24:712,0.4275,-0.2831,8.4983,49.1363,0.2115,-0.1988,0.2218,283.8281
19:33:24:732,0.9817,-0.0054,9.0562,49.2554,0.0056,-0.1391,0.2806,283.7031
19:33:24:762,1.39,0.0808,10.045,49.8422,-0.1656,-0.1032,0.2452,283.4375
19:33:24:774,1.4582,-0.1131,11.102,50.931,-0.2301,-0.0907,0.1509,283.125
19:33:24:792,1.2271,-1.3066,11.9795,50.2158,-0.1673,-0.0544,0.1478,282.8594
19:33:24:813,1.2044,-1.3162,11.9209,49.6807,-0.2186,-0.0699,0.2721,282.8594
19:33:24:834,1.627,-1.4503,12.3997,50.815,-0.2972,-0.1306,0.3917,282.6875
19:33:24:858,2.7092,-1.643,13.0892,48.1876,-0.3462,-0.2555,0.4662,282.4062
19:33:24:879,3.5016,-1.6849,13.9691,48.5726,-0.3761,-0.2446,0.3949,282.4062
19:33:24:893,3.8823,-1.7699,14.5305,52.3617,-0.4032,-0.067,0.2681,282.1094
19:33:24:914,3.9099,-1.8537,14.7831,49.6633,-0.3662,0.1943,0.099,281.6562
19:33:24:937,3.3364,-2.0883,14.8645,49.1484,-0.1132,0.418,-0.065,280.6875
19:33:24:960,3.1413,-2.3529,13.8949,50.753,0.3627,0.622,-0.0983,280.3906
19:33:24:977,3.8284,-2.414,11.2481,49.0279,0.8256,0.6612,-0.0978,280.2969
19:33:24:993,4.6856,-2.1901,8.5833,48.0935,0.9896,0.4257,-0.2627,280.3906
19:33:25:012,4.986,-2.0584,7.2833,49.4475,0.8179,0.0854,-0.6097,280.5312
19:33:25:031,4.2091,-1.904,7.567,48.4515,0.473,-0.0432,-1.0041,280.6875
19:33:25:059,2.8037,-2.0309,8.2757,47.7993,0.2277,0.1227,-1.2805,280.9844
19:33:25:078,1.3528,-2.0895,8.132,47.5022,0.1731,0.462,-1.3569,281.6875
19:33:25:095,0.4778,-1.9291,7.1887,45.7617,0.2261,0.7906,-1.2406,282.8438
19:33:25:112,0.3545,-1.491,5.8779,48.3401,0.3063,0.9014,-1.0488,284.2344
19:33:25:132,0.5005,-0.9667,4.9932,47.6292,0.3662,0.7206,-0.9072,285.7969
19:33:25:158,0.5268,-0.4818,4.7526,46.1816,0.3963,0.4106,-0.8475,287.2344
19:33:25:175,0.0648,0.0281,4.8568,45.7779,0.4016,0.1703,-0.7988,288.4062
19:33:25:193,-0.5793,0.41,5.1345,47.3244,0.3891,-0.0049,-0.6659,289.4531
19:33:25:211,-0.8905,0.7344,5.7845,46.6188,0.3958,-0.2789,-0.4568,290.9219
19:33:25:232,0.0037,1.1582,6.9433,45.9672,0.4381,-0.5966,-0.2738,291.75
19:33:25:256,1.4881,1.7053,7.9908,45.2701,0.4972,-0.8366,-0.3082,292.4062
19:33:25:274,2.7654,1.8046,8.8934,45.0385,0.4831,-1.0012,-0.6195,292.8281
19:33:25:291,3.0731,1.2468,9.8427,45.5698,0.3454,-0.8971,-1.084,293.1406
19:33:25:315,2.4003,-0.0844,10.385,46.1534,0.0578,-0.3953,-1.4475,293.6406
19:33:25:331,0.9877,-1.1534,10.9332,45.7976,-0.3846,0.3879,-1.5077,294.6406
19:33:25:352,-0.2477,-1.7639,11.8335,45.119,-0.7516,1.0551,-1.2209,296.1406
19:33:25:376,-0.608,-1.7556,13.1191,44.5571,-0.734,1.3139,-0.6789,297.7969
19:33:25:393,0.3425,-1.1043,12.6319,46.0671,-0.3161,1.2148,-0.0941,299.3906
19:33:25:416,2.4745,-0.3286,10.5131,45.6746,0.0301,0.7781,0.2284,300.4688
19:33:25:431,3.7542,0.064,9.2848,46.3598,-0.0439,0.1802,0.0974,300.875
19:33:25:451,3.5064,-0.1466,9.9277,44.5642,-0.3902,-0.2427,-0.2086,300.7344
19:33:25:473,2.9151,-0.7117,11.351,46.6226,-0.6402,-0.3737,-0.4445,300.4844
19:33:25:494,2.1956,-1.1582,12.7038,45.5618,-0.6168,-0.3269,-0.5737,300.4688
19:33:25:513,2.0089,-1.3581,12.9911,44.824,-0.3563,-0.0981,-0.6235,300.6719
19:33:25:533,2.0232,-1.3174,11.7916,44.7521,-0.0879,0.3038,-0.709,301.4531
19:33:25:557,1.8879,-1.2121,9.444,43.741,0.0469,0.6281,-0.8483,302.1094
19:33:25:574,1.5947,-1.1594,7.5203,43.8362,-0.0466,0.6542,-1.0254,302.8281
19:33:25:591,1.3624,-1.1582,6.9409,44.5203,-0.2844,0.3554,-1.17,303.7188
19:33:25:617,1.4139,-1.1343,8.241,45.7713,-0.4847,-0.2227,-1.2739,304.8125
19:33:25:630,2.2806,-1.503,10.6244,44.3159,-0.5262,-0.8422,-1.3852,306.0156
19:33:25:652,1.8101,-1.5341,13.1646,43.2987,-0.3617,-1.0813,-1.5215,307.4062
19:33:25:672,1.1493,-1.3366,13.6195,43.9341,0.1111,-0.8182,-1.4784,308.8594
19:33:25:693,1.0536,-1.1606,10.7453,43.9341,0.5348,-0.198,-1.3064,310.4844
19:33:25:712,1.6198,-0.2316,7.2498,43.6031,0.4402,0.4185,-1.1823,312.0781
19:33:25:733,1.9921,0.0964,6.1819,45.4258,-0.0583,0.5475,-1.3045,313.6719
19:33:25:760,1.0248,-0.1634,8.3152,42.7943,-0.4224,0.3147,-1.4603,315.0781
19:33:25:780,-0.0921,-0.7632,10.6795,43.8818,-0.2269,0.0915,-1.4166,316.4219
19:33:25:792,-0.7672,-0.9655,10.5202,44.434,0.3268,0.0004,-1.1577,318.0469
19:33:25:811,-0.3231,-0.7452,8.6228,42.9398,0.6791,-0.1114,-0.8339,320.5156
19:33:25:831,0.7866,-0.1287,7.8519,43.7681,0.6136,-0.2124,-0.6683,321.7656
19:33:25:857,1.7802,0.1562,8.5247,42.7608,0.3771,-0.1705,-0.733,322.7344
19:33:25:902,2.0376,0.0748,9.5087,44.9441,0.2695,0.0124,-0.917,323.5156
19:33:25:903,1.9981,-0.4411,9.4321,42.7563,0.3473,0.1658,-1.0755,324.3125
19:33:25:914,1.8389,-1.0385,8.8,44.6594,0.4298,0.1506,-1.1588,325.3594
19:33:25:932,1.6186,-1.5556,8.4959,44.0054,0.3819,0.0279,-1.141,326.6094
19:33:25:957,1.5192,-1.582,9.1053,42.8856,0.2282,-0.1266,-1.0414,327.9375
19:33:25:976,1.1769,-1.6921,10.1743,43.6117,0.106,-0.268,-0.8981,329.1875
19:33:25:996,1.0045,-1.8393,11.1032,44.6497,0.0754,-0.3375,-0.6384,329.8125
19:33:26:012,2.4901,-1.9674,11.5258,43.7378,0.1041,-0.2797,-0.4083,330.9219
19:33:26:032,4.1349,-1.643,11.017,42.1686,0.1095,-0.0217,-0.4789,331.8281
19:33:26:054,3.8931,-1.4778,8.8874,43.4565,-0.1382,0.3158,-0.7569,332.3594
19:33:26:075,2.8313,-1.819,8.0794,42.5411,-0.7127,0.2649,-0.9468,332.8281
19:33:26:092,2.6541,-2.4164,10.2425,42.8537,-1.2357,-0.0699,-0.9886,333.5156
19:33:26:112,2.9965,-2.487,13.8039,42.8468,-1.2072,-0.4012,-0.9958,335.0312
19:33:26:133,3.3436,-2.2152,15.3122,42.8685,-0.5041,-0.6068,-1.0392,336.1406
19:33:26:160,3.7973,-2.1913,12.9085,42.6418,0.2852,-0.6371,-1.1388,337.25
19:33:26:178,4.3408,-2.056,9.4417,42.5713,0.4999,-0.4683,-1.3183,338.3438
19:33:26:194,4.099,-1.8453,7.0439,41.8178,-0.3388,-0.067,-1.8896,339.6094
19:33:26:212,3.2155,-1.9902,7.6771,42.9605,-0.7476,0.238,-2.1069,339.6094
19:33:26:232,2.0986,-2.2104,7.9249,43.0314,-0.894,0.5277,-2.1207,341.0938
19:33:26:260,1.4259,-1.9219,7.7418,42.6454,-0.8567,0.7288,-1.9247,344.9844
19:33:26:276,1.4354,-1.3102,7.3515,41.5917,-0.6962,0.7062,-1.6891,347.4375
19:33:26:295,1.9538,-0.659,6.9768,42.7482,-0.4951,0.4982,-1.5631,349.9062
19:33:26:311,2.2818,-0.0593,6.893,40.1625,-0.3646,0.2332,-1.6139,349.9062
19:33:26:331,2.0508,0.0976,7.0929,40.2862,-0.3164,0.0889,-1.7711,354.0469
19:33:26:351,1.4893,-0.1706,7.4521,41.5617,-0.3071,0.0588,-1.8978,355.875
19:33:26:375,0.8165,-0.5429,7.816,42.5395,-0.2951,0.0265,-1.9311,359.7031
19:33:26:392,0.2,-0.9236,8.569,39.9676,-0.2645,-0.0728,-1.8491,0.7812
19:33:26:413,-0.3518,-0.9655,9.5674,40.5059,-0.2008,-0.1578,-1.6576,2.9844
19:33:26:431,-0.2752,-0.7081,10.4005,39.3394,-0.0855,-0.1402,-1.4065,5.0625
19:33:26:452,0.315,-0.4711,10.5909,39.6728,0.037,-0.0526,-1.2297,7.0781
19:33:26:474,0.5233,-0.2987,11.0769,39.6621,0.1132,0.0247,-1.1588,7.9844
19:33:26:494,0.1533,-0.2723,11.8754,40.1946,0.2365,0.1022,-1.1098,9.5938
19:33:26:511,-0.3925,-0.0545,11.7329,38.5382,0.4216,0.202,-0.9913,10.9219
19:33:26:535,-0.4979,-0.0329,10.707,37.8817,0.4911,0.2343,-0.8597,12.25
19:33:26:558,-0.2142,-0.1562,9.978,37.3127,0.3715,0.258,-0.7319,13.5156
19:33:26:577,0.4167,-0.3418,9.5709,37.8393,0.0754,0.36,-0.6925,14.6094
19:33:26:594,0.5209,-0.8685,9.9863,37.3512,-0.2895,0.3762,-0.7604,15.5938
19:33:26:611,-0.0538,-1.4515,11.0374,35.9719,-0.534,0.2564,-0.7735,16.4375
19:33:26:636,-0.1028,-2.0536,11.6,36.7488,-0.6229,0.0188,-0.6842,18.125
19:33:26:650,-0.122,-2.4583,12.9384,35.8982,-0.6514,-0.4313,-0.5681,19.0469
19:33:26:671,-0.3506,-2.5516,14.9531,35.3736,-0.5231,-0.6281,-0.375,19.4688
19:33:26:693,-0.1088,-2.408,15.5026,36.833,-0.2341,-0.1498,-0.1005,20.1562
19:33:26:712,0.5005,-1.8968,13.2125,35.2076,0.0637,0.7384,0.1531,20.6562
19:33:26:736,0.7722,-1.3246,9.5302,35.9604,0.2248,1.2212,0.2332,20.9062
19:33:26:759,0.6226,-1.2611,6.9864,33.4439,0.2162,0.9933,0.2258,20.8906
19:33:26:777,0.3329,-1.218,6.1341,35.524,0.1033,0.3373,0.2516,20.7656
19:33:26:792,0.528,-1.3306,7.2031,34.8157,-0.0051,-0.4566,0.279,20.625
19:33:26:816,0.9698,-1.5185,9.055,33.4338,-0.0024,-0.9509,0.2695,20.4219
19:33:26:830,1.1026,-1.4204,10.2437,33.5115,0.0397,-1.0204,0.2197,20.125
19:33:26:852,0.7196,-1.145,10.9632,34.5777,0.0245,-0.7136,0.1667,19.7344
19:33:26:876,0.7268,-1.0936,10.5119,35.0428,-0.0549,0.0353,0.1587,19.3438
19:33:26:893,0.8201,-0.8984,8.9724,34.9221,-0.3377,1.0247,0.1248,19.0469
19:33:26:913,0.461,-0.5896,7.5131,33.4195,-0.7476,1.9147,0.0657,18.8125
19:33:26:932,-0.0071,-0.6662,6.6009,36.4483,-0.9856,2.2628,0.045,18.7031
19:33:26:951,-0.2453,-0.738,6.0455,35.6821,-0.9848,2.0465,0.1033,18.7188
19:33:26:973,-0.3411,-0.683,5.8264,34.5447,-0.7883,1.3459,0.1778,18.9531
19:33:26:992,-0.4273,-0.7368,6.2466,35.0674,-0.4991,0.3437,0.2101,19.1406
19:33:27:011,-0.7361,-0.9559,7.6699,35.7806,-0.1886,-0.5226,0.2532,19.1719
19:33:27:031,-0.9229,-1.1486,8.9473,36.8395,0.1526,-0.9602,0.3467,19.0312
19:33:27:052,-0.7936,-1.3509,9.1735,37.5422,0.3896,-0.8507,0.4662,18.7188
19:33:27:074,-0.7996,-1.333,8.3738,36.1789,0.3356,-0.4251,0.5683,18.2656
19:33:27:092,-0.7122,-1.2396,8.0518,36.626,0.0426,-0.1309,0.6404,17.7031
19:33:27:111,-0.1866,-1.2348,8.5486,37.2102,-0.2533,-0.1751,0.6282,17.0312
19:33:27:133,0.2695,-1.4982,9.6488,39.7539,-0.4147,-0.4885,0.4961,16.3125
19:33:27:158,0.3844,-2.3996,11.4671,39.8457,-0.4844,-0.9037,0.3512,15.5469
19:33:27:176,0.1713,-3.2603,13.774,39.6694,-0.444,-1.0457,0.3259,14.8594
19:33:27:190,0.6884,-3.9869,14.7711,40.5647,-0.2405,-0.7743,0.4386,14.2656
19:33:27:211,1.9095,-4.2383,13.6926,38.478,-0.0373,-0.3756,0.5555,13.7344
19:33:27:231,3.1245,-3.7415,11.9771,41.4042,-0.0112,-0.1088,0.5235,13.1719
19:33:27:251,3.346,-3.0748,10.9344,41.9886,-0.1742,-0.0936,0.2497,12.1562
19:33:27:274,2.3512,-3.0448,11.8502,41.5315,-0.3694,-0.1735,-0.0414,11.5312
19:33:27:296,1.7886,-3.6757,13.1742,43.6428,-0.2908,-0.0342,-0.129,11.25
19:33:27:311,1.5791,-4.2276,12.6343,43.566,0.0525,0.2417,-0.0555,11.2656
19:33:27:332,2.6421,-4.1366,10.9261,42.6265,0.3393,0.3389,0.0585,11.4062
19:33:27:356,3.8859,-3.8672,9.7493,42.8933,0.3888,0.1858,-0.0381,11.5
19:33:27:373,4.0116,-3.6338,9.7038,41.9557,0.3225,0.0201,-0.3218,11.5
19:33:27:391,2.9007,-3.4303,9.5099,42.9993,0.3665,0.0478,-0.5607,11.5781
19:33:27:411,1.7634,-3.0364,8.1177,42.9714,0.5057,0.1389,-0.6062,11.9531
19:33:27:431,1.3014,-2.3745,6.3591,43.1408,0.5196,0.1842,-0.545,12.5781
19:33:27:452,1.1385,-1.6239,5.3631,42.8758,0.3675,0.1168,-0.5162,12.9531
19:33:27:477,1.1661,-1.0505,5.4373,43.1422,0.1566,-0.0094,-0.5468,13.6406
19:33:27:493,0.9758,-0.7548,6.1041,43.7851,0.0123,-0.0816,-0.6256,14.2656
19:33:27:512,0.5005,-0.7811,6.6249,44.6077,-0.0341,-0.0694,-0.6792,14.8594
19:33:27:531,-0.1172,-0.9307,6.9672,45.2325,-0.0224,0.0074,-0.6251,15.5156
19:33:27:551,-0.6954,-0.908,7.6149,44.9401,0.0631,0.05,-0.4496,16.6094
19:33:27:575,-0.3459,-0.6566,7.5598,45.4753,0.2197,0.0627,-0.2219,17.3281
19:33:27:594,1.2044,0.1251,8.1655,44.8877,0.3055,-0.0321,-0.0845,17.8438
19:33:27:616,1.3421,0.4004,9.316,46.0207,0.2661,-0.1927,-0.1854,18.1094
19:33:27:631,1.0871,0.2137,9.9193,47.1159,0.3239,-0.0907,-0.2914,18.1875
19:33:27:652,0.4969,-0.0401,10.0354,48.1017,0.3265,-0.0121,-0.3204,18.1875
19:33:27:678,0.3305,-0.2496,10.8674,45.1475,0.2424,-0.0033,-0.2464,18.4688
19:33:27:697,0.4957,-0.3573,12.0046,47.8455,0.2019,-0.0379,-0.1737,18.7812
19:33:27:711,0.8357,-0.4926,12.9923,47.813,0.2631,-0.071,-0.1601,19.1406
19:33:27:729,0.9099,-0.7667,12.9228,48.0614,0.3547,0.0204,-0.2043,19.4219
19:33:27:750,0.7543,-1.0086,11.7497,48.9261,0.2786,0.2044,-0.2547,19.6094
19:33:27:774,-0.0681,-1.2851,11.2648,48.399,-0.0842,0.336,-0.2611,20.0156
19:33:27:793,-0.2728,-1.7974,12.3506,48.0614,-0.514,0.4281,-0.1125,20.3281
19:33:27:816,-0.3494,-2.2464,14.248,50.2013,-0.621,0.4249,0.0535,20.4844
19:33:27:829,-0.2956,-2.6055,14.6897,50.2013,-0.1808,0.3333,0.1816,20.75
19:33:27:852,-0.3925,-2.7827,12.8414,49.3242,0.425,0.1621,0.291,20.8281
19:33:27:875,-0.2692,-2.651,10.2006,49.4161,0.7713,0.1019,0.3818,20.7188
19:33:27:894,-0.201,-2.3601,7.9908,50.511,0.7915,0.1285,0.392,20.625
19:33:27:991,-0.3518,-2.1195,6.5411,50.3085,0.5792,0.1472,0.3461,20.3281
19:33:27:992,-0.4644,-2.0572,5.8863,50.3085,0.269,-0.0118,0.3083,19.9062
19:33:27:992,-0.5841,-1.916,6.2729,49.9548,-0.0658,-0.3876,0.3248,19.4844
19:33:27:993,-0.104,-1.7244,7.8172,49.6729,-0.3121,-0.839,0.3813,19.1406
19:33:27:993,0.0839,-1.382,10.0414,50.2318,-0.371,-1.1996,0.4031,18.7969
19:33:28:020,0.194,-1.1774,11.8251,49.234,-0.1491,-1.1394,0.4596,18.3906
19:33:28:030,0.358,-1.0708,10.7764,51.2877,0.2216,-0.6124,0.5182,17.9062
19:33:28:055,0.5173,-0.7249,8.0806,52.8007,0.391,-0.0062,0.5776,17.3281
19:33:28:078,1.0021,-0.4411,5.7821,51.8535,0.327,0.3296,0.5938,16.7031
19:33:28:089,1.6078,-0.1873,4.5742,51.6406,0.1201,0.2162,0.5219,15.75
19:33:28:115,2.0472,0.234,5.2458,52.0797,-0.1481,-0.2632,0.3632,15.0781
19:33:28:135,2.1657,0.4364,7.6185,51.9877,-0.2328,-0.7045,0.1352,14.4531
19:33:28:149,1.8532,-0.0018,9.3854,53.1516,-0.0173,-0.8076,-0.0893,13.9531
19:33:28:172,1.0188,-0.6147,9.2046,52.6525,0.2325,-0.4896,-0.1756,13.625
19:33:28:193,0.5999,-0.7871,8.302,53.0418,0.2357,-0.1753,-0.0757,13.5312
19:33:28:210,0.6418,-0.817,8.5079,52.986,0.041,-0.0688,0.0684,13.6562
19:33:28:234,0.8333,-0.6973,9.8235,55.9377,-0.0985,-0.1178,0.1837,13.7656
19:33:28:249,1.3265,-0.8685,10.8662,54.7201,-0.0493,-0.1849,0.2577,13.7656
19:33:28:270,1.7168,-1.0133,11.1224,54.5239,0.0631,-0.2736,0.2769,13.6094
19:33:28:293,2.0771,-1.3006,11.1475,54.9789,0.11,-0.3791,0.2561,13.3438
19:33:28:314,2.0484,-1.8956,11.3857,55.8773,0.053,-0.4187,0.2324,13.0156
19:33:28:330,2.2399,-2.5145,11.6946,55.4005,-0.0716,-0.2933,0.3123,12.6719
19:33:28:353,3.0132,-2.8677,11.448,55.5907,-0.2216,-0.064,0.3877,12.375
19:33:28:377,3.5519,-2.9838,10.6352,57.4139,-0.4834,0.161,0.3275,12.2344
19:33:28:392,3.449,-2.9119,10.6519,56.3827,-0.8317,0.197,0.1704,11.625
19:33:28:414,3.0515,-2.9538,12.4607,56.5627,-0.9987,0.0106,0.0031,11.2188
19:33:28:431,2.6505,-3.2543,14.2672,58.1075,-0.7595,-0.0643,-0.1002,11
19:33:28:450,2.3297,-3.4111,13.8063,57.0463,-0.1944,0.0915,-0.109,10.9688
19:33:28:475,2.866,-3.2555,10.7609,56.7934,0.2882,0.2444,-0.0499,11.0781
19:33:28:492,3.9793,-2.8461,8.0195,56.9512,0.371,0.0974,-0.1324,11.2188
19:33:28:509,4.5874,-2.2883,7.2953,58.643,0.081,-0.2254,-0.4232,11.3281
19:33:28:530,4.4976,-2.1207,8.6336,56.777,-0.2754,-0.3871,-0.7902,11.4062
19:33:28:550,3.2957,-2.1398,9.6906,57.4575,-0.3878,-0.2395,-1.0933,11.6562
19:33:28:574,1.542,-2.0129,9.4848,57.0971,-0.2895,0.0476,-1.1532,12.3281
19:33:28:596,0.4574,-1.6239,8.7126,57.1375,-0.1659,0.3115,-0.9362,13.4062
19:33:28:612,0.303,-0.9451,7.8591,56.5278,-0.0642,0.4758,-0.644,14.75
19:33:28:630,0.7603,-0.428,7.3288,57.8236,0.0402,0.4854,-0.4334,15.9375
19:33:28:650,1.1493,-0.0892,6.9086,58.5925,0.2024,0.3853,-0.3436,16.8906
19:33:28:675,1.4498,-0.0437,6.2598,55.4699,0.3537,0.2044,-0.3274,17.8125
19:33:28:692,1.6665,-0.021,6.0155,57.6094,0.3705,0.0132,-0.3508,18.2188
19:33:28:710,1.5336,-0.1251,6.5363,56.6049,0.2511,-0.047,-0.3884,18.5938
19:33:28:730,1.6186,-0.0425,7.7801,57.354,0.1001,0.0372,-0.3777,18.9844
19:33:28:750,2.1956,0.1383,9.2154,56.4616,-0.0178,0.2103,-0.3846,19.3906
19:33:28:774,2.5188,0.5058,10.7154,59.4817,-0.0578,0.4582,-0.4648,19.8281
19:33:28:792,2.3069,0.5393,11.4576,58.7972,0.0463,0.6116,-0.6081,20.2812
19:33:28:811,1.8101,-0.0545,11.521,59.2558,0.1989,0.52,-0.6946,20.8438
19:33:28:830,1.0368,-0.5034,11.9951,58.0999,0.2701,0.311,-0.6182,21.5938
19:33:28:851,0.5101,-0.1909,13.167,58.3136,0.3063,0.2609,-0.4094,22.4375
19:33:28:876,0.7244,-0.1143,13.8985,59.322,0.4397,0.3988,-0.228,23.1719
19:33:28:892,1.2295,-0.5453,13.1958,57.7839,0.6543,0.5435,-0.1338,23.4062
19:33:28:910,1.2966,-0.7907,11.4121,59.5528,0.7489,0.6276,-0.1034,23.7812
19:33:28:930,0.9506,-0.8326,9.7948,58.3474,0.6458,0.5379,-0.0967,24.0156
19:33:28:950,0.5604,-0.8948,9.3483,58.6156,0.3931,0.2729,-0.0603,24.1719
19:33:28:975,0.5472,-1.0181,9.9971,59.302,0.1233,-0.0076,-0.0051,24.375
19:33:28:993,0.3784,-1.6155,12.8701,60.7021,-0.0802,-0.4981,0.021,24.4688
19:33:29:010,0.1917,-1.9267,13.8278,60.7967,0.1774,-0.2651,0.0905,24.4688
19:33:29:031,-0.1639,-1.965,11.6431,59.9655,0.5947,0.205,0.2,24.4688
19:33:29:050,-0.4404,-1.6275,7.992,61.3186,0.7492,0.4185,0.2985,24.4531
19:33:29:076,-0.5805,-1.3425,5.8336,59.7628,0.5475,0.2524,0.3573,24.3906
19:33:29:094,-0.6607,-1.0325,5.2937,61.4447,0.1936,-0.194,0.4165,24.0625
19:33:29:112,-0.3076,-0.7811,6.7649,59.6494,-0.1009,-0.7554,0.4902,24.0625
19:33:29:129,0.4801,-0.6554,8.6935,60.2048,-0.1814,-1.0779,0.5235,23.3281
19:33:29:148,0.9362,-0.4471,9.9504,61.8265,-0.0554,-1.0731,0.4673,22.8594
19:33:29:171,0.8788,-0.3502,9.7625,60.7038,0.1806,-0.7943,0.3957,21.6406
19:33:29:192,0.7447,-0.5776,8.3224,61.6919,0.3659,-0.4294,0.4021,21.6406
19:33:29:209,0.6442,-0.2544,6.9146,60.0115,0.3649,-0.186,0.4727,20.5938
19:33:29:234,0.9207,0.0569,6.4489,61.2891,0.2597,-0.1074,0.5331,20.3594
19:33:29:249,1.2906,0.4148,6.4824,62.3475,0.1585,-0.0283,0.5453,19.8281
19:33:29:270,1.6677,0.7464,6.4944,62.2518,0.1023,0.006,0.4782,19.25
19:33:29:292,1.7479,0.8673,6.6464,60.1374,0.0336,-0.0355,0.3563,18.625
19:33:29:310,1.6737,0.8254,7.2641,61.6264,-0.0546,-0.1317,0.2601,18.0156
19:33:29:329,1.5611,0.8733,8.3152,62.6951,-0.1481,-0.2028,0.2082,17.75
19:33:29:350,1.6138,0.9212,9.6715,62.1681,-0.1811,-0.1812,0.1845,17.3594
19:33:29:375,1.7503,0.7931,10.7142,63.5955,-0.1361,-0.0124,0.1451,17.0625
19:33:29:393,1.7431,0.5046,11.0075,63.5129,-0.1028,0.2668,0.1099,16.8281
19:33:29:410,1.8963,0.1155,10.7728,64.3065,-0.1587,0.4273,0.0926,16.625
19:33:29:430,1.8712,-0.513,10.956,63.3038,-0.3079,0.3224,0.0572,16.4688
19:33:29:450,1.6366,-1.1319,12.4021,64.3937,-0.44,0.026,0.0876,16.3594
19:33:29:477,1.7132,-1.8178,14.3952,63.9768,-0.3478,-0.1753,0.2215,16.2812
19:33:29:494,2.3883,-1.9662,14.6012,65.1721,-0.0051,-0.1157,0.4295,16.25
19:33:29:510,3.4945,-1.6215,12.6391,66.443,0.2415,-0.0848,0.4852,16.0781
19:33:29:529,4.2714,-1.2911,11.3067,65.5552,0.1425,-0.1929,0.3043,15.7031
19:33:29:549,4.2785,-1.321,11.7545,66.4414,-0.1241,-0.2318,-0.011,15.1562
19:33:29:577,3.358,-1.7555,12.869,65.1044,-0.2336,-0.0483,-0.2805,14.6562
19:33:29:592,2.2243,-2.1374,12.8283,65.7955,-0.069,0.2675,-0.3282,14.4688
19:33:29:610,1.9574,-2.1554,11.2337,66.2961,0.2109,0.4934,-0.1753,14.6562
19:33:29:629,2.7894,-1.9052,9.3148,66.7047,0.3904,0.4119,-0.0315,15.0469
19:33:29:649,3.7949,-1.5101,8.1332,65.7785,0.3766,0.1267,-0.0611,15.375
19:33:29:675,4.1564,-1.0349,7.9812,66.312,0.2511,-0.0912,-0.2496,15.4844
19:33:29:691,3.753,-0.738,7.816,65.2426,0.1646,-0.0688,-0.5053,15.5
19:33:29:709,2.8744,-0.6542,6.9744,65.8885,0.126,0.0878,-0.6922,15.6406
19:33:29:730,2.1501,-0.5584,5.763,67.9463,0.0517,0.239,-0.7625,16.0625
19:33:29:751,1.7634,-0.3238,5.2231,66.6253,-0.1252,0.2513,-0.7881,16.7344
19:33:29:775,1.4558,-0.1012,5.6887,66.9578,-0.2871,0.2497,-0.8046,17.5781
19:33:29:793,1.2319,-0.1107,6.0335,67.2686,-0.3073,0.2396,-0.8051,18.4688
19:33:29:809,0.886,-0.0377,6.2765,68.798,-0.2775,0.2343,-0.7553,19.3594
19:33:29:830,0.7926,0.1083,6.4728,67.6982,-0.2298,0.2401,-0.6395,20.2969
19:33:29:850,0.9291,0.4495,6.7087,67.8286,-0.2232,0.2292,-0.5442,21.2188
19:33:29:876,1.1481,0.9439,7.2701,69.1883,-0.2495,0.2369,-0.5093,22.0469
19:33:29:892,1.4845,1.3533,7.6053,68.3158,-0.2754,0.238,-0.5567,22.6875
19:33:29:909,1.6665,1.9686,7.986,68.3158,-0.3641,0.287,-0.7101,23.3125
19:33:29:929,1.4989,2.147,8.5558,68.1973,-0.523,0.406,-0.9498,23.9219
19:33:29:950,0.6549,1.6131,9.3602,69.0309,-0.7201,0.5701,-1.1394,24.6094
19:33:29:975,-0.8618,0.7655,10.7214,70.13,-0.8674,0.6284,-1.1141,25.5781
19:33:29:996,-2.5988,-0.1921,13.1407,69.8972,-0.8503,0.3536,-0.8044,26.8438
19:33:30:074,-3.1363,-0.8924,16.6003,70.3439,-0.5063,-0.0598,-0.1918,28.1562
19:33:30:075,-1.3933,-1.0888,17.2791,70.4122,0.2032,-0.1317,0.4348,29.3438
19:33:30:076,0.1797,-0.58,14.4228,68.9098,0.7124,-0.0321,0.6617,29.9688
19:33:30:076,0.7052,-0.5501,11.4983,71.2033,0.6091,-0.0129,0.5595,29.5
19:33:30:093,0.6106,-0.8649,11.096,69.0081,0.0743,-0.0552,0.4236,28.7344
19:33:30:113,0.528,-1.1594,13.0964,69.804,-0.3369,-0.1567,0.3445,28.0781
19:33:30:129,0.5891,-1.5365,15.426,71.8715,-0.2125,-0.2659,0.2697,27.5938
19:33:30:150,0.5604,-1.8777,15.6761,71.1907,0.3848,-0.2086,0.2393,27.2188
19:33:30:176,0.3209,-1.7304,12.9527,71.6223,1.0437,0.0161,0.267,26.8906
19:33:30:194,0.2575,-1.6801,9.0514,70.8827,1.3739,0.1384,0.2918,26.5938
19:33:30:211,-0.0023,-1.4587,5.8875,72.2669,1.2333,0.1365,0.2977,26.2812
19:33:30:239,0.0288,-1.0469,4.3073,70.6921,0.6932,-0.0568,0.3097,25.9531
19:33:30:249,0.3054,-0.7811,5.0698,72.6646,0.0658,-0.4153,0.2865,25.5938
19:33:30:269,0.7016,-0.8182,7.0594,70.4317,-0.3475,-0.6779,0.2482,25.2656
19:33:30:290,0.7363,-0.7452,8.9341,72.0385,-0.4381,-0.619,0.2023,24.9219
19:33:30:316,0.4849,-0.7236,9.3375,72.1034,-0.2333,-0.3658,0.1901,24.625
19:33:30:331,0.5005,-0.5932,6.7829,72.0323,0.0882,-0.174,0.3328,24.2812
19:33:30:354,0.71,-0.5273,6.4178,72.7124,0.0008,-0.2968,0.4045,24.0312
19:33:30:377,0.7782,-0.4447,7.0307,72.2164,-0.135,-0.3676,0.4647,23.4844
19:33:30:392,0.8608,-0.2652,7.9608,70.8452,-0.1965,-0.2971,0.5312,23.4844
19:33:30:411,1.0727,-0.1826,8.6923,70.8991,-0.13,-0.206,0.5781,23.0312
19:33:30:429,1.3923,0.0317,8.7401,69.7289,0.0024,-0.1032,0.6157,22.5
19:33:30:449,1.6785,0.246,8.5498,71.567,0.0418,-0.0808,0.5893,21.8906
19:33:30:469,1.5755,0.2628,9.0095,72.5506,0.0003,-0.1439,0.5278,21.2656
19:33:30:493,1.4953,0.1694,9.9205,72.3408,-0.0104,-0.2422,0.4969,20.5469
19:33:30:510,1.7898,0.1311,10.6771,70.9833,0.025,-0.2627,0.4692,19.2656
19:33:30:529,2.1357,0.0652,10.9189,72.2605,0.0511,-0.2246,0.3754,19.2656
19:33:30:548,2.18,-0.264,10.9584,71.9166,-0.02,-0.2041,0.226,18.7031
19:33:30:567,2.1202,-0.811,11.6611,72.8948,-0.164,-0.1801,0.128,18.1562
19:33:30:590,2.2818,-1.3868,12.3913,72.5239,-0.2221,-0.1005,0.1347,17.7188
19:33:30:609,2.7008,-1.6873,12.037,72.1545,-0.2077,-0.0172,0.1842,17.4531
19:33:30:629,3.2024,-1.4682,11.5306,71.1868,-0.249,-0.0132,0.1563,17.3125
19:33:30:648,3.2934,-1.2779,11.2984,73.5903,-0.3539,-0.0694,-0.0171,17.0781
19:33:30:669,2.9246,-1.5544,11.7868,72.7407,-0.5031,-0.1881,-0.2291,16.8906
19:33:30:693,2.2746,-2.0452,13.1562,73.4951,-0.5926,-0.1951,-0.3348,16.7969
19:33:30:711,1.6521,-2.3433,14.7221,72.8094,-0.4277,0.0276,-0.2597,16.9688
19:33:30:737,1.7275,-2.3266,13.7177,71.7876,0.0535,0.4204,-0.0595,17.3125
19:33:30:748,2.4554,-1.8166,10.6519,71.9502,0.4549,0.5349,0.1009,17.7031
19:33:30:769,3.6537,-1.321,8.2841,72.3511,0.5638,0.2814,0.0844,17.8438
19:33:30:792,4.1708,-0.8948,7.2809,72.8077,0.4173,-0.0195,-0.1439,17.9375
19:33:30:811,3.8237,-0.6985,7.2534,72.8676,0.1712,-0.0683,-0.4374,17.8438
19:33:30:834,2.672,-0.6267,7.1947,70.8176,0.0072,0.1136,-0.6693,17.7344
19:33:30:848,1.4857,-0.5872,6.5794,72.3147,-0.0362,0.3256,-0.7375,17.875
19:33:30:869,0.783,-0.3825,5.7282,70.267,-0.0304,0.4651,-0.6549,18.375
19:33:30:892,0.8764,-0.076,4.8568,70.0337,-0.0397,0.4108,-0.5282,19.1094
19:33:30:911,1.3385,0.3992,4.8604,71.0571,-0.138,0.1909,-0.4834,19.9688
19:33:30:934,1.3241,0.5824,5.8061,70.4272,-0.2434,-0.0195,-0.545,21.0469
19:33:30:947,0.9326,0.4591,6.8978,70.2313,-0.2937,-0.035,-0.5798,21.625
19:33:30:969,0.3604,0.4639,7.8184,72.1102,-0.2937,0.071,-0.521,22.2188
19:33:30:992,-0.0406,0.4172,8.8467,72.1198,-0.2671,0.1309,-0.3868,22.8906
19:33:31:010,0.1737,0.6494,9.8499,71.2263,-0.1832,0.1882,-0.2142,23.5
19:33:31:028,0.7256,1.0241,10.1037,70.4511,-0.0916,0.1469,-0.1548,24.0625
19:33:31:049,0.9303,1.1031,10.6806,70.0926,-0.1009,0.0297,-0.2283,24.4062
19:33:31:070,0.5544,0.8374,11.7197,69.1725,-0.1326,0.0497,-0.2973,24.6094
19:33:31:093,-0.0023,0.4004,12.4153,69.7759,-0.0847,0.1722,-0.2699,24.8281
19:33:31:110,-0.4488,-0.0114,12.5206,70.321,-0.0088,0.2936,-0.1172,25.1406
19:33:31:129,-0.2561,-0.2903,12.8342,70.7159,0.0338,0.3424,0.1043,25.4844
19:33:31:149,0.4406,-0.3585,13.2508,70.6322,0.086,0.3416,0.2527,25.7344
19:33:31:170,0.7459,-0.5441,13.185,70.6635,0.134,0.3027,0.2633,25.7656
19:33:31:192,0.4933,-0.6518,13.252,69.4715,0.1097,0.279,0.2942,25.5625
19:33:31:210,0.5819,-0.8733,13.2891,68.7767,0.1457,0.3038,0.3667,25.1562
19:33:31:230,0.6573,-1.1534,12.1663,70.1564,0.2639,0.2952,0.4247,25.0156
19:33:31:249,0.6968,-1.151,11.035,68.802,0.2953,0.0628,0.4876,24.4375
19:33:31:269,1.2056,-1.0995,11.1679,67.0468,0.2226,-0.0872,0.5014,24.2344
19:33:31:294,1.7778,-1.2947,10.7393,67.8354,0.2397,0.0087,0.377,23.7188
19:33:31:309,1.5611,-1.8585,9.2178,68.1027,0.2597,0.042,0.1584,23.1406
19:33:31:333,0.7136,-2.3517,8.1631,67.844,0.1656,-0.0912,0.033,22.6094
19:33:31:348,-0.3818,-2.384,7.8196,67.4379,0.053,-0.3218,0.0796,22.3281
19:33:31:370,-0.8031,-2.0117,8.2446,67.684,-0.0221,-0.5708,0.3123,22.2344
19:33:31:393,-0.0789,-1.6047,8.7162,66.5074,0.0056,-0.6289,0.5677,22.1875
19:33:31:414,0.5927,-1.0229,8.3008,67.4607,0.1071,-0.4459,0.7017,21.9688
19:33:31:435,1.2762,-0.6877,7.0762,67.0116,0.1521,-0.2041,0.7379,21.4219
19:33:31:448,1.9478,-0.4172,6.1927,66.1795,0.0668,-0.0885,0.6734,20.6406
19:33:31:469,1.9741,-0.1071,6.1413,64.263,-0.1036,-0.1317,0.5147,19.8281
19:33:31:495,1.5216,-0.0784,7.0642,69.175,-0.2112,-0.19,0.3802,18.625
19:33:31:511,1.0583,-0.1227,7.6077,66.8314,-0.1396,-0.1349,0.3419,18.0312
19:33:31:529,0.8764,-0.1167,7.0043,65.9591,-0.0242,-0.1037,0.3613,17.6094
19:33:31:549,1.1769,0.0413,6.7601,65.8934,-0.0708,-0.1796,0.3768,17.2188
19:33:31:568,1.5061,0.2616,7.7214,65.7587,-0.1912,-0.3018,0.3347,16.7969
19:33:31:593,1.4845,0.2688,9.0119,65.4922,-0.1771,-0.3895,0.2527,16.3594
19:33:31:611,1.4247,0.1179,9.608,66.2023,-0.0354,-0.3873,0.2119,15.9844
19:33:31:629,1.5324,-0.0054,9.7433,65.6296,0.0663,-0.349,0.2082,15.6875
19:33:31:649,1.7563,-0.0904,9.7409,66.4555,0.0445,-0.3032,0.1882,15.4219
19:33:31:669,2.1262,-0.1454,10.0558,64.7389,-0.1068,-0.2885,0.1288,15.1719
19:33:31:694,2.5332,-0.6039,10.9871,63.8879,-0.2991,-0.3271,0.0122,14.9375
19:33:31:712,2.2207,-1.4323,12.766,64.89,-0.4376,-0.3817,-0.0821,14.7656
19:33:31:730,1.7623,-2.2248,13.7871,63.3731,-0.3702,-0.2217,0.0236,14.7344
19:33:31:749,2.0699,-2.7252,13.1012,63.2047,-0.2045,-0.0981,0.2545,14.7969
19:33:31:769,2.7654,-2.6067,12.1878,64.1728,-0.13,-0.1738,0.4196,14.8594
19:33:31:793,3.1629,-1.9339,12.7026,62.7748,-0.192,-0.2976,0.388,14.8594
19:33:31:811,2.6685,-2.3074,13.5669,62.7199,-0.3132,-0.0342,0.0692,14.0938
19:33:31:828,2.2076,-2.5552,13.0677,61.716,-0.1348,0.3325,0.0766,14.0938
19:33:31:849,2.6864,-2.5277,11.3953,62.7976,0.0892,0.4979,0.1616,13.3906
19:33:31:870,3.7147,-2.2895,9.96,62.0236,0.2093,0.3229,0.1355,13.2969
19:33:31:895,4.5826,-2.05,9.4548,61.6681,0.2384,-0.0081,-0.0563,13.2969
19:33:31:912,4.5635,-1.8166,9.2812,61.601,0.2221,-0.1594,-0.3569,13.1406
19:33:31:931,3.7351,-1.8094,8.8215,61.1231,0.2104,-0.027,-0.6227,13.0156
19:33:31:948,2.5356,-1.8142,7.8088,59.9296,0.2149,0.2263,-0.7444,13.0625
19:33:31:969,1.5252,-1.4084,6.4022,59.5217,0.1622,0.4713,-0.7085,13.4531
19:33:31:993,1.22,-0.9475,5.3571,60.5189,0.0173,0.5158,-0.6075,14.1406
19:33:32:012,1.3157,-0.58,5.2374,58.9959,-0.1579,0.4335,-0.5386,14.9531
19:33:32:028,1.4821,-0.1395,5.9365,58.9959,-0.2317,0.3006,-0.5247,16.1562
19:33:32:048,1.3193,0.1538,6.6416,59.5893,-0.1784,0.194,-0.5537,16.8594
19:33:32:069,0.9805,0.2735,6.9541,58.2798,-0.077,0.1245,-0.5394,17.4688
19:33:32:093,0.7136,0.3202,7.567,60.5634,-0.0333,0.1099,-0.4477,18.1094
19:33:32:167,0.7004,0.7296,8.5151,58.301,-0.0181,0.1589,-0.2794,18.7656
19:33:32:168,1.0763,1.3186,9.4836,58.3575,0.0421,0.1634,-0.1375,19.3125
19:33:32:168,1.8185,1.8082,10.0354,57.8151,0.1619,0.1128,-0.1165,19.75
19:33:32:169,2.356,1.9878,10.4317,56.8662,0.2189,0.0683,-0.2411,19.8906
19:33:32:188,2.2662,1.722,11.2134,58.2337,0.2125,0.1216,-0.4211,20.0625
19:33:32:210,1.5168,1.1151,11.7161,56.9606,0.2349,0.2449,-0.533,20.1875
19:33:32:228,0.8237,0.4627,11.715,58.2327,0.2847,0.2659,-0.488,20.4531
19:33:32:248,0.6154,-0.0413,12.1435,56.2058,0.3297,0.1411,-0.3431,20.9375
19:33:32:268,0.6178,-0.3825,12.6571,56.5483,0.412,0.0926,-0.1836,21.5312
19:33:32:292,0.8141,-0.6363,12.2441,56.1876,0.5097,0.2763,-0.0757,22.4844
19:33:32:310,0.6358,-0.6171,10.6316,54.398,0.4626,0.4702,-0.0427,22.5938
19:33:32:328,0.1857,-0.3573,9.9373,53.7065,0.1649,0.553,-0.0134,22.7188
19:33:32:352,0.0516,-0.4399,10.9141,55.1741,-0.1784,0.5877,0.0172,22.8125
19:33:32:367,-0.0083,-0.8242,12.3865,54.579,-0.2772,0.5544,0.0332,22.8281
19:33:32:389,-0.3698,-1.3066,13.0174,52.5858,-0.1033,0.3245,0.1163,22.8438
19:33:32:412,-0.347,-1.6191,13.3658,52.3162,0.2328,0.0079,0.2777,22.8594
19:33:32:430,-0.4344,-1.8214,12.2213,49.7863,0.7012,-0.2161,0.4122,22.8125
19:33:32:448,-0.3854,-1.9124,9.5769,53.0176,0.9707,-0.3663,0.5254,22.5938
19:33:32:469,-0.195,-1.7148,7.4329,51.2491,0.8437,-0.443,0.6079,22.2031
19:33:32:493,-0.1771,-1.2408,6.5854,51.3355,0.4418,-0.5005,0.6708,21.6562
19:33:32:510,0.1665,-0.9068,7.0858,50.2676,0.0581,-0.533,0.7528,20.9688
19:33:32:528,0.7902,-0.4387,7.798,50.9051,-0.0788,-0.5271,0.8098,20.2656
19:33:32:548,1.1206,-0.0341,7.5885,50.8185,-0.0461,-0.4912,0.7834,19.4375
19:33:32:569,1.2978,0.3142,7.0486,48.8993,-0.0075,-0.4124,0.7659,18.5312
19:33:32:593,1.8389,1.2205,6.9433,50.2166,0.024,-0.3248,0.7435,17.6562
19:33:32:610,2.6696,2.317,7.3563,49.9837,0.1435,-0.305,0.6362,16.3125
19:33:32:628,3.5256,3.143,7.6568,49.2314,0.3651,-0.305,0.3597,15.4531
19:33:32:648,4.0846,3.1238,7.4928,49.2026,0.5425,-0.3021,-0.1255,15.0625
19:33:32:669,3.6824,2.311,7.4138,48.2038,0.5159,-0.2331,-0.6917,14.4844
19:33:32:691,1.9598,0.9164,7.16,48.3602,0.2647,-0.0315,-1.0848,14.2969
19:33:32:708,-0.213,-0.1239,7.9345,46.8456,-0.1465,0.2377,-1.0997,14.7344
19:33:32:728,-1.4137,-0.4926,9.5913,47.1412,-0.3984,0.4942,-0.7572,15.7188
19:33:32:748,-0.9911,-0.6566,11.2804,48.5403,-0.3481,0.5496,-0.3284,17.0156
19:33:32:769,-0.0681,-0.738,12.1866,46.7303,-0.102,0.4638,-0.0246,18.1406
19:33:32:795,0.3784,-1.0564,12.019,46.1704,0.1675,0.2846,0.1776,18.7656
19:33:32:812,0.5053,-1.0768,11.3343,44.9436,0.2698,-0.0022,0.3869,18.9531
19:33:32:828,0.7555,-0.9894,11.6742,46.3581,0.2136,-0.3213,0.5986,18.8594
19:33:32:848,1.3504,-1.0504,12.4284,46.4236,0.1635,-0.4318,0.7627,18.5312
19:33:32:869,1.7766,-1.2372,12.4775,44.7379,0.1404,-0.2662,0.8447,17.9844
19:33:32:893,1.718,-1.2276,11.4671,44.1404,0.0906,0.0239,0.9121,16.7188
19:33:32:911,2.034,-0.7069,10.4376,44.5839,-0.0522,0.206,0.9869,15.75
19:33:32:928,2.793,-0.1012,10.3682,44.2266,-0.2474,0.2082,0.9312,14.75
19:33:32:953,3.0599,0.1981,11.2086,45.0803,-0.3329,0.0707,0.7147,13.625
19:33:32:967,2.8648,-0.0652,12.2704,44.7217,-0.2037,-0.0981,0.4777,12.5625
19:33:32:988,2.6852,-0.2855,12.4045,43.3441,0.0661,-0.0792,0.3547,11.7969
19:33:33:012,2.8672,-0.0173,11.0099,43.3946,0.3167,0.1333,0.3046,11.2656
19:33:33:031,3.8045,0.4842,8.8994,42.6278,0.3862,0.2148,0.1983,10.8594
19:33:33:048,5.0315,0.9128,7.7861,43.0406,0.1912,0.054,-0.0997,10.5
19:33:33:069,5.247,0.8984,8.1428,43.5644,-0.1539,-0.1708,-0.5788,10.2656
19:33:33:094,4.1325,0.2688,9.0538,40.9655,-0.4083,-0.2012,-1.0246,10.375
19:33:33:111,2.3333,-0.3873,9.3842,42.6942,-0.485,0.0625,-1.2177,11.0469
19:33:33:127,0.9374,-0.6638,8.6803,42.3985,-0.432,0.4609,-1.0906,12.1875
19:33:33:149,0.4131,-0.2795,7.3096,41.2305,-0.363,0.7498,-0.7814,12.875
19:33:33:169,0.6118,0.2783,6.4142,41.4816,-0.2943,0.6391,-0.4938,13.5938
19:33:33:194,1.275,0.9116,6.0179,41.5441,-0.187,0.255,-0.3173,15.7344
19:33:33:210,1.3397,0.9487,6.0993,39.6444,-0.1198,-0.4132,-0.2251,16.3281
19:33:33:231,1.3277,0.9523,6.5495,38.9296,-0.2424,-0.4899,-0.2395,16.9688
19:33:33:253,1.1733,1.0744,7.901,40.7982,-0.4064,-0.3602,-0.2629,17.2031
19:33:33:267,1.1565,1.096,9.9001,39.3937,-0.4104,-0.0954,-0.2957,17.2031
19:33:33:288,1.2164,0.9798,10.7249,38.1505,-0.1931,0.193,-0.3298,17.4688
19:33:33:312,0.947,0.8841,10.0474,37.0029,0.004,0.3472,-0.3322,18.1094
19:33:33:330,0.5244,0.7201,9.8594,37.7159,0.0242,0.2886,-0.2738,18.1094
19:33:33:346,0.2276,0.6734,10.361,37.5923,0.0152,0.1743,-0.1327,18.5
19:33:33:367,0.5556,0.9176,10.786,36.2847,0.0676,0.0116,0.029,18.8906
19:33:33:389,1.2702,1.1163,11.0972,35.6166,0.1292,-0.174,0.0961,19.2031
19:33:33:409,1.6737,1.0708,11.5078,35.8144,0.1441,-0.252,0.0572,19.3594
19:33:33:428,1.688,0.8757,11.6156,35.1444,0.1156,-0.1559,-0.0158,19.3281
19:33:33:447,1.3002,0.8278,11.4109,34.9048,-0.0043,-0.0174,-0.0563,19.1406
19:33:33:467,1.2906,0.586,11.4767,34.3522,-0.2237,0.0476,-0.0698,19.1406
19:33:33:488,1.1517,0.0054,12.2165,34.1326,-0.4525,-0.0294,-0.1338,19.1719
19:33:33:512,0.4861,-0.8745,13.7381,31.7135,-0.4938,-0.2739,-0.1572,19.25
19:33:33:531,-0.0298,-1.6718,15.3098,31.6471,-0.2152,-0.3695,-0.0762,19.3594
19:33:33:547,-0.4428,-2.6869,14.3522,32.0894,0.2826,-0.0124,0.0319,19.5625
19:33:33:568,-1.2209,-3.1586,10.9596,30.1549,0.5819,0.3672,0.1459,19.6875
19:33:33:594,-1.6531,-3.6913,8.2541,31.3891,0.5438,0.2404,0.332,19.7031
19:33:33:612,-2.1367,-3.6087,7.6101,29.3473,0.4216,-0.5319,0.5568,19.6094
19:33:33:628,-2.2612,-3.3513,8.3655,30.7836,0.3944,-1.3306,0.8612,19.5
19:33:33:647,-1.1335,-2.5516,9.2968,31.4066,0.4112,-1.5621,1.2356,19.1094
19:33:33:668,0.6669,-1.4024,9.4668,31.0231,0.4424,-1.2723,1.4463,18.4688
19:33:33:694,2.0639,-0.3286,8.9544,31.5039,0.4535,-0.7221,1.3933,17.4375
19:33:33:711,2.6146,0.2544,7.8387,31.1364,0.4519,-0.1343,1.1861,15.9688
19:33:33:728,2.4338,0.5034,6.2514,29.6643,0.3886,0.3496,0.9957,14.3438
19:33:33:747,2.107,0.6698,4.9046,31.2599,0.2682,0.6055,0.8958,12.7031
19:33:33:768,1.8927,0.6937,4.1181,31.2371,0.1649,0.5805,0.8551,10.6875
19:33:33:794,1.864,0.8625,3.7447,31.3151,0.1116,0.3565,0.8362,9.6406
19:33:33:809,2.2567,0.908,3.7506,30.8581,-0.0013,0.0971,0.7512,8.625
19:33:33:827,2.5859,0.6255,4.409,30.8033,-0.2828,-0.0755,0.6268,7.6562
19:33:33:847,2.8564,0.7225,6.3603,32.9873,-0.6716,-0.161,0.568,6.7812
19:33:33:867,3.2586,0.8098,9.1424,32.0902,-0.9041,-0.1956,0.5201,6
19:33:33:889,3.9829,1.1115,11.5031,31.9862,-0.902,-0.1088,0.4471,5.3594
19:33:33:911,4.9262,1.4347,13.009,31.0434,-0.7995,0.075,0.3006,4.7969
19:33:33:929,5.5846,1.4192,13.7859,32.6865,-0.6706,0.2961,0.0601,4.3281
19:33:33:949,5.3344,1.0852,13.446,29.7054,-0.5582,0.4633,-0.211,3.9531
19:33:33:967,4.36,0.7153,12.9599,30.8746,-0.542,0.507,-0.3804,3.7969
19:33:33:988,3.334,0.4639,13.4316,30.2961,-0.539,0.4811,-0.3801,3.9375
19:33:34:011,2.8899,0.2688,13.9248,31.7736,-0.351,0.4777,-0.2363,4.3594
19:33:34:029,3.6237,-0.1083,13.2424,32.5144,-0.0802,0.3743,-0.1005,4.8906
19:33:34:047,4.5611,-0.3142,12.7169,32.5242,0.0328,0.1083,-0.1588,5.4375
19:33:34:069,5.0327,-1.0409,13.2353,31.3864,0.024,-0.1216,-0.4283,5.5781
19:33:34:093,4.6245,-2.0105,13.8219,32.5009,0.017,-0.1655,-0.791,5.7656
19:33:34:111,3.2885,-3.155,14.5904,31.6824,0.0698,-0.0198,-1.0813,6.2188
19:33:34:128,2.1549,-4.2934,14.7747,31.3631,0.3268,0.4068,-1.0856,6.6094
19:33:34:150,2.1968,-4.8321,12.4272,31.3631,0.8059,0.834,-0.8504,7.7031
19:33:34:235,3.3508,-4.3257,8.6659,30.9219,1.11,0.8484,-0.6565,8.9844
19:33:34:236,4.4078,-3.4447,6.328,30.1211,0.9904,0.5251,-0.7449,10.0781
19:33:34:236,4.3707,-2.718,5.9234,30.7161,0.6253,0.1578,-1.031,10.9219
19:33:34:237,3.5376,-2.402,6.8104,30.8584,0.2959,-0.0099,-1.2992,11.6875
19:33:34:250,2.3045,-2.1877,7.2653,30.9955,0.172,0.0987,-1.4294,12.6719
19:33:34:268,1.3073,-1.7795,6.6811,29.6963,0.1505,0.348,-1.3886,13.9375
19:33:34:288,1.0344,-1.2384,5.569,30.1619,0.0655,0.5863,-1.2669,15.5312
19:33:34:310,0.9602,-0.5668,4.9633,29.1202,-0.11,0.6566,-1.1684,17.1562
19:33:34:327,1.0739,-0.0461,5.2327,27.8609,-0.2578,0.5717,-1.1277,19.3281
19:33:34:347,1.0296,0.3693,5.7187,29.4655,-0.3124,0.4497,-1.1482,20.6719
19:33:34:368,0.6274,0.6614,6.1245,28.9743,-0.3076,0.3291,-1.1783,21.9844
19:33:34:387,0.2491,0.7691,6.6141,28.7784,-0.2906,0.2164,-1.1482,23.2344
19:33:34:411,-0.0861,1.0098,7.379,28.4978,-0.2717,0.1011,-1.0406,24.5938
19:33:34:430,0.1964,1.2468,8.3116,29.0878,-0.2477,-0.0464,-0.9183,25.9219
19:33:34:447,0.6154,1.3438,9.4776,28.9662,-0.2157,-0.101,-0.8539,27.0469
19:33:34:468,0.9231,1.339,10.5071,29.2427,-0.1622,-0.0108,-0.8451,28.1094
19:33:34:489,0.8872,1.2205,10.9524,29.7568,-0.1108,0.2132,-0.8403,29.0781
19:33:34:510,0.5663,1.1378,11.0182,29.9396,-0.1065,0.4207,-0.7886,30.0469
19:33:34:527,0.6154,1.0229,11.2972,30.1774,-0.13,0.4779,-0.685,30.9688
19:33:34:548,0.9111,0.7165,12.1435,30.1091,-0.1076,0.3863,-0.6259,31.8906
19:33:34:570,0.8991,0.2711,13.1012,28.2767,0.032,0.3144,-0.6248,32.6875
19:33:34:594,0.5855,-0.3023,11.527,30.1615,0.1281,0.6529,-0.5796,33.375
19:33:34:612,0.0959,-0.6339,10.5957,28.5791,-0.1204,0.7442,-0.6123,33.75
19:33:34:627,-0.4297,-1.2324,11.0482,28.1677,-0.3981,0.3749,-0.5505,33.75
19:33:34:648,-0.5254,-1.9315,13.6243,28.4521,-0.4629,-0.1325,-0.3916,34.8281
19:33:34:667,-0.4129,-2.2368,16.0473,29.9188,-0.0021,-0.2211,-0.2105,35.4844
19:33:34:688,0.1665,-2.3601,13.7476,28.3085,0.7896,0.1552,-0.0387,36.2188
19:33:34:711,0.8213,-1.922,8.9796,28.0645,1.0983,0.3831,-0.0046,36.8438
19:33:34:733,1.39,-1.6119,6.407,28.5484,0.7494,0.1762,-0.1591,37.4844
19:33:34:747,1.3708,-1.6622,6.8392,26.567,0.1425,-0.252,-0.4227,37.5625
19:33:34:766,1.0811,-2.1697,9.3555,29.6994,-0.2799,-0.6443,-0.6275,37.625
19:33:34:787,0.3664,-2.5049,11.6982,28.3344,-0.2906,-0.7884,-0.6888,37.8438
19:33:34:810,-0.4404,-2.5349,12.2381,29.0394,0.0229,-0.6635,-0.5527,38.3281
19:33:34:828,-0.5458,-2.1685,10.7297,27.4206,0.391,-0.4209,-0.2563,39.0156
19:33:34:848,0.1067,-1.3641,8.5247,26.3754,0.5883,-0.154,0.0194,40.3438
19:33:34:866,0.8489,-0.5776,6.644,27.4273,0.5654,0.1456,0.1427,40.5312
19:33:34:887,1.3492,0.3011,5.3021,27.7205,0.3638,0.4372,0.1078,40.6562
19:33:34:911,1.5348,0.7488,4.6676,26.3642,0.0471,0.6593,-0.0531,40.5469
19:33:34:929,1.2583,1.066,4.3647,26.7445,-0.2309,0.7666,-0.215,40.3906
19:33:34:947,0.9111,1.3042,4.3779,27.834,-0.3814,0.5155,-0.3593,40.3594
19:33:34:968,0.8513,1.2372,4.9597,26.4377,-0.5175,0.0944,-0.4794,40.5156
19:33:34:988,0.8896,0.999,6.3268,27.0883,-0.6631,-0.2819,-0.5692,40.8438
19:33:35:010,0.7291,0.6099,8.2014,28.267,-0.7436,-0.6129,-0.6304,41.3125
19:33:35:028,0.6441,0.1107,10.379,27.1988,-0.7452,-0.7389,-0.636,41.8906
19:33:35:047,0.9255,-0.0796,12.3183,25.7253,-0.6645,-0.5767,-0.5836,42.1875
19:33:35:069,1.3588,-0.1191,13.2736,27.5138,-0.4642,-0.2318,-0.5742,42.8594
19:33:35:085,1.3481,-0.5309,12.5733,26.2415,-0.2605,0.0468,-0.6121,43.5312
19:33:35:105,0.9159,-0.7679,11.8047,27.6955,-0.2083,0.1389,-0.5503,44.1562
19:33:35:130,0.7722,-0.7751,11.928,26.3941,-0.1912,0.0872,-0.3772,44.7656
19:33:35:148,1.1445,-0.6662,12.1507,26.5679,-0.0527,0.0516,-0.1692,45.4688
19:33:35:173,2.0089,-0.5142,11.2169,25.8679,0.1209,-0.0001,-0.0264,46.3438
19:33:35:195,3.0144,-0.3262,10.3024,25.1467,0.1254,-0.1634,-0.0531,46.6562
19:33:35:214,3.7889,-0.3394,10.4891,25.8215,-0.041,-0.3181,-0.2968,46.75
19:33:35:230,4.008,-0.7225,11.2541,25.8506,-0.2197,-0.3394,-0.6832,46.75
19:33:35:247,3.9553,-1.5449,12.0022,25.3785,-0.3188,-0.2944,-1.0786,46.9062
19:33:35:266,3.3328,-2.4247,12.5541,25.4922,-0.3071,-0.3074,-1.4278,47.4219
19:33:35:289,2.6577,-3.3465,13.5118,26.7743,-0.22,-0.2164,-1.6345,48.4219
19:33:35:311,2.6469,-4.0791,13.6255,24.8647,0.0408,0.1261,-1.6816,49.7656
19:33:35:327,3.2275,-4.3796,11.7521,25.2046,0.3249,0.459,-1.6819,51.5312
19:33:35:346,3.7734,-4.109,9.7804,24.6511,0.3974,0.5709,-1.7418,53.4531
19:33:35:366,3.7662,-3.7224,8.6264,25.0775,0.3691,0.4678,-1.8504,55.3906
19:33:35:387,3.2335,-3.0891,8.0219,24.9565,0.4266,0.2052,-1.9002,57.2812
19:33:35:409,2.9294,-2.22,7.2366,23.4448,0.5484,-0.1122,-1.8792,59.375
19:33:35:426,2.9689,-1.3521,6.4477,23.6511,0.5675,-0.3303,-1.8712,61.5469
19:33:35:447,3.1222,-0.5632,5.8911,22.2969,0.4466,-0.399,-1.9506,64.6719
19:33:35:467,3.1545,-0.0916,5.7642,23.6377,0.2405,-0.4379,-2.1455,66.7969
19:33:35:487,2.8468,-0.1179,6.1951,22.0434,0.0208,-0.3873,-2.366,69
19:33:35:512,2.2914,-0.4208,6.6344,23.1507,-0.1667,-0.2337,-2.5418,71.3125
19:33:35:529,1.4402,-0.5656,6.9972,21.7769,-0.2871,-0.023,-2.6094,72.6406
19:33:35:547,0.9853,-0.732,7.494,20.8108,-0.3225,0.0774,-2.561,75.4531
19:33:35:566,0.8943,-0.7021,7.8878,21.4547,-0.2764,0.0292,-2.4686,78.4219
19:33:35:587,0.9398,-0.6518,8.3846,20.9414,-0.261,-0.1016,-2.411,81.2656
19:33:35:611,0.4969,-0.7608,9.2992,19.5187,-0.3276,-0.1056,-2.3735,84.1562
19:33:35:629,-0.5984,-0.9619,10.6878,21.6233,-0.3481,0.0721,-2.223,86.9531
19:33:35:647,-1.3574,-1.0098,11.2217,20.2675,-0.217,0.3746,-1.8832,89.5781
19:33:35:667,-1.2856,-0.5154,10.4353,21.7769,-0.073,0.6281,-1.4723,92.25
19:33:35:687,-0.6248,0.3621,9.547,21.9673,-0.0647,0.622,-1.186,94.6562
19:33:35:715,-0.0789,0.7919,9.6823,18.8324,-0.1521,0.3829,-1.1202,96.5938
19:33:35:731,-0.2154,0.5956,10.3,19.9493,-0.2003,0.0614,-1.1511,98.7188
19:33:35:747,-0.4356,-0.1371,10.8219,19.9081,-0.1859,-0.2813,-1.1362,100.0156
19:33:35:766,-0.6344,-1.0696,11.1523,20.5967,-0.2637,-0.4321,-1.0483,101.2656
19:33:35:786,-0.614,-1.5173,11.5605,21.7691,-0.5603,-0.2196,-0.9162,102.5625
19:33:35:811,-0.4416,-1.9124,12.5852,20.9313,-0.9651,0.0715,-0.8097,103.75
19:33:35:829,-0.1878,-2.4008,14.6239,20.0768,-1.1923,0.2212,-0.7205,104.8281
19:33:35:846,-0.796,-2.5648,16.4878,20.9952,-0.9273,0.2838,-0.6022,105.75
19:33:35:867,-1.4244,-2.6139,15.7204,19.5946,-0.1976,0.2934,-0.3314,106.6406
19:33:35:886,-1.2628,-2.3517,12.5278,20.0985,0.5143,0.2233,0.0599,107.3906
19:33:35:910,-0.1052,-1.9088,9.2405,20.5915,0.8791,0.0159,0.3592,107.7969
19:33:35:929,0.8991,-1.4,7.2055,20.7873,0.8341,-0.2382,0.4252,107.7344
19:33:35:947,1.305,-1.1486,6.905,20.9916,0.5574,-0.4156,0.3366,107.2812
19:33:35:967,1.3038,-1.1977,7.3862,20.2271,0.2922,-0.4273,0.2303,106.7812
19:33:35:989,1.196,-0.89,7.9728,19.0325,-0.0035,-0.3658,0.0985,106.3438
19:33:36:011,0.9075,-0.5896,8.5378,19.8553,-0.0716,-0.3583,0.0764,106.1719
19:33:36:028,1.0153,-0.4304,8.9329,23.2704,-0.0146,-0.2946,0.0886,105.8281
19:33:36:052,1.0847,-0.3909,8.636,21.2447,0.131,-0.1455,0.0921,105.6094
19:33:36:067,1.1003,-0.3597,7.4892,22.7015,0.2719,-0.0821,0.1051,105.4844
19:33:36:086,1.2032,-0.3502,6.565,22.3212,0.2692,-0.2241,0.1339,105.4844
19:33:36:112,1.1817,-0.0952,6.7386,21.9631,0.1356,-0.4323,0.1786,105.375
19:33:36:130,1.3672,0.0616,7.6017,23.67,0.0107,-0.4861,0.2338,105.0469
19:33:36:149,1.6174,0.185,8.3355,24.6643,-0.0743,-0.3258,0.2663,105.0469
19:33:36:165,1.858,0.4435,8.6192,25.3164,-0.1084,-0.1005,0.2676,104.8281
19:33:36:185,1.9981,0.5333,8.5007,25.4267,-0.1207,-0.0582,0.2002,104.5312
19:33:36:210,1.791,0.3502,9.1364,26.9039,-0.1622,-0.1852,0.1243,104.2188
19:33:36:229,1.4713,0.1155,10.0618,27.3187,-0.2115,-0.1317,0.1224,103.9219
19:33:36:247,1.4414,0.0796,10.5047,27.2321,-0.2972,0.1285,0.1533,103.7031
19:33:36:320,1.8389,0.0233,10.5981,27.2321,-0.4639,0.4039,0.1288,103.5781
19:33:36:320,2.2028,-0.1742,11.3271,27.2046,-0.6389,0.4441,0.0258,103.375
19:33:36:321,2.1166,-0.6794,12.7385,28.1336,-0.6285,0.2494,-0.1074,103.25
19:33:36:334,1.6258,-1.4371,13.4364,29.1676,-0.3838,0.0846,-0.1255,103.2344
19:33:36:347,1.5791,-2.1087,12.5433,30.0983,-0.0855,0.0963,0.0207,103.3594
19:33:36:366,2.1441,-2.0871,10.9129,30.6714,0.0317,0.1253,0.1842,103.5469
19:33:36:386,3.0611,-1.8417,9.8954,30.5925,-0.0463,0.0161,0.1805,103.6406
19:33:36:410,3.7518,-1.6861,9.7541,31.8322,-0.2661,-0.1202,-0.0259,103.5312
19:33:36:428,4.4078,-2.0201,10.6902,32.8791,-0.58,-0.1796,-0.371,103.3125
19:33:36:452,3.5651,-2.5851,12.8151,31.6968,-0.7566,-0.1578,-0.7529,103.2031
19:33:36:465,1.6892,-3.2711,14.9986,33.348,-0.4807,0.0335,-0.8717,103.2656
19:33:36:486,0.8991,-3.6637,13.9416,32.7633,0.1827,0.352,-0.5982,103.7188
19:33:36:512,2.1046,-3.1992,10.6962,33.658,0.7225,0.3762,-0.2413,104.5625
19:33:36:531,3.5795,-2.408,8.3451,33.9267,0.8687,0.0835,-0.2051,105.6094
19:33:36:545,3.8608,-1.9231,7.8208,33.7819,0.7191,-0.2004,-0.427,106.3125
19:33:36:567,3.1844,-1.6777,7.883,34.2891,0.5388,-0.1735,-0.6539,106.5625
19:33:36:588,2.1836,-1.485,7.215,34.5893,0.3984,0.0774,-0.7775,106.9219
19:33:36:613,1.3876,-1.2348,6.2849,35.6895,0.2442,0.2905,-0.7721,107.4844
19:33:36:629,1.056,-0.8805,5.8204,34.8053,0.0882,0.3179,-0.6933,108.2812
19:33:36:648,1.0715,-0.5357,6.158,36.6291,0.0136,0.1349,-0.6238,109.1406
19:33:36:666,1.1864,-0.3047,6.7003,37.27,0.057,-0.0965,-0.6051,109.9844
19:33:36:688,1.0967,0.0138,6.9984,37.0773,0.1262,-0.2097,-0.6275,110.75
19:33:36:712,0.953,0.1179,7.3671,37.3191,0.1369,-0.2113,-0.6368,111.4062
19:33:36:729,0.7986,0.3825,8.0123,37.9129,0.1177,-0.1114,-0.6006,112.0938
19:33:36:748,0.8297,0.6004,8.4109,39.5802,0.106,0.0417,-0.549,112.7969
19:33:36:772,0.9111,0.8362,8.6001,38.7363,0.1087,0.1706,-0.5039,113.4688
19:33:36:785,1.0021,1.09,8.5905,39.749,0.0871,0.198,-0.5018,114.1094
19:33:36:806,0.7555,1.1893,8.8862,39.2718,0.0218,0.1602,-0.5242,114.7031
19:33:36:829,0.3521,1.1175,9.5159,41.6637,-0.065,0.1208,-0.5087,115.2812
19:33:36:847,0.0193,0.7991,10.2677,40.4988,-0.1103,0.0617,-0.4174,115.8281
19:33:36:865,-0.3291,0.5609,11.3115,41.7026,-0.1079,-0.0883,-0.252,116.7344
19:33:36:887,-0.1495,0.3837,12.5721,40.9387,-0.028,-0.2643,-0.0288,117.2188
19:33:36:912,0.6142,0.2771,13.592,41.7851,0.1196,-0.3096,0.1531,117.5
19:33:36:929,1.5312,0.0605,13.6674,42.8905,0.2373,-0.1317,0.1944,117.5156
19:33:36:945,1.9143,-0.5716,12.7756,43.6033,0.1694,0.1893,0.0865,117.4375
19:33:36:966,1.5324,-1.1654,12.1507,44.0209,-0.123,0.4305,-0.027,117.2031
19:33:36:986,0.8381,-1.6849,12.8474,43.3698,-0.4109,0.5253,-0.0627,117.0156
19:33:37:011,0.1102,-2.1183,14.0696,43.035,-0.3236,0.4926,0.0047,117
19:33:37:029,-0.116,-2.6414,13.4866,43.537,0.1646,0.3514,0.1888,117.0938
19:33:37:045,0.1605,-2.6222,11.357,43.4635,0.6115,0.197,0.4146,117.2031
19:33:37:069,0.7256,-2.3745,9.0179,44.7938,0.7646,0.1357,0.5475,117.125
19:33:37:086,1.0655,-2.0728,7.063,43.7606,0.6165,0.0814,0.5448,116.7656
19:33:37:110,0.9602,-1.7508,6.1568,43.9966,0.2477,-0.0861,0.4849,116.1875
19:33:37:129,0.9614,-1.6107,7.0056,45.5952,-0.1723,-0.3373,0.4537,115.5156
19:33:37:148,1.0512,-1.2144,8.7761,43.5597,-0.4035,-0.4763,0.4644,114.625
19:33:37:166,1.4642,-0.8805,10.1611,43.8367,-0.3571,-0.5346,0.4455,114.125
19:33:37:186,1.2978,-0.6482,10.4963,45.3798,-0.119,-0.4433,0.3821,113.6094
19:33:37:213,0.9566,-0.5979,9.4189,47.1264,0.1513,-0.2435,0.3826,113.1094
19:33:37:231,0.868,-0.3262,7.8375,45.1807,0.3113,-0.0182,0.4351,112.6875
19:33:37:247,0.9746,-0.1239,6.3531,45.7369,0.3619,0.0691,0.4761,112.2188
19:33:37:266,1.202,0.0473,5.3691,45.6638,0.3015,-0.0771,0.4745,111.7031
19:33:37:289,1.2523,0.2975,5.4745,46.7562,0.176,-0.2965,0.4322,111.1406
19:33:37:314,1.3576,0.3645,6.1125,46.3722,0.086,-0.4089,0.3592,110.5938
19:33:37:329,1.2822,0.3107,6.4896,46.1444,0.0205,-0.3921,0.2668,110.0781
19:33:37:347,1.2068,0.0772,6.7362,48.2272,-0.0871,-0.3985,0.2039,109.6562
19:33:37:365,1.1062,-0.0892,7.5885,47.571,-0.245,-0.4776,0.1941,109.3438
19:33:37:387,1.5935,-0.8086,10.2102,45.6145,-0.3526,-0.5751,0.2135,109.125
19:33:37:413,1.931,-1.0134,10.6747,46.12,-0.3659,-0.5418,0.2399,108.9062
19:33:37:429,2.5009,-1.2348,10.5286,46.9493,-0.3148,-0.2899,0.2905,108.7969
19:33:37:446,3.0827,-1.5592,10.859,47.4668,-0.3864,-0.411,0.2719,108.4375
19:33:37:468,3.3113,-1.7675,11.9903,47.1736,-0.4639,-0.5325,0.2535,107.8281
19:33:37:486,3.0479,-1.7759,13.0126,48.5077,-0.44,-0.4057,0.2663,107.8281
19:33:37:512,2.9821,-1.9004,12.4045,47.7888,-0.3228,-0.137,0.3355,107.5625
19:33:37:530,3.2179,-1.6562,11.1248,46.0649,-0.2993,-0.0544,0.4047,107.2969
19:33:37:546,3.7375,-1.2695,10.6783,48.6912,-0.4522,-0.1729,0.3475,107.0312
19:33:37:564,3.9398,-1.0864,11.7545,48.0236,-0.7092,-0.2108,0.1427,106.7031
19:33:37:584,3.5735,-1.388,13.7081,47.0917,-0.832,-0.0086,-0.0893,106.2656
19:33:37:605,2.4913,-1.7627,14.9627,50.0152,-0.6173,0.3919,-0.1812,105.9219
19:33:37:631,2.0962,-1.971,13.9846,48.5364,-0.0812,0.7075,-0.0576,105.8438
19:33:37:647,2.9546,-1.7268,11.3714,47.4767,0.4115,0.6963,0.0726,106.0469
19:33:37:665,4.263,-1.4599,9.1927,49.3242,0.5814,0.3751,-0.015,106.375
19:33:37:684,4.6927,-1.3246,8.5331,49.6618,0.4621,0.0374,-0.3258,106.5156
19:33:37:706,3.9242,-1.4323,8.6061,47.6489,0.2525,0.0146,-0.6773,106.4219
19:33:37:728,2.5547,-1.6682,8.4193,48.6716,0.0996,0.2628,-0.8808,106.5625
19:33:37:746,1.4905,-1.6514,7.6951,48.7288,0.0386,0.495,-0.8717,107.0938
19:33:37:765,1.3205,-1.3126,6.972,48.8495,0.0234,0.4678,-0.7545,107.9688
19:33:37:792,1.4654,-0.896,6.8116,47.2159,0.02,0.2484,-0.6904,109.0312
19:33:37:812,1.2499,-0.6075,7.1432,47.8479,0.0493,0.067,-0.685,110
19:33:37:829,1.0188,-0.4771,7.2139,48.4174,0.1398,0.0841,-0.6525,110.7969
19:33:37:852,0.9255,-0.3154,6.6357,48.7583,0.1891,0.2116,-0.595,111.5938
19:33:37:865,0.8405,-0.0605,6.2657,48.1017,0.1009,0.2891,-0.5303,112.3438
19:33:37:886,0.9638,0.1945,7.1468,47.8949,-0.0639,0.2817,-0.4432,112.7188
19:33:37:910,1.3026,0.3753,8.5175,47.8453,-0.1145,0.2737,-0.4054,113.3594
19:33:37:929,1.4271,0.4495,9.6942,47.9834,-0.0186,0.2928,-0.4389,113.9688
19:33:37:947,1.2116,0.2185,10.1539,47.21,0.171,0.3227,-0.5015,114.5
19:33:37:965,0.6178,-0.2723,9.8858,47.0627,0.3081,0.3762,-0.5143,114.9688
19:33:37:987,0.0683,-0.6758,9.9444,48.6208,0.2956,0.4537,-0.4001,115.4844
19:33:38:012,-0.2357,-0.8027,10.6388,48.7122,0.2378,0.5195,-0.1929,116.375
19:33:38:028,-0.5362,-0.6829,11.7556,48.813,0.2448,0.5072,0.0378,116.8906
19:33:38:047,-0.11,-0.8769,12.8199,47.7162,0.38,0.4636,0.3097,117.2344
19:33:38:065,0.6166,-0.8027,12.7361,47.9699,0.608,0.524,0.5624,117.3281
19:33:38:086,1.281,-0.513,11.2098,48.1541,0.787,0.5054,0.7041,117.1406
19:33:38:109,1.9562,-0.2628,9.6727,47.2629,0.7366,0.2596,0.7155,116.6406
19:33:38:129,2.3979,0.173,9.2262,47.747,0.4333,-0.0323,0.5701,115.875
19:33:38:147,2.4997,0.1263,9.7182,48.5357,-0.0429,-0.1439,0.2814,115.0156
19:33:38:164,1.858,-0.6949,11.1403,46.4678,-0.4855,-0.1154,-0.0025,114.2656
19:33:38:186,0.4634,-1.4922,12.9815,47.4858,-0.6136,-0.0526,-0.08,113.7656
19:33:38:215,-0.5518,-1.892,13.5573,46.97,-0.289,0.0297,0.119,113.625
19:33:38:231,-0.4464,-1.892,11.7173,47.781,0.2131,0.0007,0.4356,113.7344
19:33:38:248,0.0097,-1.2755,9.2429,46.1878,0.4852,-0.1679,0.6266,113.7656
19:33:38:265,0.467,-1.0528,7.6257,47.155,0.4996,-0.4691,0.6684,113.1562
19:33:38:286,0.8728,-0.9272,6.9888,47.265,0.3459,-0.7903,0.637,112.4375
19:33:38:313,1.1433,-0.5812,7.3336,47.2575,0.0828,-0.9274,0.5768,111.6406
19:33:38:330,1.4175,-0.3322,7.998,45.9826,-0.1555,-0.8174,0.4711,110.875
19:33:38:391,1.3552,-0.337,8.2194,47.0643,-0.2788,-0.6036,0.3512,110.5312
19:33:38:391,1.2738,-0.4747,8.0817,47.0643,-0.3185,-0.435,0.2833,109.9375
19:33:38:391,1.1493,-0.5704,8.0554,47.2997,-0.3055,-0.3929,0.2516,109.4844
19:33:38:405,0.9901,-0.4723,8.3918,45.8744,-0.2187,-0.4236,0.2681,109.1406
19:33:38:426,0.9135,-0.2735,8.5965,45.8926,-0.0613,-0.3628,0.2918,108.875
19:33:38:445,0.637,-0.0844,8.0063,45.8281,0.0988,-0.1764,0.286,108.5938
19:33:38:465,0.37,-0.1,7.3395,45.8144,0.1603,-0.0992,0.2974,108.2812
19:33:38:485,0.4203,-0.1,7.3372,48.3181,0.1036,-0.146,0.3275,107.9375
19:33:38:504,0.3724,-0.1682,8.2481,47.4618,-0.0043,-0.1751,0.3427,107.6094
19:33:38:528,0.042,-0.3322,9.0921,47.3982,-0.0221,-0.1476,0.3983,107.2188
19:33:38:548,0.3066,-0.3537,9.7122,46.7978,0.0093,-0.1897,0.5283,106.625
19:33:38:565,1.1505,-0.082,10.5502,45.7242,0.021,-0.2217,0.6367,106.1875
19:33:38:586,1.9358,0.2939,11.0745,46.2375,0.0293,-0.1772,0.6165,105.5781
19:33:38:612,2.3548,0.2927,10.9033,47.3115,-0.0253,-0.1069,0.4846,104.8438
19:33:38:630,2.1154,-0.0928,11.0972,46.3721,-0.2122,-0.0856,0.3536,104.1562
19:33:38:647,1.7958,-0.7548,12.1627,47.3043,-0.3965,-0.0715,0.3749,103.6094
19:33:38:665,2.3381,-1.1809,13.6255,45.5905,-0.4205,-0.0078,0.5549,103.2188
19:33:38:685,3.5423,-1.2013,13.9427,45.9617,-0.2115,0.1671,0.6993,102.8594
19:33:38:712,4.1576,-0.9128,12.3135,45.1644,0.025,0.2865,0.6362,102.2812
19:33:38:730,4.0679,-0.7835,10.7692,45.212,0.0605,0.2039,0.4575,101.5156
19:33:38:746,3.9745,-0.902,10.2748,47.7323,-0.0618,0.0255,0.2977,100.7969
19:33:38:765,4.2295,-1.2468,11.2457,44.8754,-0.1896,-0.153,0.1504,100.3125
19:33:38:786,3.6022,-2.3433,12.4715,44.9328,0.1981,0.0676,-0.097,99.9844
19:33:38:813,3.7279,-2.5612,10.2976,45.4105,0.4767,0.3341,-0.0975,99.9844
19:33:38:830,4.2522,-2.4475,8.0279,46.0745,0.5129,0.3325,-0.1726,99.8125
19:33:38:847,4.6305,-2.2176,6.7781,44.4821,0.2852,0.1163,-0.3865,99.8438
19:33:38:866,4.0535,-1.8777,7.0929,44.9095,-0.1012,0.0108,-0.6808,99.9375
19:33:38:885,2.7331,-1.8549,7.901,43.1266,-0.371,0.1472,-0.8909,100.1562
19:33:38:907,1.4235,-1.8106,8.0004,43.0306,-0.4131,0.3677,-0.8904,100.5781
19:33:38:929,0.7675,-1.4227,7.2462,44.2868,-0.3249,0.5094,-0.7154,101.3594
19:33:38:945,0.7866,-0.908,6.4034,43.5785,-0.2298,0.4106,-0.5268,102.4219
19:33:38:963,0.9817,-0.3286,6.4321,41.7046,-0.1569,0.1986,-0.4062,103.4531
19:33:38:983,1.269,0.1622,6.3962,42.0299,-0.0506,0.0854,-0.3641,104.3281
19:33:39:003,1.4845,0.5561,6.2741,42.6777,-0.0069,0.0699,-0.3806,104.9844
19:33:39:028,1.5791,0.8517,6.2203,42.2183,-0.0796,0.104,-0.4145,105.4375
19:33:39:047,1.6868,0.8649,6.9589,43.5677,-0.2527,0.067,-0.4478,105.875
19:33:39:066,1.5935,0.8589,8.8671,43.1804,-0.3968,0.0212,-0.4344,106.3125
19:33:39:084,1.3002,0.7811,11.2421,41.0388,-0.3475,0.034,-0.3918,106.7656
19:33:39:104,0.965,0.8278,12.9348,41.7984,-0.0626,0.1533,-0.3141,107.3125
19:33:39:128,1.5408,0.7189,13.4256,41.1141,0.3369,0.2641,-0.2283,108.0938
19:33:39:148,1.9155,0.7236,12.1184,42.3279,0.6173,0.3709,-0.2531,108.5
19:33:39:163,1.5935,0.6722,10.9201,41.3624,0.6189,0.348,-0.2754,108.9219
19:33:39:184,1.2954,0.4699,11.1643,39.7956,0.4879,0.1978,-0.227,109.0469
19:33:39:204,1.1673,0.2197,12.4153,41.5412,0.5153,-0.0278,-0.1186,109.3281
19:33:39:229,1.4259,-0.094,12.5182,40.0725,0.7356,-0.1735,-0.0429,109.5781
19:33:39:246,1.4438,-0.2675,11.1224,39.0459,0.8495,-0.1993,-0.0467,109.75
19:33:39:264,1.4354,-0.1862,9.978,39.2995,0.6304,-0.133,-0.0999,109.7812
19:33:39:285,1.4869,-0.2831,10.1779,39.699,0.176,0.0699,-0.1966,109.75
19:33:39:305,1.117,-0.6662,10.932,37.9738,-0.2083,0.2806,-0.317,109.7656
19:33:39:328,0.279,-1.3282,11.7904,39.3305,-0.3135,0.2015,-0.3292,109.8906
19:33:39:345,-0.5314,-1.6909,12.5445,39.0443,-0.1004,-0.0273,-0.1524,110.0156
19:33:39:364,-0.4488,-1.7579,11.8921,37.6088,0.3012,-0.1868,0.132,110.375
19:33:39:385,0.0612,-1.3737,9.5338,37.9852,0.5537,-0.1732,0.3251,110.7812
19:33:39:404,0.4359,-0.908,7.5694,37.3467,0.4487,-0.1434,0.3611,110.9688
19:33:39:428,0.7064,-0.8673,6.7482,38.2813,0.1348,-0.1426,0.3025,110.6094
19:33:39:445,0.4287,-1.0014,6.6488,37.4303,-0.1923,-0.2286,0.2284,110.1562
19:33:39:464,0.1605,-1.1319,7.3575,37.0529,-0.4464,-0.3594,0.2796,109.7344
19:33:39:485,0.2264,-0.914,8.7713,37.1635,-0.5302,-0.422,0.4071,109.4531
19:33:39:505,0.473,-0.6003,9.1496,36.9825,-0.375,-0.2345,0.5358,109.2188
19:33:39:528,0.9039,-0.3047,7.8004,36.3701,-0.1473,0.047,0.6194,108.875
19:33:39:545,1.4702,-0.0365,6.0922,37.1387,-0.0676,0.1062,0.6354,108.4062
19:33:39:564,1.9753,0.0724,5.4733,35.9626,-0.1566,-0.1088,0.5706,107.7656
19:33:39:588,2.1286,0.264,6.2921,37.2478,-0.2714,-0.4329,0.4697,107.0469
19:33:39:610,2.1322,0.416,7.8591,38.5373,-0.2839,-0.6028,0.3659,106.3438
19:33:39:631,2.095,0.5082,8.7892,38.9704,-0.2104,-0.4555,0.2721,105.7969
19:33:39:647,2.0747,0.7201,8.7581,36.3832,-0.1696,-0.2169,0.2034,105.3281
19:33:39:665,2.2519,0.9391,8.6121,37.7915,-0.2059,-0.0659,0.1326,104.9844
19:33:39:687,2.6948,1.1522,8.4983,36.9616,-0.294,-0.1602,0.0122,104.7344
19:33:39:703,3.3125,1.3761,9.1663,36.4962,-0.3827,-0.4457,-0.1849,104.5
19:33:39:724,3.2107,1.0852,10.4017,37.8705,-0.4061,-0.6707,-0.4512,104.5156
19:33:39:746,2.5128,0.0042,11.527,36.9877,-0.4208,-0.6219,-0.6051,104.7344
19:33:39:772,1.5719,-1.011,12.4811,37.0146,-0.5092,-0.3796,-0.5343,105.2656
19:33:39:783,0.7722,-2.0081,14.2348,37.7808,-0.6032,-0.0523,-0.2555,105.9844
19:33:39:805,0.9267,-2.6606,15.5205,36.7052,-0.4378,0.319,0.2021,106.3438
19:33:39:829,2.0232,-2.8904,14.26,36.6097,-0.0487,0.516,0.6045,106.8594
19:33:39:846,3.0396,-2.475,12.1782,35.5977,0.2336,0.2662,0.7909,107
19:33:39:864,3.6525,-2.0895,11.0386,34.7747,0.2093,-0.1692,0.7419,106.5781
19:33:39:884,3.9673,-2.0608,11.5402,33.9288,-0.0788,-0.3703,0.5952,105.8125
19:33:39:904,4.1457,-2.2691,13.5681,36.2388,-0.3228,-0.2667,0.3856,104.8594
19:33:39:930,2.9294,-2.6366,15.177,35.1839,-0.1156,0.0577,0.1911,103.7344
19:33:39:947,1.8018,-2.8904,13.6614,36.0512,0.5025,0.4862,0.2948,103.3438
19:33:39:964,2.5428,-2.4906,9.7182,34.2172,1.0583,0.7088,0.5525,103.1406
19:33:39:984,4.1193,-1.7615,6.1556,34.1949,1.2541,0.397,0.5533,102.7812
19:33:40:004,4.9477,-0.9726,4.2367,34.8527,1.0488,-0.2313,0.2444,102.1094
19:33:40:030,4.9848,-0.6387,4.5898,33.8104,0.5515,-0.7743,-0.1969,101.3438
19:33:40:047,4.0056,-0.6961,6.5243,33.062,0.0895,-0.8797,-0.6177,100.9219
19:33:40:065,2.5368,-1.1079,7.8974,35.0075,-0.1087,-0.5666,-0.8398,101.0625
19:33:40:088,1.2331,-1.224,7.7669,31.4873,-0.1188,-0.0078,-0.783,101.7031
19:33:40:103,0.8261,-1.0504,6.6416,33.7822,-0.1095,0.4247,-0.5428,102.6562
19:33:40:125,1.226,-0.3813,6.012,32.5115,-0.1545,0.4814,-0.3042,103.5781
19:33:40:146,1.9873,0.2688,6.5076,32.5186,-0.1417,0.2835,-0.2118,104.2031
19:33:40:164,2.3692,0.653,6.9301,32.2119,-0.0586,0.1133,-0.2656,104.5781
19:33:40:184,2.3835,1.1881,7.4748,32.1007,-0.0357,0.0771,-0.3362,104.8438
19:33:40:206,2.3871,1.6263,8.4169,30.4961,-0.1542,0.1224,-0.3063,104.9844
19:33:40:230,2.9989,2.0034,9.8546,31.0651,-0.0874,0.0628,-0.1215,105.5312
19:33:40:245,4.2869,2.3385,10.78,31.3381,0.1675,-0.0172,0.0178,105.9688
19:33:40:266,5.3524,2.6426,10.9931,30.8039,0.44,-0.1338,-0.0445,106.4844
19:33:40:284,5.4074,2.6259,11.0278,30.6961,0.5902,-0.1492,-0.277,106.4844
19:33:40:304,4.3504,2.1949,10.9548,30.2015,0.5997,-0.0773,-0.5255,106.4375
19:33:40:330,3.2826,1.2695,11.0218,30.8436,0.5278,-0.023,-0.6605,106.4375
19:33:40:346,2.2231,0.1048,11.3498,28.8366,0.4434,0.0303,-0.6794,106.6562
19:33:40:365,1.3516,-0.6949,11.6096,28.4286,0.3539,0.1413,-0.5612,107.1719
19:33:40:383,0.8381,-0.8745,11.7509,28.7867,0.2077,0.3277,-0.3708,107.8594
19:33:40:404,0.5963,-0.7356,11.8897,28.7525,0.0605,0.5126,-0.1998,108.5781
19:33:40:461,0.4825,-0.7045,11.4288,28.1021,-0.0298,0.5999,-0.0784,109.1562
19:33:40:461,0.2132,-0.5333,11.1008,27.369,-0.1161,0.4556,0.0178,109.5469
19:33:40:472,0.4406,-0.4328,12.1579,27.369,-0.0977,0.1069,0.099,109.8281
19:33:40:482,0.6394,-0.4304,12.5685,28.2094,0.172,-0.003,0.0974,109.8125
19:33:40:505,0.4514,-0.6686,10.2569,26.4977,0.4349,0.1442,0.0423,109.6406
19:33:40:528,0.2036,-0.8254,7.8663,25.5747,0.3137,0.1725,0.0314,109.6406
19:33:40:548,0.1905,-0.7955,7.2953,25.9555,-0.0796,0.0015,0.103,109.5
19:33:40:566,0.8872,-0.6542,8.7449,25.2159,-0.4243,-0.264,0.2314,109.4531
19:33:40:583,1.621,-0.331,10.3491,27.7344,-0.3784,-0.3951,0.3177,109.375
19:33:40:604,2.1058,0.2197,9.5207,25.1618,-0.0258,-0.3026,0.3669,109.2344
19:33:40:629,2.8109,0.7656,7.2689,24.8979,0.1494,-0.0923,0.3275,108.9688
19:33:40:648,3.3065,0.8853,5.32,22.7436,-0.0011,0.0492,0.1405,108.5938
19:33:40:667,3.3951,0.5561,4.6365,25.2887,-0.4333,-0.0361,-0.1138,108.1719
19:33:40:683,2.8923,0.2568,6.6847,24.1643,-0.9356,-0.2385,-0.2813,107.8906
19:33:40:705,2.2495,0.1359,9.875,24.5583,-1.0213,-0.2568,-0.3053,107.8438
19:33:40:730,1.6461,0.0605,11.1379,24.0481,-0.576,-0.0566,-0.2525,108.0312
19:33:40:746,1.1745,0.0772,9.7314,22.2404,-0.0823,0.1861,-0.1425,108.4531
19:33:40:763,1.1098,0.2556,8.1524,23.9823,0.1052,0.2942,-0.019,108.9062
19:33:40:784,1.2726,0.3107,7.664,23.5087,0.0352,0.2585,0.0569,109.2656
19:33:40:804,1.1912,0.501,8.4911,22.7614,-0.122,0.1536,0.0857,109.4375
19:33:40:829,1.0057,0.3945,10.0869,21.6958,-0.1585,0.001,0.1246,109.4219
19:33:40:847,1.0703,0.2137,11.4181,24.2713,0.0021,-0.2214,0.222,109.3438
19:33:40:864,1.791,0.167,12.1806,23.6716,0.2602,-0.4323,0.3331,109.25
19:33:40:884,2.7522,0.1897,12.1615,22.0794,0.469,-0.5306,0.3137,109.0781
19:33:40:905,3.3855,-0.167,11.5749,21.8088,0.4935,-0.463,0.1573,108.7344
19:33:40:931,3.0707,-0.7643,11.3905,23.8224,0.3505,-0.3034,-0.0043,108.2812
19:33:40:946,2.6864,-1.1809,11.5462,22.1291,0.2139,-0.0768,-0.0211,107.9375
19:33:40:964,3.2167,-1.2168,11.5246,22.4204,0.188,0.0782,0.0303,107.8125
19:33:40:982,4.0188,-1.3988,10.5825,21.6569,0.1683,0.1216,-0.0208,107.8125
19:33:41:004,3.9565,-1.3258,9.7457,20.6075,-0.0711,0.055,-0.1492,107.7656
19:33:41:028,3.1521,-1.1331,10.6028,20.6883,-0.441,-0.0997,-0.3015,107.7344
19:33:41:046,1.5492,-1.394,13.2879,22.4129,-0.6424,-0.0949,-0.3258,107.7969
19:33:41:064,0.5939,-1.6813,14.7113,21.4641,-0.3294,0.2113,-0.0917,108.2969
19:33:41:083,1.0081,-1.4659,12.2273,19.3942,0.302,0.5104,0.2628,108.7656
19:33:41:112,2.4506,-0.756,8.7916,20.5156,0.6533,0.3807,0.4631,108.9062
19:33:41:128,3.9733,-0.416,6.8068,20.3853,0.6107,-0.0845,0.3555,108.5781
19:33:41:147,4.8927,-0.1143,6.9241,21.013,0.293,-0.5458,0.0599,108.3125
19:33:41:164,5.241,-0.2616,8.3822,18.5988,-0.0314,-0.6611,-0.3428,107.7188
19:33:41:190,4.0044,-0.7224,9.4596,18.9172,-0.1627,-0.4038,-0.7431,107.4062
19:33:41:202,2.1549,-0.7811,9.2597,20.5245,-0.1145,0.0761,-0.8888,107.5469
19:33:41:223,1.3361,-0.726,7.8962,19.7435,0.0178,0.4929,-0.8137,108.1875
19:33:41:248,1.384,-0.4076,6.1005,20.7844,0.0735,0.671,-0.7082,109.1875
19:33:41:264,1.6533,0.1251,5.6193,20.1066,-0.0056,0.5855,-0.6842,110.1875
19:33:41:283,1.8855,0.5058,6.7218,18.9412,-0.0208,0.3184,-0.7205,110.9844
19:33:41:304,2.3177,0.8374,7.877,19.5825,0.1936,0.0356,-0.7548,111.7656
19:33:41:330,2.3823,1.1019,7.6999,18.4176,0.4386,-0.1399,-0.8406,112.5625
19:33:41:349,2.1298,1.4323,7.2246,16.6903,0.453,-0.1519,-0.9226,113.7812
19:33:41:365,1.7299,1.6358,7.2593,16.4173,0.2464,0.0076,-1.002,114.6875
19:33:41:382,1.6186,1.7053,7.9513,16.5339,-0.0695,0.2976,-1.0358,115.6875
19:33:41:402,1.4271,1.4611,8.9915,18.5186,-0.3507,0.6923,-1.0502,116.7656
19:33:41:425,0.2886,1.2456,9.7757,17.8197,-0.4788,1.002,-0.9711,117.9375
19:33:41:447,-0.7517,1.1678,10.2186,18.258,-0.4109,0.9775,-0.7229,119.1562
19:33:41:463,-0.9899,1.1187,10.628,16.8949,-0.2282,0.6212,-0.3577,120.2812
19:33:41:483,-0.5182,1.2779,11.114,19.3147,-0.0109,0.0532,0.0212,121.0781
19:33:41:504,0.5867,1.5999,12.1806,17.2418,0.1574,-0.3953,0.2535,121.4844
19:33:41:528,1.4127,1.7412,12.5589,17.6543,0.2559,-0.3562,0.2308,121.4688
19:33:41:549,1.3612,1.4659,11.4875,18.2414,0.171,-0.0225,0.0465,121.1875
19:33:41:567,0.9554,0.8577,10.5657,17.2311,-0.1798,0.3008,-0.1106,120.9062
19:33:41:585,-0.5889,-0.8074,13.0198,17.6259,-0.8791,0.2388,-0.0629,120.8438
19:33:41:605,-0.8498,-1.1007,14.7819,19.2742,-0.621,0.128,0.2266,121.2031
19:33:41:630,-0.5182,-1.1366,13.7524,17.8264,-0.0154,0.1658,0.5398,121.2969
19:33:41:648,0.036,-0.8876,10.4819,17.3276,0.3968,0.2247,0.7861,121.2969
19:33:41:664,0.8991,-0.6183,7.9333,18.0761,0.4064,0.1213,0.8857,121.1094
19:33:41:685,1.4785,-0.6123,6.899,16.9857,0.2051,-0.1652,0.8223,119.5938
19:33:41:704,1.5121,-0.6111,7.1085,16.6035,-0.0019,-0.5146,0.7395,119.5938
19:33:41:730,1.7599,-0.6997,7.7298,17.7439,-0.0948,-0.782,0.7006,118.5625
19:33:41:746,2.1082,-0.495,8.0387,18.5484,-0.1124,-0.8803,0.6545,117.6562
19:33:41:764,2.5607,-0.2975,7.8818,18.8478,-0.1899,-0.7762,0.5805,116.8125
19:33:41:782,2.605,-0.1371,8.1392,19.2955,-0.3689,-0.5666,0.4684,116.0312
19:33:41:804,2.3488,-0.0748,8.5271,19.8823,-0.4786,-0.3226,0.3725,115.3281
19:33:41:827,1.8389,-0.0162,8.7461,19.5129,-0.4424,-0.1213,0.3187,114.6875
19:33:41:849,1.1314,-0.0341,8.4732,19.0054,-0.2823,0.0156,0.3475,114.1875
19:33:41:867,0.5628,0.0461,7.7741,19.2934,-0.0908,0.0414,0.4684,113.8125
19:33:41:884,0.7531,0.3083,7.0905,20.5595,0.049,-0.0768,0.6205,113.5156
19:33:41:905,1.299,0.6434,7.3024,19.8304,0.0661,-0.2795,0.678,112.9062
19:33:41:922,1.6677,0.8266,8.2182,21.349,0.0336,-0.4049,0.6468,112.3125
19:33:41:943,1.7982,0.9403,9.0849,22.4299,0.0061,-0.3895,0.5944,111.5469
19:33:41:966,1.6785,0.9284,9.9145,23.6603,-0.0205,-0.3061,0.5629,110.7656
19:33:41:982,1.7982,0.8003,10.5741,22.5168,-0.0269,-0.1612,0.5744,110.0469
19:33:42:002,2.1669,0.7033,10.9452,23.1281,-0.013,-0.0638,0.5645,109.4219
19:33:42:024,2.6661,0.5656,11.1008,24.2163,-0.0099,-0.116,0.4865,108.7656
19:33:42:047,2.7726,0.0341,11.4947,24.9268,-0.0245,-0.2717,0.3547,108.1094
19:33:42:065,2.6433,-0.8697,12.1914,25.1233,-0.0194,-0.3727,0.3062,107.5156
19:33:42:085,2.7546,-1.6646,12.5888,25.8447,0.0277,-0.296,0.4149,107.25
19:33:42:103,3.4166,-1.977,12.3063,27.2897,0.0719,-0.1554,0.5792,106.8438
19:33:42:122,4.3061,-1.892,11.6802,27.5084,0.0554,-0.039,0.6292,106.4844
19:33:42:147,4.7502,-1.7101,11.0781,26.7833,-0.0216,0.017,0.5094,106.0312
19:33:42:164,4.5252,-1.4407,10.616,25.4206,-0.1249,-0.0185,0.2846,105.3438
19:33:42:183,3.9254,-1.5484,11.1008,26.8853,-0.2258,-0.1508,0.0676,104.625
19:33:42:206,3.6381,-2.1171,11.922,26.7185,-0.2125,-0.0851,-0.0302,103.875
19:33:42:231,3.5028,-2.3373,11.4408,27.7997,-0.0727,0.1616,-0.0296,103.7031
19:33:42:248,3.85,-2.2487,9.9816,27.527,0.0274,0.2612,-0.0137,103.7344
19:33:42:267,4.348,-1.9231,9.1125,27.7386,0.0059,0.1488,-0.0757,103.7969
19:33:42:284,4.5347,-1.6131,8.9377,26.2773,-0.0463,0.0686,-0.2419,103.8125
19:33:42:304,3.8644,-1.2228,8.3367,29.3263,-0.0791,0.2135,-0.4416,103.8594
19:33:42:329,2.7068,-0.9726,7.166,29.1546,-0.123,0.4188,-0.5649,104.0469
19:33:42:346,1.7994,-0.6781,6.2167,28.2071,-0.1864,0.5173,-0.5668,104.4219
19:33:42:363,1.4031,-0.3262,5.7486,29.6749,-0.2384,0.4644,-0.4965,105.0469
19:33:42:383,1.4378,0.0784,5.8216,29.6703,-0.2519,0.2992,-0.4312,105.75
19:33:42:403,1.6808,0.3897,6.316,30.7767,-0.2195,0.1227,-0.4214,106.3906
19:33:42:422,1.8185,0.5249,6.7446,30.4218,-0.1649,0.0667,-0.4693,106.9531
19:33:42:447,1.5791,0.6506,6.996,31.5171,-0.1449,0.1464,-0.5061,107.4688
19:33:42:465,1.3804,0.8577,7.2031,32.6921,-0.1667,0.2526,-0.4842,108.2656
19:33:42:540,1.4965,1.0553,7.6795,32.1527,-0.2229,0.2998,-0.4339,108.8594
19:33:42:541,1.8903,1.2396,8.6552,34.169,-0.2727,0.2619,-0.3998,109.4531
19:33:42:541,2.21,1.4132,9.8511,33.3537,-0.2937,0.238,-0.431,109.9688
19:33:42:554,2.3069,1.3294,11.023,34.534,-0.2717,0.2678,-0.5202,110.2188
19:33:42:563,1.8879,0.8577,12.268,35.769,-0.1926,0.3799,-0.5892,110.7188
19:33:42:594,1.0188,0.2664,13.0545,35.769,0.0115,0.5112,-0.5029,111.9688
19:33:42:613,0.886,-0.2173,11.9795,35.075,0.4027,0.3837,0.0191,112.6562
19:33:42:628,1.4558,-0.4148,12.1806,36.6589,0.404,0.2231,0.1752,113.1094
19:33:42:649,1.949,-0.4232,12.2022,35.3035,0.3784,0.2361,0.2079,113.2188
19:33:42:668,1.7204,-0.2987,11.5988,37.6812,0.3095,0.263,0.1214,113.0781
19:33:42:687,1.202,-0.495,11.6563,38.2628,0.155,0.1834,0.0457,112.8281
19:33:42:716,0.6825,-0.8888,12.286,39.2824,0.0357,0.0774,0.042,112.6094
19:33:42:727,0.1964,-1.4551,12.7708,37.2272,0.0626,-0.1005,0.1299,112.5
19:33:42:749,0.0085,-1.7532,13.0569,39.8969,0.2234,-0.1945,0.2961,112.4531
19:33:42:768,0.212,-1.752,11.7485,37.7896,0.4975,-0.0643,0.4263,112.2969
19:33:42:799,0.3832,-1.6801,8.873,39.2154,0.6027,0.0423,0.4495,111.9531
19:33:42:812,0.5173,-1.6059,6.9708,39.8256,0.3601,-0.088,0.4151,111.4219
19:33:42:831,0.2264,-1.4754,7.0199,40.3282,-0.0069,-0.3974,0.3512,110.875
19:33:42:849,-0.1232,-1.2767,8.211,39.4464,-0.241,-0.6734,0.3733,110.5938
19:33:42:866,0.1126,-0.9583,9.4393,40.3553,-0.2562,-0.7423,0.4857,110.1719
19:33:42:886,0.8764,-0.8206,9.8511,39.9096,-0.0373,-0.6006,0.5683,109.7812
19:33:42:912,1.1948,-0.489,8.4672,40.6887,0.2221,-0.3096,0.5864,109.2969
19:33:42:925,1.5456,-0.0736,6.723,38.9057,0.2836,-0.1194,0.5725,108.375
19:33:42:946,2.0136,0.0485,5.8683,38.9704,0.127,-0.1689,0.4766,107.6719
19:33:42:966,1.87,0.2149,6.8068,38.7749,-0.0775,-0.2688,0.3589,106.9844
19:33:42:983,1.5408,0.1323,7.8591,39.7015,-0.0799,-0.2126,0.2892,106.9844
19:33:43:003,1.2559,-0.0928,7.6999,40.8525,0.0421,-0.0504,0.2924,106.4531
19:33:43:023,1.3241,0.0796,7.0941,40.1815,0.0855,0.026,0.3629,106.0312
19:33:43:047,1.7371,0.2891,7.2438,39.0184,0.008,-0.052,0.3792,105.3906
19:33:43:065,2.0172,0.5357,8.0913,40.042,-0.0525,-0.1391,0.3256,104.9688
19:33:43:082,2.1717,0.6051,8.7497,40.8734,-0.0565,-0.2302,0.2402,104.9688
19:33:43:102,2.0735,0.3992,9.7086,40.0046,-0.0597,-0.3223,0.1749,104.5312
19:33:43:122,1.8676,-0.0964,10.7549,40.1436,-0.0399,-0.2995,0.1938,104.1719
19:33:43:149,1.9167,-0.3873,11.1763,38.0706,-0.045,-0.1708,0.3065,103.8906
19:33:43:163,2.8516,-0.5668,11.7113,40.0915,-0.1071,-0.1961,0.3904,103.6875
19:33:43:182,3.7458,-0.9595,12.7265,37.3082,-0.1244,-0.2757,0.3552,103.4688
19:33:43:202,4.1122,-1.5089,12.9097,39.4517,-0.0754,-0.2046,0.29,102.9219
19:33:43:222,4.0032,-1.807,12.0849,40.1264,-0.0852,-0.0353,0.2359,102.4844
19:33:43:245,3.7458,-1.9794,11.4276,39.4798,-0.2171,0.0904,0.1674,102.1094
19:33:43:265,3.4561,-1.9459,11.3427,37.9363,-0.4243,0.1552,0.0724,101.8281
19:33:43:282,3.0419,-2.1266,12.7121,38.5775,-0.5169,0.0742,-0.0294,101.7188
19:33:43:301,2.6972,-2.548,13.8625,36.8384,-0.2717,0.0305,-0.0424,101.5469
19:33:43:322,2.6756,-2.7096,12.8701,36.4429,0.1926,0.1078,0.0505,101.5312
19:33:43:344,3.4478,-2.4487,10.3467,35.7822,0.485,0.0899,0.1126,101.6406
19:33:43:361,4.3528,-2.1195,8.6456,37.2246,0.4346,-0.0406,0.0191,101.7188
19:33:43:381,4.8352,-1.6251,8.2218,37.8191,0.1776,-0.1162,-0.2177,101.6406
19:33:43:401,4.5323,-1.3234,8.4445,35.9732,-0.065,-0.0006,-0.5354,101.4688
19:33:43:421,3.273,-1.1785,7.8914,36.607,-0.1641,0.2707,-0.7955,101.3906
19:33:43:446,2.0268,-0.9906,6.7877,36.9282,-0.2136,0.458,-0.8792,101.6094
19:33:43:460,1.3133,-0.7224,5.9988,35.8143,-0.261,0.4513,-0.8214,102.6406
19:33:43:482,1.0643,-0.2867,5.9353,36.7016,-0.2738,0.2566,-0.7002,103.6719
19:33:43:501,1.3421,0.1634,6.3771,35.2428,-0.2123,0.0388,-0.6102,104.7031
19:33:43:521,1.4378,0.4459,6.6237,35.9763,-0.1097,-0.0648,-0.5902,105.5781
19:33:43:543,1.3205,0.7021,6.6955,36.4402,-0.0498,-0.0459,-0.5644,106.3594
19:33:43:562,1.4989,0.9547,6.7111,36.7513,-0.0738,0.0814,-0.5244,107.0625
19:33:43:583,1.524,1.2444,7.0702,37.0367,-0.1824,0.1765,-0.5223,107.7344
19:33:43:602,1.6437,1.473,8.3224,34.5594,-0.2711,0.1994,-0.5263,108.3281
19:33:43:621,1.8413,1.5042,9.8499,34.1281,-0.22,0.2052,-0.549,108.9375
19:33:43:643,1.8209,1.4982,10.8722,35.0709,-0.0914,0.255,-0.5953,109.5781
19:33:43:662,1.5994,1.2229,11.3427,34.5147,0.0123,0.3506,-0.6525,110.1875
19:33:43:682,1.0308,0.6961,11.9328,34.3227,0.0839,0.4473,-0.6539,110.875
19:33:43:702,0.5604,0.1155,12.177,33.2096,0.1936,0.4859,-0.5327,111.6094
19:33:43:722,0.558,-0.5022,12.1698,33.8326,0.306,0.3786,-0.322,112.3438
19:33:43:744,0.9099,-0.8517,12.2129,33.7375,0.3891,0.2281,-0.1202,113.0469
19:33:43:763,1.3552,-1.0828,11.9256,30.4889,0.3997,0.1642,-0.0123,113.5469
19:33:43:781,1.2714,-1.0373,11.2636,31.424,0.2543,0.2047,0.0143,113.7656
19:33:43:801,0.9578,-1.0983,11.375,32.9126,-0.0447,0.2353,0.0271,113.7812
19:33:43:824,0.7651,-1.4024,12.4703,31.1277,-0.2948,0.2124,0.0894,113.75
19:33:43:844,0.5687,-1.7316,13.7488,30.1204,-0.2839,0.1046,0.1951,113.7344
19:33:43:864,0.3209,-1.8405,14.1044,29.6874,0.0708,-0.0033,0.3454,113.7031
19:33:43:881,0.3808,-1.8274,12.0968,30.3713,0.526,0.0066,0.5184,113.5781
19:33:43:901,0.783,-1.6251,9.1891,30.8677,0.7041,0.0217,0.6226,113.2812
19:33:43:922,1.3433,-1.4467,7.2486,29.3765,0.5294,-0.0289,0.6042,112.7969
19:33:43:944,1.4211,-1.2073,6.808,27.8835,0.1744,-0.1761,0.4862,112.0781
19:33:43:962,1.0811,-1.066,7.7118,28.3833,-0.1198,-0.3724,0.3648,111.2969
19:33:43:981,0.7938,-0.9152,8.8108,29.1771,-0.2261,-0.4481,0.3235,110.6406
19:33:44:001,0.7519,-0.8577,9.2405,28.4833,-0.1712,-0.4174,0.3384,110.1719
19:33:44:021,0.5424,-0.4974,9.0646,29.8501,-0.0314,-0.292,0.3986,109.8125
19:33:44:046,0.6525,-0.2017,8.0662,26.4424,0.1313,-0.1663,0.4788,109.4375
19:33:44:067,0.965,-0.0221,6.8499,27.3186,0.2298,-0.1106,0.5342,108.8125
19:33:44:089,1.3684,0.1287,5.9198,26.9675,0.2149,-0.1479,0.548,108.2344
19:33:44:101,1.5348,0.4423,5.903,27.3129,0.0892,-0.3,0.5105,107.6094
19:33:44:121,1.6689,0.7189,6.8128,27.4252,-0.0112,-0.37,0.4402,106.9844
19:33:44:150,1.8161,0.7416,7.3024,25.0706,-0.028,-0.3008,0.3395,106.3906
19:33:44:165,1.8137,0.8817,7.5095,26.626,-0.0629,-0.207,0.2745,105.875
19:33:44:180,2.1477,1.2791,8.2649,25.7503,-0.1438,-0.1903,0.2125,105.5
19:33:44:201,2.1537,1.4287,9.6487,25.6082,-0.1502,-0.2145,0.0913,105.1875
19:33:44:221,1.6306,1.1594,10.5119,24.7905,-0.032,-0.2129,0.0063,104.9531
19:33:44:245,1.2008,0.7189,10.9153,26.3513,0.0863,-0.21,0.0489,104.8594
19:33:44:264,1.3073,0.483,11.0434,25.2941,0.1167,-0.1703,0.1818,104.8594
19:33:44:281,2.0244,0.3358,11.5138,23.9547,0.0477,-0.2435,0.2633,104.7812
19:33:44:301,2.8157,-0.1251,12.7217,25.4205,-0.0325,-0.3386,0.25,104.6875
19:33:44:322,3.2778,-0.8673,13.6578,25.9957,-0.02,-0.2984,0.2141,104.4062
19:33:44:350,3.3532,-1.4611,13.0497,24.1607,0.0314,-0.0765,0.2441,104.1094
19:33:44:364,3.5328,-1.5856,11.9448,23.7687,-0.0163,0.1139,0.3065,103.7188
19:33:44:381,3.607,-1.4766,11.2205,23.5755,-0.2794,-0.0172,0.1254,103.4531
19:33:44:401,3.1952,-2.0692,12.4811,24.9397,-0.2647,-0.2025,0.0063,103.4531
19:33:44:421,2.8899,-2.5935,13.0138,22.9496,-0.0056,-0.1948,0.0167,103.1094
19:33:44:441,3.176,-2.712,11.5976,23.702,0.3268,-0.0254,0.0998,102.7188
19:33:44:463,4.0667,-2.4391,9.4476,25.7483,0.4181,0.0612,0.1123,102.7188
19:33:44:484,5.1919,-2.1374,8.3152,24.0103,0.2559,-0.0188,-0.0437,102.7031
19:33:44:502,5.4529,-1.8537,8.3295,24.7632,0.0067,-0.0736,-0.3716,102.5469
19:33:44:520,4.4078,-1.6765,8.1236,23.3911,-0.1729,0.1464,-0.7189,102.375
19:33:44:590,2.7822,-1.5305,7.1193,24.0729,-0.2623,0.4361,-0.9023,102.3906
19:33:44:590,1.5923,-1.1702,6.0323,23.8532,-0.327,0.5786,-0.877,102.8125
19:33:44:590,1.0308,-0.7165,5.4278,26.1013,-0.3768,0.4598,-0.746,103.6094
19:33:44:600,1.0344,-0.2269,5.587,23.2645,-0.3774,0.1695,-0.6057,104.6875
19:33:44:620,1.2798,0.2376,6.2669,26.6933,-0.3169,-0.0819,-0.5282,106.2344
19:33:44:642,1.5156,0.6279,6.5123,25.395,-0.2264,-0.1538,-0.5244,107.0156
19:33:44:667,1.6976,0.9319,6.7733,25.7393,-0.2131,-0.108,-0.5652,107.7031
19:33:44:682,2.034,1.2181,7.494,25.7393,-0.2724,0.022,-0.6152,108.3281
19:33:44:701,2.1333,1.4695,8.3619,25.2889,-0.3294,0.1466,-0.689,108.9688
19:33:44:721,1.8137,1.5137,9.3758,23.914,-0.3342,0.2345,-0.7484,109.2656
19:33:44:750,1.6808,1.4156,10.118,26.2344,-0.2698,0.3272,-0.7316,110.0156
19:33:44:761,1.7359,1.2707,10.5969,25.005,-0.2059,0.397,-0.672,110.8438
19:33:44:782,1.8305,1.2396,11.1547,25.5663,-0.163,0.4486,-0.5737,111.75
19:33:44:801,2.1058,1.1941,11.8957,24.5096,-0.0961,0.5139,-0.4738,112.5938
19:33:44:821,2.0903,1.0756,12.2908,25.3534,0.0626,0.5104,-0.4102,113.4062
19:33:44:849,2.0148,0.6602,12.1842,25.9447,0.2594,0.3602,-0.3463,114.0938
19:33:44:864,1.8293,-0.1012,12.2764,25.2113,0.4413,0.091,-0.2893,114.8906
19:33:44:880,1.2104,-0.7368,11.9711,24.9076,0.584,-0.1138,-0.2099,115.3438
19:33:44:907,0.4921,-0.8625,11.5162,24.9771,0.5755,-0.1823,-0.0635,115.6719
19:33:44:920,0.1953,-0.6925,11.3654,26.0734,0.4091,-0.0848,0.1283,115.9062
19:33:44:942,0.4227,-0.7488,11.3726,26.6493,0.1619,0.132,0.2503,116.0156
19:33:44:964,0.2838,-1.1929,11.4552,26.1874,-0.0399,0.1791,0.2977,115.9219
19:33:44:982,0.1246,-1.5868,12.7792,27.6978,0.0021,-0.1713,0.4119,115.6719
19:33:45:001,0.4167,-1.7352,13.5178,28.55,0.4362,-0.4635,0.515,115.3594
19:33:45:022,0.5628,-2.0022,10.9919,26.4777,0.8842,-0.3905,0.5177,114.9688
19:33:45:048,0.6597,-2.0871,8.0004,26.4278,0.799,-0.2038,0.5145,114.4375
19:33:45:064,0.9135,-2.0022,6.6955,27.4431,0.3007,-0.1064,0.5027,113.75
19:33:45:081,0.6669,-1.5101,7.385,27.0452,-0.2146,-0.1929,0.4929,113.0625
19:33:45:105,0.6693,-1.0361,9.0155,26.8181,-0.4264,-0.3141,0.5643,112.4219
19:33:45:121,1.287,-0.829,9.7804,28.0121,-0.2852,-0.2707,0.637,111.8906
19:33:45:143,1.4678,-0.3526,8.636,27.9704,-0.053,-0.0265,0.6402,111.3438
19:33:45:166,1.9346,0.021,7.0846,26.8484,-0.0293,0.2004,0.6039,111.0156
19:33:45:181,2.4913,-0.0221,6.2382,27.1347,-0.2762,0.3895,0.4809,110
19:33:45:205,2.4159,0.0497,6.8643,26.551,-0.6008,0.4359,0.3163,109.2812
19:33:45:220,1.9131,-0.0269,8.4768,27.801,-0.6714,0.3682,0.1869,108.6562
19:33:45:242,1.2343,-0.2065,9.0849,27.797,-0.3936,0.2691,0.1584,108.2656
19:33:45:264,0.7256,-0.3154,8.2984,27.7411,-0.0368,0.1631,0.2665,108.0781
19:33:45:282,0.8656,-0.2484,7.0858,28.8445,0.1286,-0.0009,0.4428,107.9688
19:33:45:301,1.4546,0.0629,7.1049,29.7218,0.0453,-0.2076,0.5762,107.7812
19:33:45:324,2.0567,0.4447,8.5031,28.9696,-0.1214,-0.3666,0.5936,107.375
19:33:45:349,2.3333,0.5309,10.7441,28.4321,-0.1316,-0.4092,0.5267,106.7656
19:33:45:364,2.2267,0.1921,11.952,28.5135,0.0762,-0.1511,0.498,106.0781
19:33:45:384,1.8568,0.0844,11.3187,28.016,0.29,0.1283,0.5137,105.4688
19:33:45:406,2.3488,0.1347,10.2593,30.395,0.3092,0.197,0.5488,104.875
19:33:45:420,2.9893,0.2101,10.3993,29.3534,0.1894,-0.0361,0.4609,104.2812
19:33:45:441,3.097,-0.1598,11.4408,28.0201,0.0812,-0.3785,0.2908,103.3438
19:33:45:464,2.9426,-1.0229,13.0689,32.2377,0.0695,-0.4891,0.241,102.7969
19:33:45:483,3.1461,-1.6406,13.1539,30.1265,0.216,-0.2417,0.3619,102.4375
19:33:45:507,3.5519,-1.3497,11.7233,30.9035,0.3127,0.0164,0.4556,102.1406
19:33:45:520,4.0631,-1.1271,10.7908,29.1784,0.2349,0.1133,0.3858,101.7188
19:33:45:541,4.2546,-0.9882,10.385,30.795,0.0658,0.0737,0.1685,101.1562
19:33:45:567,3.9996,-1.1785,11.1164,30.9254,-0.0935,-0.1162,-0.1151,100.7031
19:33:45:585,3.5028,-1.8465,12.6918,30.7494,-0.0839,-0.2446,-0.3098,100.5156
19:33:45:603,2.9522,-2.1961,13.1335,29.841,0.1414,-0.0707,-0.3335,100.6562
19:33:45:626,3.0467,-2.2727,11.4193,31.4415,0.4197,0.1658,-0.2786,101.0156
19:33:45:648,3.5316,-1.8549,9.2597,29.859,0.4591,0.202,-0.2645,101.2031
19:33:45:663,3.9338,-1.1881,8.5426,31.1774,0.2985,0.1027,-0.3609,101.5
19:33:45:680,3.7554,-0.5417,8.6169,31.8712,0.1787,0.0425,-0.5532,101.75
19:33:45:705,3.012,-0.1861,8.1835,31.4737,0.1718,0.1232,-0.7588,102.0469
19:33:45:721,2.1693,0.076,6.9313,32.6745,0.1358,0.3637,-0.8858,102.5156
19:33:45:742,1.6641,0.3262,5.8096,33.0602,-0.0756,0.5504,-0.9482,103.7031
19:33:45:781,1.026,0.7069,6.3112,32.8352,-0.3513,0.4122,-0.9556,104.7031
19:33:45:781,0.4406,1.2635,8.7581,32.7999,-0.3297,0.1176,-0.9266,105.7344
19:33:45:801,0.4778,1.3641,8.2242,33.3672,0.0059,-0.0534,-0.9032,106.875
19:33:45:821,0.303,1.4838,7.0403,32.6593,0.4264,0.197,-0.8744,107.9688
19:33:45:841,0.0444,1.6598,6.5878,33.1854,0.2501,0.3738,-0.7985,107.9688
19:33:45:864,0.2647,1.8561,7.2821,34.2491,0.0083,0.447,-0.668,109.9219
19:33:45:881,0.6968,1.6741,8.4457,32.2957,-0.13,0.4497,-0.5756,109.9219
19:33:45:901,0.9255,1.497,9.0789,32.7244,-0.1593,0.4811,-0.5173,111.7812
19:33:45:920,1.2056,1.4012,9.1232,35.4941,-0.2075,0.496,-0.4712,112.4844
19:33:45:940,0.8429,1.0373,9.7182,35.1258,-0.2983,0.4715,-0.4347,113.1562
19:33:45:964,0.2443,0.7225,10.6783,34.8801,-0.2828,0.4196,-0.2688,114.5469
19:33:45:981,0.3377,0.4663,11.272,35.3939,-0.1465,0.3557,-0.0102,114.7969
19:33:46:001,0.7052,0.1502,11.181,36.3431,-0.004,0.2867,0.1438,114.9844
19:33:46:021,0.6549,-0.4423,10.9979,35.5806,0.0067,0.1448,0.2013,115.1562
19:33:46:040,0.4418,-0.7416,11.4875,35.1259,-0.1033,0.0193,0.2977,115.0625
19:33:46:064,0.4083,-0.6746,12.2584,36.1222,-0.2567,-0.0464,0.4122,114.8594
19:33:46:082,0.7746,-0.6949,13.264,37.3026,-0.3611,-0.1985,0.4758,114.7344
19:33:46:113,0.9829,-0.7428,14.2947,36.2523,-0.3015,-0.3056,0.4748,114.4062
19:33:46:119,1.0943,-0.9092,14.1762,36.5948,0.0256,-0.2486,0.4596,113.9688
19:33:46:141,0.7651,-1.0109,11.4288,36.94,0.3475,-0.0614,0.4918,113.4375
19:33:46:168,0.7339,-0.5453,9.3148,36.4104,0.4099,0.091,0.5648,112.9062
19:33:46:186,1.0356,-0.3597,8.1979,35.0173,0.2455,-0.2502,0.4623,112.4062
19:33:46:201,0.9554,-0.4268,9.0622,36.1244,-0.0061,-0.6182,0.295,111.8281
19:33:46:224,0.6956,-0.5165,10.4233,37.1863,-0.0985,-0.5996,0.2005,111.1562
19:33:46:246,0.3329,-0.4315,10.3933,35.7743,0.0101,-0.2675,0.1938,110.2969
19:33:46:264,0.054,-0.0808,9.3195,35.5983,0.151,0.092,0.2918,110.0625
19:33:46:281,0.54,0.1957,7.9548,37.4439,0.265,0.2947,0.3909,109.9531
19:33:46:300,1.0871,0.2927,6.7781,36.873,0.306,0.2026,0.3624,109.7031
19:33:46:321,1.2427,0.3334,6.3579,35.0999,0.2642,-0.1221,0.2804,109.2812
19:33:46:341,1.2343,0.4112,7.464,36.328,0.2184,-0.4819,0.2332,108.8281
19:33:46:363,1.1398,0.3681,9.0047,35.5675,0.3108,-0.4843,0.2497,108.4375
19:33:46:381,0.9494,0.5656,9.0753,35.8701,0.5513,-0.1908,0.3147,108.1562
19:33:46:400,1.1601,0.598,7.9548,36.1529,0.698,0.0193,0.3781,107.8594
19:33:46:421,1.3756,0.8889,7.664,36.1813,0.6482,0.0726,0.4042,107.5156
19:33:46:446,1.6449,1.1905,8.1189,36.8262,0.5974,0.0726,0.384,107.0938
19:33:46:464,1.7982,1.3557,8.4133,36.37,0.6192,0.0928,0.3264,106.5781
19:33:46:481,1.6366,1.5149,8.2278,34.3517,0.6581,0.0718,0.2535,106.0625
19:33:46:501,1.0979,1.3007,8.2769,35.5464,0.6139,-0.0414,0.2231,105.625
19:33:46:521,0.9291,1.0157,8.7198,35.3726,0.4312,-0.2054,0.2974,105.2344
19:33:46:541,1.7862,0.7859,9.869,37.5,0.1656,-0.4353,0.3882,104.9219
19:33:46:564,2.7714,0.6327,11.9963,36.2776,-0.0511,-0.6736,0.368,104.7656
19:33:46:581,3.1198,0.4471,13.5537,35.1367,-0.0509,-0.6012,0.3208,104.2031
19:33:46:656,3.3867,0.1275,12.766,35.6038,0.073,-0.3133,0.3376,103.7969
19:33:46:656,3.7423,0.1622,11.2206,35.2298,0.0163,-0.1466,0.3552,103.4531
19:33:46:657,4.2534,0.3071,10.8447,35.7408,-0.2178,-0.2233,0.2452,103.125
19:33:46:673,4.2833,0.2664,12.031,35.057,-0.4197,-0.3751,-0.0099,102.7188
19:33:46:680,3.528,-0.0174,13.5932,36.0814,-0.3585,-0.3548,-0.2549,102.375
19:33:46:700,2.5583,-0.3945,13.2149,33.7081,-0.0261,-0.0621,-0.333,102.2812
19:33:46:720,2.4973,-0.1993,10.8339,36.0259,0.286,0.209,-0.2533,102.5156
19:33:46:740,3.3197,0.3334,8.3655,35.1074,0.3478,0.1605,-0.2539,102.9219
19:33:46:767,4.3169,0.6626,7.3934,34.4082,0.1134,-0.1463,-0.4467,103.2344
19:33:46:781,4.6544,0.7464,8.3367,34.6038,-0.2357,-0.2496,-0.7948,103.4375
19:33:46:800,3.8368,0.416,9.5231,33.6224,-0.4234,-0.0379,-1.1282,103.7656
19:33:46:821,2.2267,0.1251,9.4045,33.6224,-0.3481,0.3666,-1.2539,104.5
19:33:46:840,0.947,0.2568,8.1141,34.1587,-0.2205,0.6944,-1.133,106.3125
19:33:46:871,0.4347,0.6997,7.0918,31.5782,-0.1198,0.7466,-0.9151,107.7656
19:33:46:883,0.5783,1.2061,6.6261,33.6726,-0.0514,0.5927,-0.7234,109.0469
19:33:46:899,0.9841,1.6634,6.7147,32.8901,-0.0109,0.4042,-0.6254,110.0312
19:33:46:920,1.0799,1.9782,7.2701,33.4606,0.0242,0.3035,-0.6225,110.8281
19:33:46:940,0.5568,2.0441,7.5885,32.4303,0.0983,0.3538,-0.6123,111.5156
19:33:46:964,0.224,2.0776,7.7298,33.4678,0.1494,0.4393,-0.509,112.1719
19:33:46:983,0.3569,2.4116,8.2817,31.4686,0.1712,0.5197,-0.3633,112.8594
19:33:47:001,0.7483,2.8449,8.9915,32.7322,0.2477,0.5203,-0.2682,113.4062
19:33:47:023,1.0715,3.0963,9.298,32.7874,0.3851,0.3797,-0.2741,113.7656
19:33:47:051,0.8991,3.1574,9.4764,32.5034,0.4618,0.222,-0.3401,114.0156
19:33:47:070,0.5161,3.0664,9.4692,31.89,0.4434,0.2196,-0.3588,114.2812
19:33:47:084,0.1234,2.8437,9.6559,30.7069,0.2895,0.3216,-0.3162,114.4531
19:33:47:103,-0.1172,2.718,10.6268,31.8974,0.1286,0.4039,-0.2326,114.8281
19:33:47:121,-0.3339,2.5576,11.4097,32.2492,0.0719,0.5341,-0.1364,115.1562
19:33:47:141,-0.377,2.3469,11.2469,30.0683,0.1204,0.5933,-0.0557,115.4375
19:33:47:164,-0.4512,1.8034,10.4915,29.9204,0.1385,0.4255,-0.0219,115.6406
19:33:47:180,-0.4608,0.5644,11.3558,28.0048,-0.3377,-0.0217,0.0505,115.6562
19:33:47:203,-0.8175,-0.0425,13.0497,29.3139,-0.4575,-0.0544,0.1485,115.625
19:33:47:220,-0.9947,-0.3885,13.3226,28.9645,-0.2495,0.0233,0.3427,115.625
19:33:47:242,-0.5302,-0.2568,11.7245,27.6595,0.0615,0.1823,0.5651,115.5625
19:33:47:267,-0.1699,0.2185,8.9927,27.979,0.2352,0.2108,0.6484,115.4062
19:33:47:286,0.024,0.3418,6.9529,27.2021,0.135,-0.0584,0.6066,114.375
19:33:47:300,0.0121,0.1706,6.6811,27.3351,-0.1641,-0.4712,0.5233,114.375
19:33:47:320,-0.1124,0.0796,7.9991,27.2457,-0.4679,-0.7871,0.4804,113.625
19:33:47:339,0.1581,-0.0892,9.7194,26.8636,-0.6112,-0.8033,0.5158,112.9219
19:33:47:364,0.5723,-0.0449,10.5298,27.7384,-0.518,-0.4965,0.5632,112.375
19:33:47:381,0.6585,0.3166,9.3303,26.0833,-0.3369,-0.1104,0.5866,111.9219
19:33:47:400,1.0105,0.6602,7.8531,26.4528,-0.2141,0.0369,0.5954,110.8281
19:33:47:419,1.463,0.9403,6.7769,25.5614,-0.1806,-0.0321,0.5344,110.5
19:33:47:440,1.6318,1.0349,6.4094,25.3483,-0.2543,-0.2475,0.4069,109.875
19:33:47:464,1.3361,1.0828,7.4987,27.4575,-0.3885,-0.4084,0.2785,109.2188
19:33:47:482,1.0117,0.9774,8.6061,26.2733,-0.3949,-0.3128,0.2085,108.6875
19:33:47:501,0.71,0.993,8.6432,26.0785,-0.3073,-0.1232,0.2055,108.3594
19:33:47:520,0.6825,1.2432,8.8647,26.1927,-0.2288,-0.0731,0.2529,108.2344
19:33:47:540,0.8369,1.6813,9.2621,24.785,-0.0975,-0.1221,0.2913,108.0312
19:33:47:565,1.032,2.0704,9.1041,24.0374,0.0423,-0.1873,0.2908,107.8281
19:33:47:583,1.2008,2.299,8.9305,25.0206,0.0533,-0.2672,0.2583,107.5625
19:33:47:603,1.4055,2.493,9.4883,24.3164,-0.0565,-0.2779,0.2069,107.25
19:33:47:619,1.6641,2.4008,10.3443,24.2072,-0.1678,-0.2214,0.1019,106.9219
19:33:47:639,1.4965,1.9088,11.2601,23.9306,-0.257,-0.1849,-0.0243,106.6406
19:33:47:664,1.0703,1.1797,12.1687,23.2408,-0.2906,-0.1298,-0.0661,106.4219
19:33:47:683,0.9111,0.3549,12.8091,22.1163,-0.2767,-0.0901,0.0215,106.3438
19:33:47:699,1.0751,-0.1275,13.4328,23.2669,-0.204,-0.0709,0.2138,106.4219
19:33:47:724,2.0687,-0.4088,13.0916,22.9511,-0.0373,0.0007,0.4282,106.5
19:33:47:738,2.8923,-0.3418,11.9328,22.2897,0.0546,0.0636,0.4836,106.3906
19:33:47:760,3.2036,-0.1754,11.0075,22.3876,-0.0027,0.0468,0.3627,106.0469
19:33:47:783,3.0635,-0.5094,11.0278,23.9942,-0.1688,-0.0499,0.1126,105.5
19:33:47:801,2.3476,-1.0756,12.2848,22.199,-0.2868,-0.0907,-0.0768,104.9844
19:33:47:826,1.5683,-1.3832,13.0473,22.4134,-0.1345,-0.0006,-0.1165,104.7188
19:33:47:839,1.3887,-1.3605,11.922,19.9295,0.188,0.1658,-0.0291,104.7344
19:33:47:860,1.7958,-0.9595,9.8032,21.8301,0.3939,0.1451,0.0404,104.8906
19:33:47:882,2.605,-0.6937,8.4911,20.7719,0.3534,-0.0773,-0.0192,104.9844
19:33:47:902,2.9857,-0.5632,8.2146,20.8932,0.1603,-0.2571,-0.2081,104.9375
19:33:47:919,2.5033,-0.3717,8.5031,22.231,-0.0461,-0.2113,-0.4123,104.875
19:33:47:940,1.7838,-0.2568,8.4289,22.3935,-0.1305,0.0007,-0.526,104.9688
19:33:47:969,1.1936,-0.1538,7.6125,22.5106,-0.1143,0.1959,-0.5359,105.3125
19:33:47:985,0.8118,0.0748,6.4645,21.0072,-0.1039,0.2681,-0.4635,106.1875
19:33:48:001,0.6992,0.4579,5.9485,22.668,-0.1302,0.2167,-0.3761,106.5156
19:33:48:020,0.9099,0.7883,5.8911,21.1773,-0.1007,0.1144,-0.3165,107.0938
19:33:48:039,1.1805,1.0672,5.7594,19.3401,-0.028,0.0212,-0.3231,107.5469
19:33:48:063,1.2619,1.4371,5.6732,20.1831,0.0093,-0.0576,-0.3676,107.9531
19:33:48:081,1.9143,1.977,6.4633,20.4429,-0.0112,-0.1988,-0.4278,108.3125
19:33:48:099,2.1405,2.2224,7.7418,21.0528,-0.0104,-0.3463,-0.57,108.6719
19:33:48:120,1.5168,2.0141,8.8407,21.0584,0.0112,-0.4382,-0.664,109.125
19:33:48:140,0.7794,1.6861,9.6895,21.2026,-0.0154,-0.3277,-0.5759,109.6875
19:33:48:163,0.8584,1.5963,10.3658,19.8378,-0.1071,-0.0606,-0.3604,110.3906
19:33:48:180,1.4223,1.7556,10.9811,21.5228,-0.2517,0.2111,-0.1785,111.1406
19:33:48:199,1.852,2.0201,11.8011,20.2781,-0.3566,0.2995,-0.1042,111.6875
19:33:48:220,1.943,2.0441,13.0389,20.6505,-0.3105,0.1725,-0.1026,112
19:33:48:247,1.5121,1.7448,13.8841,19.2739,-0.1041,0.0974,-0.1074,112.1562
19:33:48:265,0.7615,1.333,13.5944,19.9674,0.1609,0.2015,-0.0347,112.375
19:33:48:282,0.5999,1.0313,11.928,21.7316,0.3025,0.352,0.148,112.5
19:33:48:299,1.2116,1.3078,10.7034,20.8453,0.1451,0.3221,0.307,112.5156
19:33:48:322,2.0914,1.5892,11.6228,19.7627,-0.1246,0.055,0.2788,112.3281
19:33:48:338,2.4949,1.2576,13.2628,19.9161,-0.151,-0.3096,0.0732,111.9531
19:33:48:359,1.8113,0.4352,14.1068,20.9351,0.0527,-0.6006,-0.1186,111.6562
19:33:48:380,0.8273,-0.5357,14.3701,20.3812,0.3699,-0.5098,-0.1436,111.5938
19:33:48:399,0.0827,-1.2001,12.1244,20.9452,0.7318,0.0217,-0.0262,111.7344
19:33:48:419,-0.1148,-1.3342,8.6743,20.374,0.857,0.3584,0.1456,111.8594
19:33:48:440,-0.0729,-1.0205,6.3747,21.3808,0.6637,0.2103,0.2988,111.8281
19:33:48:465,0.2312,-0.337,5.9713,20.7589,0.281,-0.2512,0.3746,111.5781
19:33:48:482,0.9578,0.0688,7.3084,22.5169,-0.1214,-0.6118,0.3571,111.1719
19:33:48:498,1.8784,0.0269,9.1639,22.3802,-0.3262,-0.5402,0.2684,110.75
19:33:48:520,1.9538,0.0401,9.6823,22.6243,-0.2402,-0.1974,0.111,110.5469
19:33:48:540,1.4271,0.0257,8.2338,21.0453,-0.0426,0.0966,0.0111,110.2344
19:33:48:565,1.2104,0.1143,6.7194,22.1987,0.0144,0.1594,0.0029,110.0625
19:33:48:583,1.2966,0.2256,6.1843,21.9901,-0.0386,0.0004,-0.0006,110.0156
19:33:48:601,0.9506,0.1897,6.6979,22.587,-0.2389,-0.3439,-0.0584,110.0156
19:33:48:620,0.6202,0.0389,7.6843,22.0809,-0.2948,-0.3218,0.0079,110.0156
19:33:48:640,0.6011,0.0748,8.1871,22.8013,-0.2285,-0.1729,0.1587,110.0781
19:33:48:665,0.8094,0.4268,8.0123,22.6077,-0.1678,-0.0885,0.2988,110.0781
19:33:48:715,1.2092,0.8697,8.0566,22.7037,-0.22,-0.1037,0.3632,110.2188
19:33:48:715,1.4366,1.0864,9.0706,21.1916,-0.3068,-0.1895,0.3432,110.0781
19:33:48:728,1.4127,1.1199,10.2952,23.3223,-0.2684,-0.1969,0.3137,109.75
19:33:48:738,1.3504,1.1103,10.6376,22.674,-0.1398,-0.1436,0.3078,109.3594
19:33:48:758,1.4462,0.9595,10.543,23.0195,-0.0746,-0.157,0.3161,109.0312
19:33:48:783,1.8999,0.4902,11.0039,25.3198,-0.1228,-0.276,0.3275,108.7031
19:33:48:801,2.441,0.1048,12.1866,23.3132,-0.2229,-0.3847,0.3347,108.3594
19:33:48:821,2.7379,-0.3932,13.6543,25.8114,-0.241,-0.3322,0.3653,107.5
19:33:48:843,3.3879,-0.8613,13.5872,25.4804,-0.1425,-0.0512,0.4628,107.5
19:33:48:869,4.3133,-0.8446,12.2932,25.7958,-0.0847,0.1389,0.4881,107.1406
19:33:48:879,4.7873,-0.8038,11.0386,22.8483,-0.1819,0.1403,0.3166,106.7188
19:33:48:899,4.3671,-0.8817,10.938,26.0217,-0.4218,0.051,0.0484,106.1719
19:33:48:920,3.4585,-1.321,12.1483,27.1295,-0.5558,-0.0004,-0.1388,105.7031
19:33:48:940,2.6517,-1.655,12.9923,27.1295,-0.4213,0.1427,-0.1455,105.5312
19:33:48:965,2.5523,-1.5377,12.1411,26.3044,-0.0876,0.3605,-0.0259,105.6562
19:33:48:982,3.4992,-1.0217,9.808,25.6862,0.1744,0.3666,0.0428,105.9219
19:33:48:999,4.7275,-0.677,8.3403,26.0064,0.1779,0.1046,-0.1151,106.0156
19:33:49:019,4.7933,-0.7739,8.1201,24.5043,0.0493,-0.1266,-0.4374,106.0625
19:33:49:039,3.8129,-0.9463,8.2362,26.4282,-0.0783,-0.0326,-0.6888,106
19:33:49:059,2.5858,-0.9978,7.6807,27.5301,-0.139,0.2753,-0.7599,106.125
19:33:49:081,1.6521,-0.6255,6.7087,26.26,-0.1385,0.4886,-0.6773,106.6094
19:33:49:100,1.3756,-0.2185,5.6097,27.7583,-0.1108,0.4875,-0.5444,107.375
19:33:49:119,1.4654,0.2939,4.9681,28.3946,-0.1345,0.2633,-0.4403,108.6875
19:33:49:139,1.6569,0.8218,5.1812,26.7409,-0.2439,-0.0254,-0.4209,109.4062
19:33:49:158,1.5719,1.0684,6.3436,28.8564,-0.3963,-0.2323,-0.4765,109.9375
19:33:49:182,1.5516,1.0277,7.8794,29.2054,-0.5215,-0.2251,-0.4967,110.4375
19:33:49:199,1.5157,1.1606,9.4237,28.6376,-0.5755,-0.0523,-0.4818,110.9844
19:33:49:219,1.6186,1.321,10.6902,28.3969,-0.5153,0.1685,-0.4507,111.5625
19:33:49:239,2.1609,1.3701,11.0661,29.562,-0.3523,0.3656,-0.4592,112.1875
19:33:49:259,2.3081,1.5269,10.865,30.2973,-0.196,0.4225,-0.5463,112.7812
19:33:49:281,1.9669,1.4539,10.9081,28.3998,-0.0701,0.3645,-0.6597,113.3594
19:33:49:299,1.0871,0.9834,10.9835,29.4832,0.0661,0.3168,-0.6821,113.9375
19:33:49:319,0.2802,0.7153,11.0721,32.4005,0.2144,0.3064,-0.53,114.6562
19:33:49:339,0.2419,0.5501,11.0182,29.9838,0.3718,0.1972,-0.3037,115.4688
19:33:49:364,0.3856,0.4052,11.3857,30.7978,0.4639,0.0119,-0.1226,116.1406
19:33:49:382,0.6238,0.0341,12.371,30.1394,0.546,-0.0638,0.0255,116.5938
19:33:49:399,0.9219,-0.3011,12.3327,31.6131,0.6272,0.1621,0.1549,116.8281
19:33:49:419,1.0536,-0.1443,11.1164,31.3056,0.5404,0.4449,0.2495,116.75
19:33:49:438,1.3911,0.0521,10.622,33.6171,0.2234,0.4428,0.2649,116.5156
19:33:49:459,1.8197,-0.2245,11.7724,32.1769,-0.1212,0.1903,0.1691,116.3594
19:33:49:482,1.4618,-1.0529,13.7967,33.1052,-0.2176,-0.0883,0.0407,116.0156
19:33:49:499,0.4454,-1.7137,14.8885,33.0401,0.0658,-0.1202,0.0724,115.7656
19:33:49:519,0.0719,-2.2188,12.7696,32.8944,0.5204,0.1911,0.274,115.6719
19:33:49:539,0.3018,-1.9615,9.1747,34.4347,0.6858,0.4305,0.4836,115.6562
19:33:49:564,0.631,-1.5784,6.8487,33.5145,0.4938,0.3099,0.5714,115.4531
19:33:49:583,0.6106,-1.0157,6.6608,35.8105,0.1582,-0.0417,0.5986,114.9688
19:33:49:598,0.9937,-0.7308,8.1225,34.8982,-0.0751,-0.3263,0.6061,114.2969
19:33:49:619,1.1266,-0.6602,9.2286,35.4364,-0.0743,-0.3839,0.5691,113.6094
19:33:49:639,1.0164,-0.5668,9.2872,36.3424,0.0746,-0.3362,0.5608,112.9375
19:33:49:664,0.9375,-0.3035,8.6552,36.507,0.2141,-0.2129,0.5983,112.2812
19:33:49:682,1.208,0.009,7.7094,35.597,0.2823,-0.0747,0.625,111.3438
19:33:49:699,1.2882,0.2999,6.9014,35.9695,0.269,0.0369,0.5949,110.6406
19:33:49:719,1.0787,0.6722,6.3555,36.7943,0.2128,0.0532,0.5435,109.9062
19:33:49:738,0.7675,0.9319,6.34,36.0728,0.1643,-0.0725,0.4916,109.2031
19:33:49:759,0.5436,0.7584,6.8583,36.7354,0.1369,-0.2427,0.4548,108.5938
19:33:49:783,0.3114,0.501,7.4413,36.8784,0.1268,-0.2744,0.4921,108.0156
19:33:49:800,0.4227,0.5764,7.8483,39.1999,0.1017,-0.2188,0.5949,107.4844
19:33:49:819,1.0871,0.8206,8.2697,37.4019,0.0344,-0.1764,0.6687,106.9531
19:33:49:840,2.0148,1.1774,9.3219,38.8061,-0.0935,-0.1532,0.6575,106.2656
19:33:49:859,2.617,1.5161,11.3642,38.5049,-0.1689,-0.1362,0.5182,105.5
19:33:49:882,3.6333,1.7615,14.7604,40.0619,-0.0067,-0.108,0.2838,104.7812
19:33:49:901,4.3731,1.4623,15.4379,39.8502,0.4626,0.3613,-0.1159,104.2188
19:33:49:921,1.2463,0.2723,10.1072,41.4392,0.7585,0.7352,-0.4808,104.0156
19:33:49:939,1.3648,0.2424,10.6759,40.8432,0.6019,0.6641,-0.4552,103.875
19:33:49:965,2.3847,0.5585,11.4588,41.0773,0.3214,0.4926,-0.203,103.9688
19:33:49:982,3.3376,0.7775,10.5765,41.7191,0.3627,0.6883,-0.0006,104.8594
19:33:49:999,3.3783,0.9272,8.8982,41.1587,0.3523,0.6212,-0.1425,105.0625
19:33:50:020,2.9115,1.0696,8.0434,42.3647,0.1398,0.311,-0.3322,104.9688
19:33:50:039,2.459,0.7129,8.5151,42.5474,-0.1816,-0.0715,-0.4986,104.9688
19:33:50:065,2.2674,-0.0581,10.5729,43.8432,-0.5017,-0.3045,-0.5916,105.0938
19:33:50:082,1.9813,-0.7284,12.705,42.9597,-0.5728,-0.1791,-0.578,106.0156
19:33:50:098,2.0591,-1.06,13.3993,43.3732,-0.3057,0.0753,-0.4853,106.0156
19:33:50:118,2.6936,-1.1833,11.9771,43.3129,0.0724,0.16,-0.4057,106.7344
19:33:50:138,3.2861,-0.8948,10.2964,43.7285,0.2333,-0.0076,-0.4379,107.4219
19:33:50:160,3.2754,-0.5345,9.6009,44.4302,0.2173,-0.1452,-0.59,107.9688
19:33:50:181,2.4171,-0.4411,8.9473,44.9854,0.1755,-0.0582,-0.7529,108.4219
19:33:50:199,1.4809,-0.3226,7.828,43.8719,0.1553,0.185,-0.7764,108.9062
19:33:50:223,1.0105,0.021,6.6093,45.1912,0.1217,0.3576,-0.7175,109.5469
19:33:50:237,0.8812,0.428,5.8085,45.8417,0.0685,0.3834,-0.6571,110.8438
19:33:50:261,0.7339,0.8003,5.4373,45.255,0.0107,0.2814,-0.6376,111.6875
19:33:50:284,0.3904,1.0768,5.4996,45.2585,-0.0538,0.1253,-0.6169,112.4062
19:33:50:304,0.1402,1.3533,6.0203,44.9867,-0.1417,-0.0193,-0.5695,113.125
19:33:50:318,-0.1735,1.8549,7.0726,47.5953,-0.1851,-0.0462,-0.5228,113.8438
19:33:50:338,-0.2944,2.2607,7.9692,45.4573,-0.1111,-0.0361,-0.4999,114.4844
19:33:50:360,-0.796,2.3457,8.6599,47.7201,0.0011,-0.1229,-0.4904,115.125
19:33:50:382,-1.3921,2.1338,9.8511,47.1049,0.1337,-0.3295,-0.3822,115.7031
19:33:50:399,-1.44,2.068,10.7405,46.8019,0.3129,-0.4768,-0.1838,116
19:33:50:419,-0.9444,2.0728,11.2086,47.0803,0.4213,-0.4662,-0.0019,116.5312
19:33:50:437,-0.2106,2.2619,11.7509,49.4062,0.3981,-0.2233,0.1123,116.9844
19:33:50:458,0.2479,2.4427,11.9628,47.9095,0.3345,0.1376,0.1208,117.2031
19:33:50:482,0.2156,2.3745,12.037,49.2451,0.2911,0.377,0.0548,117.2188
19:33:50:501,-0.1711,1.9974,12.007,49.6553,0.29,0.4651,0.0236,117.0781
19:33:50:518,-0.4811,1.6155,11.7616,48.3601,0.3084,0.4444,0.0958,116.8438
19:33:50:539,-0.5075,1.564,11.6743,49.007,0.2751,0.3962,0.233,116.7812
19:33:50:558,-0.2465,1.8322,11.7161,50.5734,0.1883,0.3876,0.3733,116.6875
19:33:50:582,0.0193,2.1267,11.8299,51.638,0.0887,0.3722,0.4561,116.4531
19:33:50:598,0.1905,2.0824,12.1435,49.6081,0.0525,0.2713,0.4937,116.0781
19:33:50:618,0.206,1.7005,12.3255,50.8864,0.1409,0.1461,0.5206,115.5781
19:33:50:638,0.2623,1.3378,11.5653,51.1482,0.3188,0.1757,0.5802,115
19:33:50:660,0.291,1.0792,9.4093,51.1796,0.452,0.2609,0.5877,114.4062
19:33:50:680,0.2826,0.9319,7.4389,51.6252,0.3276,0.1405,0.5121,113.7969
19:33:50:699,0.3485,0.5968,6.996,50.8621,-0.0165,-0.0944,0.368,113.0938
19:33:50:718,-0.11,0.1179,7.7071,52.0163,-0.355,-0.3261,0.2149,112.4219
19:33:50:782,-0.5685,-0.3023,9.2717,53.0096,-0.5313,-0.4976,0.2069,111.9062
19:33:50:782,-0.5781,-0.3226,10.0977,53.406,-0.4631,-0.4097,0.2977,111.625
19:33:50:783,-0.3171,0.0976,9.6116,54.1656,-0.3031,-0.158,0.4039,111.4531
19:33:50:798,-0.1471,0.2903,8.3116,52.4252,-0.2178,0.2031,0.479,111.2188
19:33:50:825,-0.4093,0.4675,7.4365,54.0594,-0.2045,0.324,0.5882,110.6406
19:33:50:838,-0.1603,0.4735,7.737,53.7976,-0.1116,0.1671,0.7438,110.375
19:33:50:862,0.285,0.7057,7.5754,55.9847,0.1425,0.0191,0.8857,109.3906
19:33:50:884,0.6753,1.1139,6.565,54.5632,0.3579,-0.1093,0.9464,108.5781
19:33:50:901,1.1266,1.5317,5.4469,54.3161,0.3486,-0.1479,0.8945,108.0781
19:33:50:918,1.0751,2.0333,4.8005,56.004,0.0868,-0.1314,0.7326,107.0156
19:33:50:940,0.6489,2.1614,5.4685,55.3373,-0.2719,-0.1783,0.5613,105.9375
19:33:50:969,0.1773,1.8513,6.7937,57.7691,-0.4978,-0.2156,0.4663,105.0469
19:33:50:984,-0.1124,1.6035,7.5682,56.3517,-0.5542,-0.1828,0.4742,104.3281
19:33:50:998,-0.019,1.5497,7.5778,54.9229,-0.6128,-0.0651,0.5022,103.7812
19:33:51:018,0.5795,1.5137,7.6771,57.8526,-0.857,0.0015,0.4902,103.3125
19:33:51:040,1.3481,1.3114,9.9684,57.1204,-1.2014,-0.1519,0.3832,102.7969
19:33:51:066,1.9274,0.8302,13.5693,57.1204,-1.3015,-0.3064,0.2378,102.25
19:33:51:082,2.2124,-0.1071,16.4495,57.5279,-0.9875,-0.3564,0.1371,101.8125
19:33:51:099,2.4673,-0.7189,16.55,58.7605,-0.424,-0.2667,0.1818,101.4531
19:33:51:118,3.3352,-0.7009,14.6514,59.1315,-0.0405,-0.1663,0.2702,101.3594
19:33:51:138,3.9326,-0.0293,13.0198,58.0904,-0.0549,-0.0068,0.193,101.1875
19:33:51:158,4.0583,0.2316,12.4476,58.5356,-0.2703,0.1727,-0.0363,100.875
19:33:51:184,3.7279,0.07,12.5924,60.0389,-0.4791,0.2862,-0.301,100.6562
19:33:51:200,2.7965,-0.5848,13.586,58.6803,-0.5417,0.3277,-0.4736,100.7188
19:33:51:219,1.8855,-1.1019,14.1858,58.6201,-0.2618,0.3685,-0.4547,101.0781
19:33:51:237,1.8496,-1.388,12.4093,60.3112,0.277,0.332,-0.3218,101.6562
19:33:51:259,2.4733,-1.2611,9.699,59.6793,0.6139,0.0612,-0.2448,102.2031
19:33:51:283,3.0946,-1.0552,8.1524,60.2251,0.5987,-0.2307,-0.3615,102.5469
19:33:51:299,2.7702,-0.8757,7.634,60.6545,0.3936,-0.3375,-0.6062,102.7969
19:33:51:319,1.9586,-0.7787,7.634,60.6558,0.2083,-0.2696,-0.8004,103.1875
19:33:51:338,1.208,-0.6746,7.2725,59.8913,0.106,-0.1034,-0.8994,103.8125
19:33:51:359,0.5783,-0.4471,6.8116,60.8981,-0.0016,0.0798,-0.9242,104.25
19:33:51:383,0.0576,0.2197,6.9648,62.1001,-0.1683,0.3706,-0.8163,105.2344
19:33:51:400,-0.0154,0.5513,6.9984,59.8265,-0.1097,0.409,-0.7748,106.8125
19:33:51:420,0.0181,0.9128,6.8332,62.1867,-0.0359,0.3387,-0.7292,108.7188
19:33:51:439,0.2192,1.2623,7.251,62.5874,-0.0067,0.2324,-0.6888,109.6094
19:33:51:462,0.479,1.5281,7.6891,61.4372,0.0285,0.1962,-0.6744,110.4062
19:33:51:484,0.5939,1.7292,8.1631,62.3269,0.061,0.1698,-0.6922,110.4062
19:33:51:502,0.5903,1.7544,8.7413,62.4869,0.0788,0.1384,-0.7322,111.1875
19:33:51:517,0.2479,1.5568,9.2022,62.789,0.0892,0.1221,-0.7702,111.9531
19:33:51:537,-0.3171,1.1953,9.7062,63.3321,0.0794,0.1347,-0.7431,112.7031
19:33:51:557,-0.7541,0.8853,10.1408,62.7098,0.0786,0.1717,-0.6145,113.5469
19:33:51:583,-1.0486,0.829,10.3503,63.2361,0.0642,0.1922,-0.4318,114.4219
19:33:51:599,-1.021,0.9044,10.6878,63.3447,0.0197,0.1538,-0.2448,115.2656
19:33:51:617,-0.7421,0.8254,11.4217,66.3371,-0.0421,0.0955,-0.1063,115.9219
19:33:51:637,-0.4907,0.5261,12.1244,64.1633,-0.077,0.1043,-0.0182,116.4219
19:33:51:657,-0.5039,0.167,12.1698,64.4285,-0.1214,0.1634,0.0266,116.7656
19:33:51:686,-0.7409,-0.0856,12.262,66.1916,-0.2581,0.1877,0.0782,116.8281
19:33:51:701,-0.8977,-0.3729,12.8714,66.2022,-0.4107,0.2356,0.1403,116.8125
19:33:51:718,-1.2293,-0.7883,13.2867,66.9913,-0.4647,0.2806,0.2023,116.7656
19:33:51:737,-1.3921,-1.2611,13.4723,66.2212,-0.3406,0.1719,0.3366,116.6562
19:33:51:758,-1.2461,-1.4647,13.0713,67.5199,-0.0652,0.0084,0.5193,116.4688
19:33:51:785,-0.9073,-1.2911,11.6671,65.5896,0.2189,-0.0158,0.6881,116.1719
19:33:51:802,-0.3794,-1.1079,9.5674,68.0538,0.3521,0.0103,0.7661,115.7188
19:33:51:818,-0.0059,-1.09,8.0949,67.8018,0.2573,-0.0456,0.7371,115.3906
19:33:51:840,-0.2166,-0.9978,7.7897,68.2019,0.0826,-0.1343,0.6769,114.6094
19:33:51:857,-0.3494,-0.823,7.737,69.3222,-0.0163,-0.2259,0.6729,113.7188
19:33:51:879,-0.0346,-0.5177,7.8256,69.1989,-0.0615,-0.361,0.6862,112.9062
19:33:51:899,0.5017,-0.1263,8.0171,68.3296,-0.0692,-0.4845,0.6362,112.1406
19:33:51:919,0.8141,0.0868,8.1236,68.5052,-0.0597,-0.4811,0.5169,111.375
19:33:51:937,0.9901,0.0784,7.7741,70.9568,-0.0232,-0.3684,0.4037,109.9062
19:33:51:958,1.0883,-0.0281,7.0726,70.6631,-0.0141,-0.3002,0.3083,109.5938
19:33:51:986,1.0895,-0.0928,6.7242,70.9189,-0.0663,-0.3117,0.2575,109.0625
19:33:52:002,1.0787,0.0198,6.8882,70.8183,-0.1185,-0.3423,0.2516,108.6719
19:33:52:017,1.2774,0.2328,7.075,71.3867,-0.1201,-0.3104,0.2684,108.3594
19:33:52:037,1.7479,0.5249,6.966,71.8819,-0.1284,-0.2281,0.2513,108.0781
19:33:52:058,2.131,0.9188,7.1636,72.2004,-0.1958,-0.2014,0.1552,107.7969
19:33:52:082,1.9011,0.9691,8.0291,71.8494,-0.2717,-0.2773,-0.0075,107.5
19:33:52:099,1.0296,0.5776,9.377,72.4882,-0.3233,-0.3285,-0.0653,107.2656
19:33:52:117,0.5101,0.2951,10.6471,74.7431,-0.3052,-0.2036,0.0633,107.1875
19:33:52:140,0.5807,0.4759,11.0099,74.2636,-0.2107,0.002,0.2644,107.2656
19:33:52:158,1.5324,0.7859,10.6387,74.3831,-0.1334,0.0255,0.3643,107.3125
19:33:52:181,2.0663,0.9056,10.8674,75.3581,-0.1678,-0.2134,0.2639,107.125
19:33:52:199,2.0603,0.3466,12.2357,75.2986,-0.2402,-0.5165,0.1054,106.75
19:33:52:217,1.8065,-0.58,13.8817,76.6004,-0.2288,-0.5333,0.0692,106.4062
19:33:52:237,1.7742,-1.1199,13.9787,76.9655,-0.0996,-0.2763,0.1967,106.1562
19:33:52:258,2.2399,-1.2815,12.7026,76.2017,-0.0125,-0.1239,0.3331,106.0781
19:33:52:283,2.9031,-1.2085,11.8754,77.2028,-0.0384,-0.2004,0.3619,105.8594
19:33:52:300,3.3352,-1.1929,11.8047,77.4305,-0.1001,-0.418,0.2346,105.4688
19:33:52:318,3.0898,-1.5544,12.7564,77.0251,-0.1198,-0.5935,0.0255,105.2656
19:33:52:337,2.2112,-2.1362,13.4807,77.3538,0.0461,-0.4819,-0.0845,104.9062
19:33:52:359,1.6737,-2.2978,12.3027,78.4026,0.3736,-0.129,0.0117,104.75
19:33:52:385,2.4422,-1.9674,9.4991,77.3163,0.5718,0.116,0.1536,104.7969
19:33:52:399,3.5232,-1.3509,7.4377,78.2937,0.4293,0.0039,0.0918,104.8281
19:33:52:417,4.354,-1.0457,7.4545,77.3598,0.0541,-0.2654,-0.1641,104.6719
19:33:52:437,4.2798,-0.8745,9.0263,77.6499,-0.2392,-0.3927,-0.5207,104.4531
19:33:52:458,3.3364,-0.975,9.9325,78.6419,-0.2333,-0.2211,-0.8323,104.4375
19:33:52:482,1.8784,-0.999,8.7809,79.9193,-0.0629,0.1213,-0.9538,104.8125
19:33:52:501,0.8417,-0.8242,6.8787,78.3931,-0.0032,0.3237,-0.876,105.625
19:33:52:517,0.6274,-0.3597,6.0311,79.1745,-0.0967,0.336,-0.7253,107.25
19:33:52:540,0.7375,0.0748,6.0132,79.1967,-0.1792,0.2731,-0.615,108.2031
19:33:52:558,0.8297,0.2604,6.3053,79.4137,-0.1627,0.1594,-0.5567,109.0469
19:33:52:582,0.7351,0.4435,6.3819,80.471,-0.0903,0.1072,-0.509,109.7812
19:33:52:599,0.6154,0.6135,6.261,80.8296,-0.0831,0.1072,-0.4531,110.3906
19:33:52:617,0.4407,0.6973,6.5004,82.0649,-0.1515,0.124,-0.3764,111
19:33:52:638,0.6178,0.9092,7.2031,80.2414,-0.2168,0.063,-0.2424,111.5156
19:33:52:657,1.293,1.1438,8.4169,81.3417,-0.265,-0.0851,-0.1468,111.9688
19:33:52:684,2.0448,1.5688,10.3311,81.5344,-0.2988,-0.1338,-0.1601,112.25
19:33:52:702,2.5703,1.7268,12.104,83.331,-0.1798,-0.0158,-0.2983,112.4375
19:33:52:718,2.362,1.4132,12.3925,81.3623,0.0272,0.2404,-0.4765,112.6562
19:33:52:737,1.6222,1.0756,11.5509,82.5261,0.1257,0.4476,-0.5186,112.9844
19:33:52:758,1.0763,0.8841,11.3774,82.9182,0.0615,0.43,-0.4003,113.5469
19:33:52:784,1.4773,0.3286,13.4831,83.0948,0.0269,0.2446,-0.2057,114.1406
19:33:52:850,1.4642,0.185,13.0078,83.8207,0.4048,0.1256,0.0905,114.3906
19:33:52:850,1.554,0.1909,11.43,83.4711,0.4549,0.1224,0.1848,114.8281
19:33:52:850,1.463,0.3226,10.8075,83.3177,0.2152,0.1416,0.2034,114.8594
19:33:52:865,1.2679,0.2484,11.1248,85.1293,-0.1121,0.2263,0.1709,114.5
19:33:52:886,1.0583,-0.2388,11.6599,85.0633,-0.3161,0.2255,0.1182,114.5
19:33:52:900,0.7603,-0.8206,12.5338,84.4601,-0.2922,0.0127,0.0937,114.25
19:33:52:916,0.4514,-1.0936,13.3119,83.8434,0.0085,-0.2041,0.1163,114.0625
19:33:52:936,0.0432,-1.4036,12.3315,85.981,0.4354,-0.1484,0.1504,113.9531
19:33:52:957,-0.2764,-1.564,9.608,85.7408,0.6557,0.043,0.217,113.875
19:33:52:983,-0.1711,-1.5652,7.5754,85.2792,0.5518,0.0518,0.279,113.7344
19:33:53:002,-0.0957,-1.4048,6.6752,84.124,0.2812,-0.1721,0.3041,113.5312
19:33:53:018,-0.1483,-0.9954,7.1504,84.169,-0.009,-0.5365,0.3387,113.25
19:33:53:036,0.3197,-0.6291,8.7174,84.0357,-0.1782,-0.7623,0.3917,112.875
19:33:53:055,0.9243,-0.5501,9.7098,84.8277,-0.119,-0.6377,0.3858,112.1406
19:33:53:076,0.8285,-0.3741,8.9018,84.0965,0.0762,-0.2385,0.369,111.7188
19:33:53:101,0.8728,-0.1131,7.0678,85.439,0.1728,0.0955,0.3946,111.4844
19:33:53:119,1.1374,-0.1538,5.672,84.3856,0.0756,0.1381,0.3824,111.0625
19:33:53:136,1.0703,-0.088,5.824,85.0863,-0.159,-0.0259,0.3685,110.6406
19:33:53:157,1.0428,0.1335,7.3575,83.836,-0.2727,-0.1604,0.3864,110.1719
19:33:53:182,1.0691,0.1754,8.2876,83.836,-0.1324,-0.1466,0.3965,109.75
19:33:53:198,1.208,0.2879,7.8016,85.1013,0.074,-0.068,0.4189,109.3594
19:33:53:217,1.7599,0.6638,7.2881,85.3288,0.1108,-0.0643,0.4095,108.9375
19:33:53:237,2.295,0.926,7.409,84.5775,-0.008,-0.1487,0.29,108.4688
19:33:53:258,2.2543,0.9846,8.4121,86.5997,-0.1803,-0.2507,0.1267,108
19:33:53:283,2.0795,0.7464,9.6416,85.1697,-0.2549,-0.3096,0.0194,107.7656
19:33:53:302,1.7958,0.4423,10.3969,85.1319,-0.2503,-0.2917,-0.0121,107.4375
19:33:53:318,1.6677,0.1359,10.8147,87.3069,-0.2405,-0.2574,0.0407,107.2969
19:33:53:338,2.0196,-0.2149,11.2229,87.7873,-0.2509,-0.2837,0.1176,107.3125
19:33:53:356,2.6098,-0.7416,11.9903,84.9046,-0.2999,-0.3303,0.1674,107.3438
19:33:53:379,3.0527,-1.5113,13.2053,88.8692,-0.3206,-0.2821,0.2311,107.3125
19:33:53:400,3.449,-2.2057,13.1814,87.0782,-0.2226,-0.0385,0.3789,107.1406
19:33:53:416,3.9266,-2.2452,11.9436,85.1564,-0.1292,0.1099,0.5131,106.9375
19:33:53:437,4.251,-2.0608,10.7417,86.372,-0.1545,0.0401,0.4886,106.6406
19:33:53:457,4.0774,-2.0189,10.4137,87.2804,-0.2764,-0.2164,0.3272,106.1562
19:33:53:482,3.7051,-2.1841,11.2002,85.7807,-0.3569,-0.4568,0.1576,105.5781
19:33:53:499,3.2227,-2.2883,12.0513,85.9919,-0.3196,-0.4337,0.0535,105.125
19:33:53:517,3.0312,-2.2392,12.104,86.1362,-0.1875,-0.1247,0.0367,104.875
19:33:53:541,3.3029,-1.8549,10.7884,86.0944,-0.0629,0.222,0.0162,104.7969
19:33:53:555,3.6429,-1.5341,9.644,85.5388,-0.0453,0.2406,-0.1063,104.7812
19:33:53:578,3.6884,-1.2887,9.2429,85.2056,-0.1009,0.1594,-0.2829,104.75
19:33:53:600,3.346,-1.1043,9.2657,85.3543,-0.159,0.1959,-0.4627,104.7969
19:33:53:617,2.6876,-1.0026,8.8563,85.1242,-0.1212,0.3283,-0.5889,105.0469
19:33:53:637,1.9693,-0.8733,7.9441,84.6632,-0.0258,0.4034,-0.6121,105.5
19:33:53:657,1.5336,-0.5118,6.9708,84.7047,0.0743,0.3783,-0.5481,106.4844
19:33:53:683,1.6437,-0.088,6.328,84.8607,0.1387,0.2777,-0.4794,107.2188
19:33:53:700,2.016,0.2999,5.8587,83.9034,0.1481,0.2106,-0.4736,107.8438
19:33:53:716,2.2183,0.5477,5.7426,85.9302,0.0642,0.1794,-0.5575,108.375
19:33:53:737,1.9634,0.5728,6.3412,85.6577,-0.0788,0.1706,-0.6616,108.625
19:33:53:757,1.2918,0.3837,7.5957,85.7439,-0.1968,0.246,-0.681,109.2031
19:33:53:785,0.6454,0.2999,8.9066,84.5217,-0.2056,0.4036,-0.5476,109.9219
19:33:53:803,0.8129,0.507,9.7709,84.4222,-0.1241,0.5805,-0.3279,110.6875
19:33:53:820,1.864,0.9403,10.3467,85.62,-0.0077,0.6553,-0.1985,111.4531
19:33:53:836,2.5607,1.345,10.9009,85.2839,0.114,0.6228,-0.272,112
19:33:53:857,2.0603,1.0732,11.2038,84.2033,0.2533,0.5107,-0.4251,112.3125
19:33:53:880,0.9686,0.495,11.2445,83.8834,0.3699,0.4356,-0.3963,112.5781
19:33:53:903,0.279,0.1754,11.1727,84.296,0.4194,0.3709,-0.1492,113
19:33:53:917,0.4335,0.1143,11.7245,83.1864,0.3976,0.2433,0.1682,113.5
19:33:53:937,1.2738,0.1323,12.7768,83.6904,0.4213,0.0931,0.3941,113.8281
19:33:53:957,1.925,0.0868,13.0988,83.1401,0.5265,0.0771,0.4362,113.625
19:33:53:977,1.6725,-0.0832,11.9675,84.095,0.5838,0.1296,0.3563,113.1406
19:33:54:002,1.135,-0.1359,10.9572,84.2887,0.4325,0.1352,0.3299,112.6406
19:33:54:018,1.2367,-0.1921,10.7776,83.4855,0.1113,0.1213,0.3222,112.2031
19:33:54:037,1.4378,-0.5165,12.0872,82.486,-0.1446,-0.0006,0.2378,111.7969
19:33:54:057,0.9123,-0.9379,13.0749,82.5704,-0.0826,-0.1514,0.1451,111.4375
19:33:54:077,0.0648,-1.2193,12.8534,82.155,0.1654,-0.1319,0.1627,111.1719
19:33:54:102,-0.4273,-1.2492,10.8315,80.9372,0.3928,0.0846,0.2929,111.0156
19:33:54:118,-0.4189,-1.0983,8.5594,79.8858,0.4253,0.1837,0.4231,110.8125
19:33:54:142,-0.2633,-0.9427,7.2103,79.7505,0.2937,0.0625,0.4945,110.4688
19:33:54:156,-0.2692,-0.6434,6.7841,80.517,0.1222,-0.2124,0.5382,109.9688
19:33:54:178,0.528,-0.0581,7.9668,79.0187,-0.0131,-0.5397,0.5983,109.375
19:33:54:202,1.0943,0.0114,8.4002,78.3667,-0.0123,-0.7176,0.5858,108.7812
19:33:54:218,1.1374,0.0138,8.0722,79.0973,0.0674,-0.4648,0.4945,108.7812
19:33:54:236,0.9901,-0.088,6.7721,79.451,0.0975,-0.1349,0.4375,107.375
19:33:54:258,0.9159,-0.2484,5.5942,76.6392,0.0029,-0.0555,0.418,106.1562
19:33:54:283,0.8381,-0.3047,5.8504,79.3173,-0.1635,-0.2235,0.4212,105.6562
19:33:54:302,0.8165,-0.3094,6.9313,77.8787,-0.2264,-0.3588,0.4516,105.6562
19:33:54:316,0.7878,-0.2029,7.7681,77.2009,-0.1473,-0.3676,0.4932,105.1719
19:33:54:335,1.1409,-0.0712,7.9979,78.4719,-0.0256,-0.3335,0.5512,104.7188
19:33:54:355,1.7443,0.3035,8.0961,76.328,0.0109,-0.2869,0.5645,104.2188
19:33:54:378,2.0974,0.6399,8.4828,75.4481,-0.045,-0.3144,0.4924,103.6719
19:33:54:401,2.344,0.7572,9.4393,76.3861,-0.1207,-0.3844,0.4042,103.0781
19:33:54:418,2.5823,0.7847,10.4436,75.4879,-0.1531,-0.3538,0.3318,102.4219
19:33:54:435,2.8121,0.8003,11.0805,75.6354,-0.1723,-0.2028,0.2391,101.8594
19:33:54:455,3.018,0.6004,11.6072,76.0779,-0.2085,-0.0566,0.1262,101.4219
19:33:54:477,3.1688,0.2448,12.2764,76.2499,-0.2304,0.0108,0.0159,100.7969
19:33:54:502,3.2143,-0.3154,12.9551,75.1875,-0.2165,0.0177,-0.0648,100.6719
19:33:54:521,3.0874,-0.9607,13.4555,74.4192,-0.1465,0.0532,-0.0493,100.6719
19:33:54:539,3.3891,-1.327,12.8366,73.8335,-0.0719,0.1826,0.0516,100.7344
19:33:54:556,3.7399,-1.2372,11.8275,74.3642,-0.1286,0.2321,0.0676,100.8281
19:33:54:576,3.6872,-1.248,11.7485,74.7076,-0.2946,0.1432,-0.0536,100.8594
19:33:54:598,3.2802,-1.5915,12.936,74.1534,-0.3963,0.1067,-0.1913,100.7812
19:33:54:616,2.7175,-2.0919,13.6375,72.7918,-0.2336,0.2646,-0.2379,100.7969
19:33:54:635,2.4566,-2.2535,12.4991,72.4408,0.1249,0.4899,-0.1798,100.9844
19:33:54:657,2.8109,-1.9435,10.1037,69.8759,0.3934,0.557,-0.1324,101.125
19:33:54:676,3.595,-1.6682,7.9142,69.7317,0.4194,0.3333,-0.22,101.4375
19:33:54:701,4.0248,-1.4455,7.3946,69.4479,0.192,-0.0773,-0.452,101.6406
19:33:54:717,3.7566,-1.388,8.3415,69.2349,-0.0775,-0.2534,-0.7399,101.7812
19:33:54:736,2.7499,-1.5508,8.8623,68.4931,-0.1952,-0.075,-0.95,102
19:33:54:756,1.5324,-1.3234,8.2936,68.2649,-0.1907,0.2244,-0.9575,102.4844
19:33:54:776,1.2463,-0.8817,7.3419,67.3508,-0.2013,0.3909,-0.8241,103.875
19:33:54:800,1.4163,-0.1586,7.0486,66.4594,-0.2314,0.4084,-0.6981,104.9531
19:33:54:817,1.6641,0.3621,7.0678,66.2711,-0.188,0.3392,-0.6427,106.0156
19:33:54:835,1.6006,0.5393,6.9349,65.8249,-0.0756,0.2649,-0.6469,106.9062
19:33:54:924,1.463,0.653,6.6452,66.5149,0.0333,0.2103,-0.6246,107.6562
19:33:54:924,1.4426,0.7344,6.419,64.8209,0.0639,0.2207,-0.5737,108.4219
19:33:54:925,1.6521,1.0864,6.674,63.6432,0.0085,0.1938,-0.5521,109.1719
19:33:54:926,1.7862,1.2863,7.3132,63.7245,-0.0708,0.1813,-0.6174,109.8281
19:33:54:941,1.4115,1.3138,8.2948,64.0856,-0.1124,0.2106,-0.7348,110.4531
19:33:54:956,0.7794,1.0002,8.9556,63.1939,-0.1132,0.2596,-0.8089,111.125
19:33:54:977,0.2707,0.5692,9.632,63.0739,-0.1132,0.2785,-0.7948,112.3125
19:33:55:000,-0.304,0.2783,10.4987,62.8937,-0.1031,0.2785,-0.7018,112.7812
19:33:55:025,-0.6571,0.1287,11.4719,61.3292,-0.0466,0.3168,-0.5444,113.7188
19:33:55:035,-0.8403,-0.1215,11.5713,63.8983,0.0663,0.3842,-0.3639,114.6094
19:33:55:061,-0.4907,-0.5201,11.1212,61.8408,0.1371,0.3221,-0.1681,115.3125
19:33:55:075,0.2,-0.8984,11.0601,61.6604,0.1134,0.2153,-0.0496,115.8438
19:33:55:096,0.3185,-0.9595,11.2038,60.9796,0.0376,0.254,-0.0208,116.1406
19:33:55:118,-0.0382,-0.7368,11.0003,60.323,-0.065,0.4015,0.0007,116.25
19:33:55:137,-0.4763,-0.258,10.7609,59.6001,-0.2354,0.5437,0.0676,116.2812
19:33:55:160,-0.2728,-0.0629,10.865,59.9882,-0.4386,0.5911,0.1347,116.2969
19:33:55:175,0.0576,-0.24,11.448,59.1101,-0.6224,0.4079,0.1496,116.2812
19:33:55:196,0.1857,-0.6997,13.7488,57.4808,-0.6892,-0.0467,0.1752,116.2031
19:33:55:218,0.0013,-1.1474,16.3346,56.9021,-0.3491,-0.2845,0.2639,116.0625
19:33:55:236,0.0707,-1.7771,14.9675,57.1596,0.3638,-0.1136,0.4194,115.9219
19:33:55:257,0.2312,-1.6478,10.7908,56.1046,0.7657,0.0598,0.5739,115.5312
19:33:55:276,0.8453,-1.3737,7.9189,57.0674,0.6378,-0.0219,0.5959,115.0312
19:33:55:301,0.7675,-1.1941,7.0486,57.0675,0.265,-0.2337,0.4764,114.3438
19:33:55:317,0.2024,-1.0576,7.6412,53.9655,-0.0493,-0.4395,0.4034,113.6875
19:33:55:336,-0.2285,-0.8948,8.3726,53.984,-0.093,-0.5405,0.4298,113.125
19:33:55:356,-0.4297,-0.6351,7.9668,51.3909,0.0666,-0.5474,0.5374,112.6562
19:33:55:377,-0.0358,-0.2855,6.7578,51.0954,0.187,-0.5538,0.6876,112.1719
19:33:55:402,1.0141,-0.0461,6.2131,50.1936,0.1294,-0.6387,0.7326,111.5312
19:33:55:417,1.4773,0.0748,6.6596,50.7352,-0.0333,-0.6635,0.6228,110.7188
19:33:55:440,1.4283,-0.0317,7.713,50.8191,-0.1329,-0.5133,0.5217,109.8438
19:33:55:456,1.1888,-0.2053,8.1177,49.0035,-0.0415,-0.3125,0.4649,109.1562
19:33:55:476,0.9949,-0.3813,7.6185,48.0244,0.0948,-0.1772,0.4617,108.8438
19:33:55:501,0.9171,-0.4986,7.2306,49.4994,0.1345,-0.182,0.4881,108.2812
19:33:55:518,1.0823,-0.3609,7.4461,47.8258,0.0818,-0.2278,0.5227,107.75
19:33:55:536,1.5336,-0.1682,8.0506,47.3153,0.0256,-0.2411,0.5115,107.2188
19:33:55:557,2.101,-0.0736,8.3619,46.0957,-0.0144,-0.2558,0.4196,106.3125
19:33:55:578,2.2698,-0.3765,10.2688,45.302,-0.3467,-0.3852,0.0886,105.75
19:33:55:601,2.3584,-0.6542,12.2513,46.2247,-0.4639,-0.21,-0.0392,105.75
19:33:55:617,2.6002,-1.0552,13.2748,45.6809,-0.428,0.1227,-0.1372,104.9531
19:33:55:637,2.4841,-1.3246,13.1491,42.728,-0.3196,0.3767,-0.1745,104.875
19:33:55:658,2.2638,-1.2875,12.8283,45.3239,-0.1867,0.4454,-0.1255,104.9531
19:33:55:675,2.265,-1.1606,12.0896,41.2001,-0.0493,0.4364,-0.031,105.1562
19:33:55:696,2.1274,-0.9008,10.8183,41.5501,-0.0384,0.3155,0.0782,105.4062
19:33:55:718,2.5607,-0.7308,10.555,42.2026,-0.2394,0.0159,0.2404,105.5938
19:33:55:739,3.9362,-0.7632,12.0813,39.5141,-0.5318,-0.2422,0.287,105.6562
19:33:55:754,4.4426,-1.2971,14.6718,39.0051,-0.5561,-0.3226,0.0303,105.5781
19:33:55:775,2.7379,-2.214,15.8006,39.1408,-0.0682,-0.1548,-0.2664,105.3281
19:33:55:801,1.3229,-3.1681,12.9755,38.6323,0.5832,0.2406,-0.22,105.0469
19:33:55:819,1.9861,-3.0041,9.2537,35.97,0.8077,0.5818,-0.003,105.1719
19:33:55:838,3.8667,-2.1649,7.1025,36.1046,0.5822,0.6966,-0.0674,105.5469
19:33:55:855,4.7203,-1.5257,6.7853,35.0545,0.2077,0.5735,-0.5564,105.5469
19:33:55:876,3.9266,-1.6718,7.3324,35.1288,-0.0756,0.4588,-1.1559,105.5
19:33:55:901,2.125,-2.1003,7.4904,34.0456,-0.192,0.528,-1.5356,105.8125
19:33:55:919,0.2719,-2.1183,6.8822,34.7515,-0.212,0.5965,-1.5695,106.1875
19:33:55:937,-0.7744,-1.7017,6.4537,32.7645,-0.2525,0.5288,-1.2872,107.5469
19:33:55:961,-0.7337,-0.8529,6.8547,32.75,-0.3169,0.4359,-0.8746,109.3281
19:33:55:974,0.0276,0.0066,7.6747,30.4448,-0.2772,0.3698,-0.5697,111.1719
19:33:55:995,0.5867,0.4208,7.8339,31.993,-0.1127,0.3317,-0.4427,112.6094
19:33:56:018,0.6513,0.8098,7.2929,30.8439,0.0333,0.2952,-0.4158,113.6406
19:33:56:039,0.2132,0.8003,6.8284,32.156,0.0655,0.1741,-0.4328,114.3281
19:33:56:055,-0.2417,0.5992,7.1396,30.4448,0.025,0.0015,-0.3854,114.8281
19:33:56:076,-0.4859,0.6207,8.0111,30.1536,0.0064,-0.097,-0.2792,115.3125
19:33:56:101,-0.5278,0.7057,8.7892,29.9952,0.0258,-0.1114,-0.1854,116.0469
19:33:56:119,-0.4488,0.8446,9.705,29.1621,0.0077,-0.0699,-0.1039,116.4062
19:33:56:136,-0.274,0.932,11.0553,28.0047,0.0218,0.0622,-0.0541,116.6719
19:33:56:155,-0.1998,0.8326,11.6144,28.2345,0.1462,0.2566,-0.0256,116.8281
19:33:56:175,-0.3674,0.7512,11.2493,25.5369,0.2605,0.3219,0.0228,116.9062
19:33:56:200,-0.1615,0.5225,11.4121,25.3324,0.2373,0.2249,0.0868,116.9531
19:33:56:221,0.3174,0.0545,12.5182,25.9624,0.1947,0.1064,0.1275,116.9688
19:33:56:238,0.7519,-0.5405,13.3562,24.4216,0.2719,0.0548,0.1557,116.9062
19:33:56:258,1.038,-0.756,12.8642,22.8497,0.3734,0.0854,0.1475,116.7969
19:33:56:287,0.7411,-0.7667,12.1878,22.5038,0.282,0.0779,0.0892,116.625
19:33:56:305,0.5137,-0.9511,12.3338,21.7562,0.0008,0.1674,0.0788,116.4375
19:33:56:322,0.3676,-1.3617,12.93,21.1195,-0.1963,0.1725,0.0977,116.3125
19:33:56:334,0.1282,-1.8525,13.6459,20.994,-0.0879,-0.0579,0.1579,116.2188
19:33:56:354,0.0971,-1.9447,13.2245,21.8189,0.3428,-0.206,0.2857,116.125
19:33:56:376,0.1809,-1.7065,10.3539,20.2172,0.7793,-0.1745,0.3866,116
19:33:56:400,0.5999,-1.1857,7.2378,19.1991,0.7872,-0.0968,0.3792,115.5469
19:33:56:415,0.9027,-0.9942,5.5283,17.5558,0.4128,-0.1186,0.177,115.0938
19:33:56:435,0.5496,-1.1929,5.3799,18.5178,-0.0823,-0.267,-0.0698,114.6719
19:33:56:455,0.1043,-1.5185,6.5435,16.6687,-0.4514,-0.557,-0.1942,114.4531
19:33:56:475,-0.3004,-1.6047,8.369,17.7257,-0.6117,-0.8606,-0.1793,114.4531
19:33:56:499,-0.8343,-1.5257,10.3203,17.7052,-0.5169,-0.9953,-0.0427,114.6406
19:33:56:521,-1.094,-1.2659,10.9488,16.6255,-0.1704,-0.7524,0.2481,114.8594
19:33:56:535,-0.7684,-0.7344,9.1962,17.1766,0.2389,-0.2763,0.6103,115.0156
19:33:56:555,0.1952,0.082,6.5387,16.2124,0.4141,0.0476,0.8474,114.9062
19:33:56:576,1.2283,0.5836,4.7059,15.3089,0.2645,0.0944,0.8482,114.4219
19:33:56:601,1.682,0.981,4.6305,16.6649,-0.098,-0.0664,0.6868,113.5312
19:33:56:619,1.4917,1.2205,6.3017,17.555,-0.4016,-0.2696,0.4764,112.5156
19:33:56:636,1.0907,0.92,8.3499,16.5073,-0.4157,-0.3319,0.2868,111.6094
19:33:56:660,0.3449,0.4256,8.9604,15.0952,-0.2328,-0.2052,0.1893,111
19:33:56:675,-0.1759,0.076,8.8886,17.6235,-0.1534,-0.0859,0.2617,110.4531
19:33:56:695,-0.0633,0.0054,9.371,15.4147,-0.2602,-0.0646,0.3938,110.25
19:33:56:721,0.5053,-0.088,11.1224,16.4538,-0.3824,-0.1026,0.4756,109.9688
19:33:56:739,1.2164,-0.161,12.8426,16.9715,-0.3196,-0.0377,0.4846,109.5312
19:33:56:755,1.518,-0.2963,13.3466,16.5175,-0.1087,0.0699,0.4021,109.0156
19:33:56:775,1.5755,-0.6159,12.869,15.7452,0.081,0.0726,0.2908,108.5156
19:33:56:800,1.196,-1.169,12.6403,15.8038,0.1694,-0.0534,0.2383,108.0625
19:33:56:819,0.8513,-1.6406,13.0808,16.593,0.2234,-0.145,0.3616,107.7344
19:33:56:835,1.4438,-1.9339,13.0162,15.6827,0.3404,-0.0507,0.5941,107.4531
19:33:56:855,2.4757,-1.8788,11.8215,17.4268,0.416,0.0867,0.7547,107.0156
19:33:56:875,3.0994,-1.2396,10.9057,16.6677,0.363,0.0689,0.7667,106.2969
19:33:56:903,3.4394,-0.8003,10.5861,15.691,0.2477,-0.0198,0.6444,105.4062
19:33:56:922,3.8069,-0.7775,10.6364,17.8355,0.1387,-0.1343,0.4455,105
19:33:56:938,4.0248,-0.9702,11.3726,18.2644,0.0929,-0.3125,0.1989,104.1562
19:33:56:995,4.0332,-1.2516,12.1926,17.7455,0.2019,-0.4097,-0.0304,103.5
19:33:56:996,4.0403,-2.0405,10.3131,17.3452,0.4522,-0.2094,-0.3932,103.0469
19:33:57:009,3.4801,-2.0237,9.2609,16.5179,0.3523,-0.1037,-0.5426,103.0469
19:33:57:017,2.7235,-1.6993,8.7557,16.4503,0.248,0.0074,-0.6262,103.6406
19:33:57:037,2.1142,-1.2587,8.0662,17.7319,0.2437,0.1,-0.6288,103.6406
19:33:57:054,1.9945,-0.8362,6.9218,19.0264,0.2834,0.1312,-0.6043,104.2188
19:33:57:079,1.9837,-0.422,5.9653,17.1102,0.2341,0.0819,-0.6291,104.9219
19:33:57:103,1.9071,-0.0521,5.739,16.8941,0.1052,0.0737,-0.6994,105.625
19:33:57:120,1.8867,0.2029,5.7007,16.8978,-0.0061,0.132,-0.8129,106.25
19:33:57:138,1.5109,0.2616,5.5894,17.6599,-0.1388,0.2415,-0.9577,106.9531
19:33:57:154,0.8369,0.2221,5.7366,17.076,-0.3156,0.3608,-1.0206,107.75
19:33:57:174,0.1198,0.2903,6.4094,16.3272,-0.4751,0.3288,-0.9633,108.625
19:33:57:195,-0.5984,0.677,8.0255,17.7281,-0.5159,0.1781,-0.8123,109.7344
19:33:57:218,-1.1252,1.2121,9.7804,15.5429,-0.3643,0.0686,-0.6129,110.9375
19:33:57:239,-0.9923,1.4228,10.7824,17.1561,-0.1047,0.1155,-0.3844,112.5312
19:33:57:257,-0.2381,1.7065,11.1523,16.7484,0.0802,0.2801,-0.1924,113.3906
19:33:57:273,0.291,1.9962,11.3103,16.2678,0.1933,0.4026,-0.1316,113.9688
19:33:57:295,0.0767,1.9615,11.4755,16.7475,0.2983,0.3687,-0.1436,114.2812
19:33:57:317,-0.3985,1.6071,11.3738,15.582,0.3974,0.2628,-0.0962,114.4375
19:33:57:337,-0.4045,1.3952,11.369,16.4338,0.4328,0.1602,0.0362,114.5938
19:33:57:356,0.1342,1.1259,11.8047,15.6014,0.4234,0.0849,0.1408,114.7188
19:33:57:376,0.6645,0.5357,11.8155,15.656,0.4043,0.1344,0.1398,114.75
19:33:57:401,0.6142,0.0964,11.2421,16.0228,0.2828,0.2505,0.0892,114.6875
19:33:57:418,0.2611,-0.1562,11.1834,16.0228,0.0328,0.3474,0.0561,114.5
19:33:57:437,-0.2956,-0.5046,11.594,14.7828,-0.2181,0.4734,0.0886,114.3125
19:33:57:455,-0.5733,-0.8434,12.1866,16.2262,-0.31,0.4225,0.2244,114.2031
19:33:57:475,-0.5506,-1.1953,12.6966,16.4869,-0.1462,0.1714,0.4196,114.1406
19:33:57:501,-0.2393,-1.2755,11.9819,15.852,0.2077,-0.0155,0.6343,114.0469
19:33:57:518,0.4574,-1.1498,9.808,15.8473,0.424,-0.0659,0.7603,113.5938
19:33:57:535,1.0177,-1.054,7.9525,17.2319,0.3225,-0.1402,0.7067,113
19:33:57:554,1.0643,-1.1271,7.5778,16.0861,0.0085,-0.2939,0.5539,112.1562
19:33:57:575,0.8237,-1.0959,8.2302,16.5769,-0.2506,-0.4129,0.4394,111.3281
19:33:57:600,0.6849,-0.9547,8.8658,15.9165,-0.3286,-0.5186,0.3909,110.5938
19:33:57:618,0.6908,-0.6494,9.1172,17.0887,-0.2501,-0.5495,0.376,110.0469
19:33:57:635,0.5795,-0.1754,8.7569,16.9535,-0.0983,-0.4286,0.3765,109.625
19:33:57:654,0.8537,0.0485,7.6687,18.1303,0.0242,-0.1804,0.413,109.2031
19:33:57:675,1.1553,0.2795,6.4118,18.0496,0.0149,-0.0243,0.4322,108.7969
19:33:57:701,1.3169,0.5237,5.9772,16.7583,-0.1412,-0.0398,0.4375,108.3594
19:33:57:718,1.3552,0.7907,6.7063,17.4604,-0.2751,-0.133,0.4308,107.875
19:33:57:744,1.5456,0.9116,7.5023,18.013,-0.2701,-0.1817,0.3981,107.3906
19:33:57:754,1.6006,1.1546,7.81,19.0705,-0.1992,-0.1186,0.3248,106.8906
19:33:57:775,1.597,1.2456,7.664,18.8506,-0.1787,-0.0507,0.2393,106.4531
19:33:57:802,1.6749,1.315,8.0482,19.4678,-0.2389,-0.1317,0.1469,105.8906
19:33:57:820,1.5168,1.3138,9.1998,20.7457,-0.2839,-0.251,0.0548,105.625
19:33:57:838,1.0045,1.1797,10.2784,21.5648,-0.2304,-0.3,0.022,105.4844
19:33:57:854,0.8345,1.011,10.8363,20.7374,-0.1174,-0.3005,0.0742,105.4375
19:33:57:874,1.1745,0.8889,11.1248,22.4572,-0.0413,-0.2603,0.1336,105.4375
19:33:57:896,1.6832,0.8194,11.2325,22.7796,-0.028,-0.1951,0.1022,105.3906
19:33:57:919,2.04,0.4196,11.2002,22.8829,-0.1164,-0.1871,-0.0469,105.2656
19:33:57:935,1.5719,-0.0473,11.9963,22.8961,-0.2959,-0.2449,-0.2014,105.1094
19:33:57:954,0.9518,-0.75,13.519,23.6309,-0.3699,-0.248,-0.1537,105.0625
19:33:57:975,1.6102,-1.5927,14.3785,24.285,-0.2495,-0.1104,0.1142,105.2344
19:33:58:001,2.8073,-1.8034,13.6531,26.1664,-0.0359,0.0681,0.3238,105.5
19:33:58:018,3.5208,-1.4431,12.6068,27.0192,0.0703,0.0654,0.2934,105.5625
19:33:58:038,3.2574,-1.4084,12.5529,28.9119,0.1116,-0.0366,0.1102,105.3125
19:33:58:054,2.4542,-1.7436,12.7816,28.8151,0.2392,0.0204,0.0194,104.9219
19:33:58:075,2.3345,-1.9267,11.6994,29.9841,0.4511,0.2819,0.0907,104.6406
19:33:58:094,2.9414,-1.6502,9.5769,31.7754,0.5329,0.4074,0.1507,104.5938
19:33:58:119,3.7985,-1.3342,8.1631,30.3585,0.363,0.1996,0.0308,104.4531
19:33:58:136,4.2139,-1.3414,8.63,34.2882,0.0397,-0.0683,-0.2637,104.25
19:33:58:153,3.5016,-1.5556,9.5063,34.3114,-0.1686,-0.0036,-0.5894,104.1875
19:33:58:175,1.9669,-1.7424,9.1304,33.9349,-0.1784,0.2747,-0.7463,104.4844
19:33:58:194,0.8237,-1.3964,7.8136,35.0885,-0.1297,0.4606,-0.6608,105.1719
19:33:58:218,0.5831,-0.8829,6.8212,34.9963,-0.1025,0.4252,-0.4984,106.0469
19:33:58:234,0.7711,-0.4555,6.2981,36.5847,-0.0961,0.2755,-0.3929,106.7812
19:33:58:254,0.9781,-0.0605,6.3579,36.1959,-0.1118,0.1173,-0.3623,107.3594
19:33:58:274,0.953,0.1993,6.6464,37.1717,-0.1028,0.0649,-0.3705,107.8281
19:33:58:293,0.7914,0.3597,6.7973,39.0137,-0.066,0.1064,-0.3519,108.2188
19:33:58:318,0.8501,0.6434,7.0499,37.9644,-0.0392,0.1456,-0.2837,108.4375
19:33:58:335,1.1565,1.0636,7.579,40.425,-0.0354,0.177,-0.2091,108.875
19:33:58:354,1.7527,1.6035,8.4205,40.9007,-0.0226,0.1917,-0.199,109.3906
19:33:58:379,2.052,1.9591,9.7361,41.6374,0.0242,0.2132,-0.3391,109.625
19:33:58:402,1.032,1.491,10.2653,41.4622,0.1574,0.2018,-0.783,109.8594
19:33:58:418,-0.0514,0.8625,11.0003,42.054,0.1864,0.2649,-0.7988,110.25
19:33:58:436,-0.7313,0.5177,11.4695,43.6557,0.1947,0.4625,-0.6294,110.9062
19:33:58:454,-0.8774,0.507,11.6695,44.9125,0.1923,0.6076,-0.3769,111.7969
19:33:58:474,-0.7912,0.4807,11.9101,45.982,0.2144,0.5232,-0.1356,112.7031
19:33:58:494,-0.4656,0.4052,12.5278,44.9306,0.3049,0.2505,0.0798,113.3906
19:33:58:518,-0.0562,0.4088,12.6942,45.8679,0.4298,0.0726,0.221,113.8125
19:33:58:535,-0.0083,0.4627,12.1028,48.1393,0.4796,-0.0243,0.2913,113.9688
19:33:58:552,0.1222,0.5046,11.7281,47.8729,0.3459,-0.0441,0.3326,113.875
19:33:58:577,0.2898,0.5321,12.0082,50.7768,0.0954,0.0513,0.3286,113.6094
19:33:58:593,0.3413,0.2305,12.7576,49.0849,-0.069,0.1538,0.2995,112.875
19:33:58:613,-0.037,-0.3083,12.9755,51.0633,0.0727,0.2707,0.2828,112.5156
19:33:58:637,-0.7756,-0.6614,11.1463,51.2499,0.436,0.315,0.3565,112.3438
19:33:58:655,-0.8762,-0.5273,8.5786,50.8952,0.6298,0.2364,0.4945,112.0156
19:33:58:672,-0.4763,-0.3897,6.7829,52.5203,0.535,0.0316,0.5259,111.4375
19:33:58:696,-0.2357,-0.5094,6.0694,54.7413,0.2666,-0.2646,0.4383,110.5469
19:33:58:719,-0.4057,-0.738,6.2813,53.7222,-0.0951,-0.5943,0.3552,110.5469
19:33:58:737,-0.2046,-0.9678,7.9249,55.1119,-0.4733,-0.88,0.3656,109.9844
19:33:58:757,-0.0166,-1.0648,10.6567,55.0722,-0.6272,-0.9117,0.4087,109.5781
19:33:58:774,-0.201,-0.8505,11.9855,56.42,-0.3025,-0.5786,0.5043,109.2031
19:33:58:796,-0.2058,-0.7943,9.8535,56.2921,0.2245,-0.1844,0.6838,109.0156
19:33:58:820,0.4035,-0.2544,7.0271,54.8095,0.4309,0.0028,0.8799,108.5781
19:33:58:835,1.2152,0.3322,5.6672,57.8336,0.2908,-0.0326,0.9099,108.0625
19:33:58:854,1.6006,0.6889,5.8444,56.7349,0.0349,-0.116,0.8103,107.2656
19:33:58:873,1.621,0.8709,6.832,57.1274,-0.1289,-0.1351,0.6838,106.2344
19:33:58:894,1.4606,0.8925,7.3647,55.795,-0.126,-0.0424,0.581,105.1875
19:33:58:917,1.3648,0.9762,7.0546,57.4457,-0.065,-0.0046,0.528,103.5312
19:33:58:939,1.5252,1.2564,7.1959,59.7475,-0.1004,-0.1231,0.4884,103.1875
19:33:58:954,1.773,1.6239,8.0482,59.6092,-0.1574,-0.2531,0.4244,102.5938
19:33:58:974,2.1333,1.9423,8.9341,59.4644,-0.1816,-0.3445,0.3115,102.0156
19:33:58:993,2.2938,1.9782,9.8642,60.6639,-0.2256,-0.4201,0.1656,101.5
19:33:59:019,2.2854,1.661,11.0015,61.6395,-0.2807,-0.378,0.0396,101.0938
19:33:59:083,2.0256,1.0469,11.8646,61.4778,-0.3262,-0.2499,-0.0405,100.8438
19:33:59:085,1.615,0.5058,13.009,61.7562,-0.3763,-0.1314,-0.0227,100.7656
19:33:59:085,1.3121,-0.0676,14.3402,62.1531,-0.3156,-0.084,0.0857,100.7969
19:33:59:099,1.5599,-0.75,14.8442,63.9903,-0.0325,-0.1008,0.2971,100.875
19:33:59:120,2.465,-0.999,13.525,63.2128,0.2951,-0.0757,0.5075,100.875
19:33:59:134,3.4107,-0.671,11.5438,63.4447,0.3497,-0.0704,0.5275,100.6875
19:33:59:157,3.765,-0.3693,10.5526,64.0645,0.0892,-0.1207,0.3038,100.2344
19:33:59:175,3.2251,-0.5417,11.2624,64.027,-0.1904,-0.2233,0.0119,99.5625
19:33:59:194,2.4374,-1.1402,12.4595,64.7247,-0.1843,-0.2979,-0.1527,99.0469
19:33:59:219,1.876,-1.4395,12.578,64.939,0.0871,-0.2052,-0.126,98.9062
19:33:59:239,2.1298,-1.2863,10.8111,64.9212,0.3598,0.0015,-0.0267,99.0938
19:33:59:253,3.1018,-0.811,8.9293,65.718,0.3894,0.0018,-0.028,99.2344
19:33:59:274,4.0906,-0.5297,8.3631,66.2926,0.1894,-0.2246,-0.2315,99.2344
19:33:59:294,4.172,-0.4136,9.3866,65.0346,-0.0314,-0.3924,-0.5428,99.2031
19:33:59:321,3.4382,-0.6039,10.0929,66.677,-0.0676,-0.19,-0.8051,99.2969
19:33:59:340,2.3452,-0.5046,9.1927,66.2367,0.032,0.2137,-0.9045,99.7344
19:33:59:353,1.6593,-0.2951,7.4174,67.1178,0.0935,0.5443,-0.8885,100.5312
19:33:59:373,1.3109,0.0377,6.0634,68.5766,0.073,0.67,-0.8323,101.4844
19:33:59:394,1.2655,0.2328,5.247,67.6571,0.0266,0.5762,-0.7833,102.5156
19:33:59:420,1.202,0.428,5.0878,68.945,-0.0232,0.3315,-0.7628,103.5
19:33:59:434,0.9853,0.6458,5.5343,68.1776,-0.0546,0.1395,-0.7442,104.3438
19:33:59:453,0.9255,0.7835,5.7809,67.9325,-0.09,0.1136,-0.701,105.2188
19:33:59:474,0.9482,1.0576,6.2011,70.4971,-0.2035,0.2108,-0.6318,106.0938
19:33:59:493,1.1697,1.3833,6.9206,67.3108,-0.3127,0.3195,-0.5737,107.2812
19:33:59:518,1.3385,1.6011,7.6783,68.8579,-0.3401,0.3509,-0.5822,108.0156
19:33:59:538,1.1793,1.5652,8.2649,68.8578,-0.3041,0.3363,-0.6312,108.6875
19:33:59:553,0.9973,1.3306,8.6623,70.1719,-0.2711,0.2548,-0.6685,109.3438
19:33:59:573,0.3712,0.8493,9.3854,70.0777,-0.306,0.1946,-0.664,110.0781
19:33:59:593,-0.4763,0.5812,10.5155,70.3914,-0.3585,0.2015,-0.525,110.8594
19:33:59:619,-0.5529,0.4375,11.6395,69.7776,-0.3457,0.1512,-0.288,111.6406
19:33:59:636,-0.1208,0.5082,12.7696,71.0669,-0.2743,0.0185,-0.0773,112.2344
19:33:59:654,0.5244,0.6782,13.6686,73.3712,-0.1707,-0.0768,0.034,112.5781
19:33:59:680,1.0404,0.3047,13.5848,71.4025,-0.1249,0.0303,0.0117,112.6719
19:33:59:693,0.5065,-0.0221,13.3274,71.9605,-0.2437,0.2159,-0.0299,112.6406
19:33:59:714,-0.1878,-0.0988,13.5202,71.5512,-0.3499,0.3469,0.0521,112.6406
19:33:59:737,-0.3016,-0.4352,13.2963,72.7848,-0.2879,0.3216,0.1643,112.6875
19:33:59:753,-0.3878,-0.8996,12.924,72.306,-0.1545,0.0777,0.2705,112.6562
19:33:59:774,-0.0801,-0.9224,12.25,72.9235,0.286,0.0276,0.54,112.5938
19:33:59:797,0.1845,-0.6758,9.4668,75.3862,0.4543,0.2681,0.5493,112.1875
19:33:59:820,0.4347,-0.6758,7.0247,74.3863,0.2807,0.2612,0.4423,111.7344
19:33:59:837,0.3999,-0.75,6.5387,73.8786,-0.1236,-0.0054,0.2769,110.4688
19:33:59:876,-0.1507,-1.011,7.6975,75.4688,-0.4389,-0.3319,0.1416,109.9531
19:33:59:877,-0.8139,-1.2061,9.0406,75.5941,-0.4754,-0.4457,0.1704,109.9531
19:33:59:892,-1.0474,-1.1019,8.9209,73.3931,-0.2828,-0.2757,0.368,109.6562
19:33:59:913,-0.4237,-0.6889,7.7094,73.951,-0.1023,-0.0584,0.6111,109.5
19:33:59:936,0.7471,-0.252,6.6368,75.4551,-0.0748,0.055,0.7302,109.3281
19:33:59:953,1.5121,0.1586,6.2801,77.4796,-0.2,0.0228,0.6798,108.9219
19:33:59:972,1.5707,0.3394,6.8727,76.819,-0.3454,-0.0632,0.5406,108.2344
19:33:59:996,1.2487,0.3214,7.9872,77.9485,-0.3518,-0.1796,0.4204,107.4062
19:34:00:021,0.8297,0.2316,8.8156,75.2728,-0.1774,-0.2156,0.3712,106.0625
19:34:00:037,0.6669,0.1335,8.1536,76.31,0.0517,-0.1945,0.3773,105.5938
19:34:00:054,0.9015,0.3023,7.6604,76.538,0.0581,-0.255,0.3762,105.375
19:34:00:072,1.3109,0.4807,8.4397,77.1656,-0.0874,-0.3754,0.3003,104.9688
19:34:00:094,1.3468,0.4555,9.9564,77.6485,-0.2043,-0.4984,0.1624,104.5156
19:34:00:118,1.1733,0.1478,12.1423,78.2254,-0.1936,-0.533,0.0641,104.1094
19:34:00:136,0.6681,-0.2316,13.3191,78.6021,0.0189,-0.3234,0.042,103.8281
19:34:00:154,0.4203,-0.5321,12.5374,79.3316,0.2424,-0.0243,0.1131,103.75
19:34:00:173,0.8716,-0.7608,11.351,78.9237,0.253,0.107,0.2074,103.6562
19:34:00:193,1.4558,-0.9906,11.2792,79.0016,0.1212,0.0185,0.2247,103.5938
19:34:00:219,1.8676,-1.5652,12.1136,79.0191,0.0242,-0.133,0.2197,103.4531
19:34:00:240,2.21,-2.0069,12.6128,78.7989,0.037,-0.0984,0.2849,103.2188
19:34:00:260,2.763,-1.5916,11.9412,80.3243,0.0722,0.0636,0.381,102.9375
19:34:00:272,3.5555,-0.8362,10.8064,80.8013,-0.0088,0.0572,0.3102,102.6875
19:34:00:294,3.4933,-0.6279,11.1571,79.8579,-0.188,-0.1751,0.0199,102.1562
19:34:00:322,2.6732,-1.2396,12.8342,79.6753,-0.216,-0.3032,-0.2416,101.7344
19:34:00:341,2.0077,-1.9387,13.2628,80.1078,0.037,-0.0989,-0.292,101.5312
19:34:00:354,2.1477,-2.2883,11.4252,79.7881,0.3329,0.2412,-0.1953,101.6875
19:34:00:373,3.3269,-2.1027,9.2429,80.7735,0.3694,0.3536,-0.138,102
19:34:00:394,4.6975,-2.0393,8.6408,80.4548,0.1686,0.1032,-0.337,102.2812
19:34:00:418,4.4342,-2.1111,9.8092,82.0821,-0.0399,-0.0515,-0.7151,102.4375
19:34:00:434,2.9378,-2.4439,9.9229,80.9611,-0.0186,0.2135,-0.9942,102.6562
19:34:00:452,1.3636,-2.3852,8.0183,79.2003,0.1068,0.5397,-1.0222,103.25
19:34:00:473,0.5161,-1.8525,5.8982,81.4294,0.1148,0.6478,-0.8885,104.2656
19:34:00:494,0.2671,-1.151,4.6664,81.716,-0.0224,0.5006,-0.7287,105.4062
19:34:00:518,0.4801,-0.4926,5.0603,82.0822,-0.2027,0.1733,-0.6102,106.5156
19:34:00:535,0.8943,-0.0497,6.4932,81.7693,-0.2605,-0.0936,-0.5777,107.4531
19:34:00:554,0.8932,0.1419,7.4724,81.0917,-0.1585,-0.1586,-0.6043,108.1875
19:34:00:580,0.6825,0.3909,7.7346,83.0497,-0.0466,-0.0254,-0.5625,109.2188
19:34:00:592,0.9123,0.7284,7.81,82.5003,-0.0144,0.1291,-0.4805,109.9062
19:34:00:613,1.1541,1.0804,8.241,82.0511,-0.0432,0.2356,-0.46,110.5156
19:34:00:635,1.445,1.321,8.727,83.1125,-0.033,0.3339,-0.489,110.8125
19:34:00:653,1.4139,1.491,9.0777,83.2162,-0.0016,0.3637,-0.5969,111.3438
19:34:00:673,0.9386,1.3641,9.4237,84.1349,0.0282,0.3022,-0.705,111.8906
19:34:00:694,0.2276,0.9751,10.1024,84.9486,0.0272,0.1541,-0.713,112.4844
19:34:00:719,-0.3913,0.6327,11.4049,86.3338,0.0304,0.0044,-0.5713,113.25
19:34:00:737,-0.6846,0.5154,12.6044,85.5897,0.1457,-0.0968,-0.3109,114.0938
19:34:00:753,-0.3674,0.5573,13.1742,85.5195,0.3252,-0.1447,-0.0331,114.8125
19:34:00:772,0.3533,0.489,12.9336,87.0271,0.4884,-0.0947,0.1366,115.3281
19:34:00:793,0.8788,0.3094,11.6168,86.1931,0.5175,-0.0313,0.1565,115.5
19:34:00:821,1.0859,0.161,10.8614,86.2511,0.3316,-0.1807,0.0828,115.3906
19:34:00:838,1.0596,-0.2376,11.6096,85.8358,0.057,-0.5208,-0.0374,115.1875
19:34:00:858,0.7303,-1.054,13.3095,85.3843,-0.1228,-0.7921,-0.1279,114.9844
19:34:00:873,-0.0753,-1.8358,14.5545,86.4378,-0.0924,-0.7016,-0.1005,115.0156
19:34:00:892,-0.6224,-2.3768,14.0768,86.3616,0.1521,-0.3194,0.1163,115.1562
19:34:00:913,-0.4572,-2.0033,11.7868,86.2916,0.3934,0.1557,0.434,115.2656
19:34:00:935,0.066,-1.218,9.1244,85.3299,0.4751,0.3895,0.6316,115.125
19:34:00:952,0.2826,-0.811,7.2258,84.0594,0.4224,0.2841,0.6862,114.625
19:34:00:972,0.2599,-0.5429,6.2813,86.6403,0.3004,-0.0528,0.6969,113.8594
19:34:00:993,0.2671,-0.2197,6.3244,85.4141,0.1606,-0.4699,0.7041,113.0469
19:34:01:013,0.716,-0.0269,6.9972,86.2084,0.0357,-0.7522,0.7041,112.2812
19:34:01:037,1.275,0.2807,7.8016,86.3412,-0.0775,-0.7583,0.6599,111.4688
19:34:01:055,1.8377,0.4435,8.2481,85.2726,-0.1702,-0.5458,0.5262,110.6562
19:34:01:072,1.8053,0.3777,8.2278,86.2855,-0.2498,-0.1634,0.3374,109.9375
19:34:01:154,1.4091,0.2161,7.7561,86.1955,-0.3566,0.2912,0.1959,109.625
19:34:01:156,0.9386,-0.015,7.0534,85.6893,-0.481,0.6516,0.1286,109.1406
19:34:01:156,0.5208,-0.1718,6.735,85.8162,-0.5723,0.7011,0.1331,108.875
19:34:01:157,0.2336,-0.179,7.3419,85.6813,-0.5518,0.4271,0.2085,108.7188
19:34:01:173,0.4371,-0.1335,8.6647,86.7575,-0.0621,-0.1804,0.4751,108.625
19:34:01:194,1.0212,0.2137,8.4612,86.7579,0.1579,-0.3714,0.5797,108.625
19:34:01:219,1.7754,0.5788,8.5211,86.9576,0.1659,-0.5274,0.56,108.4375
19:34:01:238,2.2854,0.7368,9.4105,85.893,0.0061,-0.5218,0.4231,108.0938
19:34:01:252,2.2195,0.5501,10.4664,85.8214,-0.1483,-0.2912,0.2495,106.875
19:34:01:272,1.7706,0.1048,10.8794,88.4281,-0.2402,-0.0227,0.1419,106.2344
19:34:01:292,1.3756,-0.5106,11.2744,88.0481,-0.3049,0.0558,0.1536,105.7344
19:34:01:312,1.542,-1.0145,12.2429,88.2905,-0.314,-0.0422,0.2649,105.4531
19:34:01:336,2.0041,-1.3844,13.5154,86.0231,-0.2184,-0.2052,0.3936,105.3125
19:34:01:353,2.611,-1.7208,14.0266,86.7407,0.0325,-0.1682,0.5286,105.1719
19:34:01:371,3.2778,-1.7268,12.3554,86.9749,0.2474,0.0801,0.5994,104.8906
19:34:01:392,3.5651,-1.3066,10.4125,87.0499,0.1923,0.2686,0.524,103.875
19:34:01:413,3.7099,-1.0253,9.5997,85.8086,-0.0461,0.2071,0.3113,103.5156
19:34:01:436,3.5603,-1.0241,10.0438,85.0035,-0.2629,-0.0563,0.0284,102.8281
19:34:01:452,3.3053,-1.3665,11.9316,84.2942,-0.3095,-0.3823,-0.22,102.3438
19:34:01:472,2.6852,-1.9279,13.1646,84.8865,-0.1236,-0.2989,-0.3537,102.1719
19:34:01:492,2.2997,-2.1506,12.0741,84.2532,0.1569,0.1251,-0.3308,102.3125
19:34:01:513,2.8336,-2.1219,9.3638,81.8236,0.2804,0.3837,-0.2893,102.6562
19:34:01:535,3.5711,-1.7915,7.5694,82.5245,0.1278,0.2377,-0.3918,103.0469
19:34:01:554,3.3819,-1.4635,7.6963,81.811,-0.1814,-0.0291,-0.6288,103.2188
19:34:01:573,2.4578,-1.5329,8.6444,81.2495,-0.3694,-0.0443,-0.8224,103.5312
19:34:01:592,1.3469,-1.4467,8.5762,80.4847,-0.371,0.1991,-0.8552,103.9844
19:34:01:612,0.7711,-1.1714,7.6604,79.9079,-0.2919,0.4143,-0.7282,104.6875
19:34:01:635,1.0344,-0.7105,6.753,79.8076,-0.2679,0.3898,-0.5932,105.6562
19:34:01:653,1.214,-0.2065,7.2222,79.8075,-0.2533,0.2196,-0.5607,106.6875
19:34:01:672,1.0332,0.0688,7.4784,78.6444,-0.1012,0.1895,-0.5785,107.5625
19:34:01:691,0.643,0.1921,6.6835,80.3547,0.0352,0.2683,-0.5569,108.5938
19:34:01:712,0.5783,0.4914,6.0778,77.8661,0.0048,0.3126,-0.4645,109.2656
19:34:01:735,0.9099,0.75,6.6979,79.0148,-0.1364,0.238,-0.3977,109.9375
19:34:01:754,1.2619,0.7835,8.0841,78.4996,-0.2431,0.1863,-0.394,110.5156
19:34:01:771,1.2379,0.8505,9.5135,78.0907,-0.2698,0.2383,-0.4307,111.0156
19:34:01:792,1.1386,0.8889,10.6483,77.849,-0.2498,0.4257,-0.4941,111.4844
19:34:01:814,0.8153,0.7213,11.1308,77.7181,-0.2418,0.6732,-0.5865,111.9688
19:34:01:837,-0.0226,0.3083,11.8047,75.221,-0.2642,0.8521,-0.6118,112.5312
19:34:01:854,-1.0067,-0.0928,12.4368,75.2921,-0.1995,0.9445,-0.4691,113.1875
19:34:01:872,-1.537,-0.3645,12.8666,75.6341,0.0088,0.728,-0.1884,113.9219
19:34:01:893,-1.1359,-0.7763,13.3873,76.143,0.3204,0.2715,0.124,114.6406
19:34:01:918,-0.3303,-1.1223,13.416,73.0009,0.6147,-0.0217,0.3552,115.0938
19:34:01:937,0.3042,-1.1594,12.4655,73.3222,0.7167,0.0119,0.4745,115.1562
19:34:01:953,0.3796,-0.7835,11.764,73.3851,0.567,0.1427,0.5179,114.875
19:34:01:972,0.3904,-0.4627,11.9173,71.676,0.3417,0.303,0.5302,114.3594
19:34:01:993,0.5472,-0.3573,12.0884,71.8308,0.2605,0.3837,0.4921,113.4688
19:34:02:012,0.455,-0.6219,11.8502,69.8093,0.4112,0.1903,0.4074,112.9062
19:34:02:035,0.0695,-0.7991,11.0721,69.4934,0.6735,-0.0752,0.3584,112.3594
19:34:02:054,-0.0322,-1.0157,9.4859,68.3206,0.8826,-0.1447,0.3304,112.1094
19:34:02:078,0.2192,-1.1331,7.2306,68.8728,0.8272,-0.0805,0.2537,111.7031
19:34:02:091,0.461,-1.2791,5.5954,67.251,0.4173,-0.1037,0.0993,111.2812
19:34:02:112,0.06,-1.4024,5.6301,67.6912,-0.1965,-0.3833,-0.0816,110.9219
19:34:02:139,-0.7301,-1.6179,8.3487,67.3349,-0.7044,-0.705,-0.1189,110.7031
19:34:02:154,-0.8678,-1.995,11.375,65.9677,-0.7198,-0.6499,0.0394,110.7031
19:34:02:172,-1.039,-1.8082,11.5055,66.4361,-0.2775,-0.2757,0.2689,110.8594
19:34:02:192,-0.7337,-1.3186,9.037,66.4712,0.0983,0.0193,0.5347,110.9219
19:34:02:214,0.0791,-0.8757,7.2198,65.8593,0.1371,0.0945,0.6996,110.7812
19:34:02:237,0.5616,-0.4842,6.917,65.4287,0.0045,0.0404,0.727,110.3125
19:34:02:253,0.6094,-0.076,7.561,63.9974,-0.0442,0.0098,0.7057,109.5781
19:34:02:271,0.4622,0.1012,7.5754,65.1482,0.0882,0.0596,0.6913,108.375
19:34:02:292,0.5604,0.2604,6.7242,63.135,0.2272,0.0633,0.6977,107.5781
19:34:02:312,1.135,0.5704,6.1221,63.5578,0.2083,-0.0504,0.6657,106.7812
19:34:02:337,1.4283,1.0289,6.7566,63.5528,0.0354,-0.2414,0.5131,106.0156
19:34:02:357,1.1924,1.0756,8.1667,62.9785,-0.1092,-0.3319,0.3158,105.25
19:34:02:373,0.8225,0.9116,9.3028,60.7665,-0.1673,-0.2574,0.1949,104.6562
19:34:02:401,0.6262,0.8098,10.0522,63.3961,-0.1715,-0.1418,0.1475,104.2969
19:34:02:419,0.8022,0.6506,10.3634,61.304,-0.1683,-0.1104,0.1171,104.0781
19:34:02:436,1.208,0.3669,10.792,61.3623,-0.2234,-0.2382,0.0553,103.9219
19:34:02:453,1.3516,-0.1395,11.9831,61.5702,-0.3052,-0.3927,-0.031,103.7812
19:34:02:478,1.1637,-0.8924,13.2496,60.6414,-0.3174,-0.3849,-0.0549,103.7344
19:34:02:492,1.2726,-1.5353,13.4615,61.2358,-0.2543,-0.1705,0.0652,103.7656
19:34:02:513,2.2423,-1.7005,12.2632,59.499,-0.2514,0.0196,0.2042,103.8125
19:34:02:540,3.0731,-1.4575,11.5964,60.2356,-0.424,-0.0102,0.1371,103.8281
19:34:02:555,2.7618,-1.5772,12.5541,60.3741,-0.6192,-0.1572,-0.0887,103.6719
19:34:02:581,0.9781,-2.7192,14.339,60.0851,-0.1169,0.0609,-0.1607,103.4219
19:34:02:591,1.1218,-2.5229,11.8227,59.6834,0.3278,0.4337,0.0319,103.4219
19:34:02:613,2.6086,-2.0069,8.9975,58.7552,0.4541,0.5288,0.1022,103.5469
19:34:02:639,4.2738,-1.5437,7.5023,58.6188,0.2133,0.3227,-0.1244,103.8125
19:34:02:661,4.8161,-1.2959,8.466,58.825,-0.187,-0.0113,-0.5838,103.9844
19:34:02:677,3.7889,-1.467,10.1683,58.8204,-0.3236,-0.0899,-1.0643,103.9844
19:34:02:691,2.2519,-1.825,10.0965,58.3599,-0.1531,0.136,-1.3154,103.875
19:34:02:711,0.8357,-1.9231,8.235,59.8921,0.0362,0.4867,-1.2595,104.7031
19:34:02:736,0.139,-1.4108,6.395,59.7844,0.0668,0.6399,-1.0283,105.875
19:34:02:753,0.2683,-0.817,5.6816,59.4318,0.0064,0.5264,-0.8073,107.3906
19:34:02:771,0.8524,-0.2867,5.7977,59.7407,-0.0264,0.3299,-0.6965,108.8594
19:34:02:791,1.1936,0.1443,6.1185,59.6212,-0.0221,0.1714,-0.7229,110.0625
19:34:02:812,0.9925,0.3178,6.3316,60.4786,-0.024,0.0835,-0.8046,110.9688
19:34:02:837,0.4778,0.3741,6.6907,58.389,-0.0762,0.0233,-0.8408,112.1875
19:34:02:854,-0.0933,0.5381,7.6927,60.1971,-0.1334,-0.0041,-0.7971,113.0781
19:34:02:873,-0.3028,0.4352,8.6959,58.9317,-0.0905,-0.0102,-0.7013,113.9844
19:34:02:892,-0.3279,0.653,9.2633,59.3167,-0.0136,0.0159,-0.5982,114.9375
19:34:02:913,0.0624,0.8338,9.6954,58.8071,0.013,-0.0148,-0.5647,115.7969
19:34:02:935,-0.1914,0.9008,10.7728,59.0689,-0.0298,-0.0491,-0.6041,116.5
19:34:02:953,-0.9815,0.6039,12.2632,59.2476,0.0045,-0.0294,-0.574,116.8281
19:34:02:971,-1.7333,0.2388,13.191,59.7494,0.192,-0.0022,-0.3969,117.4844
19:34:02:991,-1.7908,0.0269,13.7979,59.0681,0.4405,0.0052,-0.1383,118.1719
19:34:03:012,-1.1276,-0.4615,13.4041,60.4985,0.6069,0.1416,0.0745,118.7969
19:34:03:036,-0.6858,-0.6578,12.1818,58.9507,0.5132,0.3951,0.2071,119.2344
19:34:03:055,-0.6834,-0.41,11.618,58.6822,0.196,0.5059,0.2418,119.375
19:34:03:071,-0.7493,-0.4687,12.6164,59.3911,-0.0866,0.4178,0.2306,119.2812
19:34:03:091,-1.1168,-1.0121,13.5968,59.3537,-0.106,0.2348,0.2303,119.0469
19:34:03:112,-1.6399,-1.564,14.1714,60.0015,0.1345,-0.1157,0.3688,118.6562
19:34:03:137,-1.4687,-1.8262,13.9703,59.3186,0.5196,-0.3527,0.6487,118.4219
19:34:03:156,-0.6379,-1.7567,11.9017,60.6867,0.8253,-0.1831,0.9041,118.1094
19:34:03:236,0.2479,-1.3593,8.9796,58.8053,0.8421,0.0201,1.0103,117.5156
19:34:03:236,0.8261,-1.0469,7.1265,59.5557,0.5827,-0.0358,0.9581,116.6562
19:34:03:237,0.7734,-0.7284,6.9134,60.2025,0.2541,-0.3021,0.8418,115.5
19:34:03:237,0.6633,-0.5441,7.5838,59.2509,0.0772,-0.5772,0.7741,114.3438
19:34:03:251,0.7076,-0.3513,7.9728,58.3303,0.0866,-0.7692,0.7475,113.2969
19:34:03:271,0.7603,-0.1383,7.713,58.8519,0.167,-0.8241,0.7216,112.4219
19:34:03:291,0.777,-0.064,7.0929,59.6664,0.1728,-0.643,0.7073,111.5625
19:34:03:316,0.9255,0.0042,6.3723,58.2388,0.0807,-0.3429,0.7041,110.7188
19:34:03:338,1.1422,0.094,5.9749,59.2898,-0.0828,-0.1128,0.6774,109.9375
19:34:03:353,1.1781,0.173,6.2131,59.7221,-0.2216,-0.0369,0.6322,109.1094
19:34:03:370,1.0488,0.2831,6.8918,59.6509,-0.2503,-0.0813,0.5983,108.3281
19:34:03:390,1.1254,0.3382,7.6891,57.0518,-0.1561,-0.1261,0.5874,107.5938
19:34:03:411,1.2427,0.422,7.8268,59.7649,0.0059,-0.1101,0.572,106.6094
19:34:03:434,1.3708,0.4711,7.6029,59.5424,0.0647,-0.1588,0.5302,105.9375
19:34:03:451,1.1637,0.5046,8.2972,59.2067,-0.0157,-0.2385,0.4726,105.3125
19:34:03:475,0.8129,0.4639,9.541,59.4565,-0.0951,-0.1903,0.4679,104.7031
19:34:03:490,0.6418,0.3717,10.2832,57.7271,-0.1097,-0.003,0.5107,104.4219
19:34:03:510,0.7651,0.4423,10.5143,58.3169,-0.139,0.2345,0.5587,103.9062
19:34:03:534,1.3624,0.6506,10.8267,57.3993,-0.2013,0.308,0.5161,103.375
19:34:03:552,1.9334,0.5034,11.6108,58.7778,-0.2146,0.1216,0.3392,102.7656
19:34:03:573,1.8772,-0.24,12.6236,57.55,-0.1518,-0.1905,0.1304,102.1562
19:34:03:590,1.2822,-1.309,13.6136,56.2467,-0.0479,-0.3056,0.0931,101.6719
19:34:03:610,1.2954,-2.0309,13.6279,57.9956,0.0647,-0.1178,0.2902,101.4375
19:34:03:636,2.1262,-1.7388,12.6355,57.0973,0.1036,0.1797,0.4854,101.3438
19:34:03:655,2.9857,-1.1917,11.7185,58.2307,0.0205,0.2857,0.4418,101.1406
19:34:03:671,3.2634,-0.9678,12.0334,56.8481,-0.1076,0.1546,0.1975,100.6875
19:34:03:690,2.9905,-1.3689,13.3837,55.4411,-0.1103,0.0103,-0.0781,99.9062
19:34:03:711,2.4039,-1.9507,13.9176,55.464,0.1286,0.1083,-0.1998,99.6875
19:34:03:736,2.3464,-1.9339,12.2908,54.9988,0.4336,0.3363,-0.1694,99.7812
19:34:03:752,3.0982,-1.4694,10.0809,54.9611,0.5385,0.4162,-0.158,100
19:34:03:770,3.8823,-0.993,8.6983,54.9611,0.3864,0.2984,-0.317,100.1719
19:34:03:789,3.7578,-0.6027,8.7677,54.2899,0.1606,0.2316,-0.611,100.3281
19:34:03:810,2.6685,-0.5285,8.5534,54.6002,0.0802,0.2984,-0.8986,100.6719
19:34:03:831,1.2236,-0.6853,7.9046,53.1025,0.0889,0.3597,-1.0033,101.3594
19:34:03:851,0.7291,-0.4459,6.7793,52.6768,0.1041,0.3909,-0.9173,102.3906
19:34:03:871,0.2371,0.0066,6.0538,52.9412,0.0389,0.3522,-0.8254,103.4688
19:34:03:890,0.388,0.4244,5.6648,52.4121,-0.1033,0.495,-0.6635,104.5156
19:34:03:910,-0.0035,0.726,5.9365,52.7874,-0.2045,0.4481,-0.6169,105.4688
19:34:03:930,-0.3243,0.9343,5.933,51.4971,-0.1824,0.3357,-0.505,106.1875
19:34:03:958,-0.1579,1.3689,6.164,52.4916,-0.139,-0.2219,-0.2344,106.8906
19:34:03:972,0.2,1.6526,7.0858,51.6064,-0.1878,-0.4196,-0.1159,107.4688
19:34:03:991,1.0452,1.9255,8.0722,49.6446,-0.2282,-0.4252,-0.0938,107.9062
19:34:04:012,2.0148,2.1015,9.1113,53.0154,-0.3249,-0.2654,-0.2701,108.1719
19:34:04:033,1.7311,1.813,10.8435,49.591,-0.3784,-0.084,-0.5876,108.3125
19:34:04:054,-0.1627,1.3138,11.1176,49.9758,-0.2953,0.0955,-0.7298,108.4219
19:34:04:072,-0.9695,0.7201,10.9105,50.6945,-0.2373,0.0526,-0.5231,109.4062
19:34:04:089,-0.9875,0.6614,11.047,50.8882,-0.2381,-0.2502,-0.2286,109.4062
19:34:04:109,-0.2884,0.6542,12.0681,49.1704,-0.3462,-0.607,0.0132,110.25
19:34:04:130,0.6741,-0.0449,14.0002,49.4001,-0.3449,-0.4443,0.0838,110.8281
19:34:04:151,1.1086,-0.9319,14.764,47.8698,-0.1795,0.0694,0.026,111.0938
19:34:04:170,0.8118,-1.4072,14.3462,49.907,0.0389,0.65,-0.0467,111.0781
19:34:04:190,-0.2537,-1.2695,13.7321,49.758,0.244,0.8428,-0.0256,111
19:34:04:209,-0.5051,-1.2252,13.3143,49.0606,0.4762,0.5549,0.1403,110.9688
19:34:04:231,-0.4201,-1.0493,12.6906,47.9119,0.7404,-0.2012,0.2151,111.0469
19:34:04:251,-1.0617,-0.5536,11.8957,46.5669,1.0251,-0.7152,0.3118,111.0938
19:34:04:271,-0.5254,-0.647,10.3371,48.1073,1.2464,-0.9604,0.5304,110.9375
19:34:04:289,0.3988,-0.6494,8.4205,47.178,1.2488,-0.969,0.6551,110.6719
19:34:04:310,1.0009,-0.501,7.0846,45.811,0.8943,-0.8744,0.5587,109.9844
19:34:04:330,0.7339,-0.1622,7.2306,44.5422,0.433,-0.7469,0.4482,109.25
19:34:04:353,0.6873,-0.4483,7.4497,44.9219,0.0546,-0.5144,0.4482,108.4844
19:34:04:373,0.7627,-0.495,7.7597,45.427,-0.2522,-0.4545,0.4977,107.9062
19:34:04:400,0.6441,-0.2149,8.0638,45.4492,-0.4418,-0.618,0.5549,107.4375
19:34:04:409,0.6944,-0.173,7.8016,44.9719,-0.4993,-0.8963,0.6396,106.9219
19:34:04:429,1.0212,-0.009,7.0618,45.0101,-0.4855,-0.9924,0.7296,106.375
19:34:04:451,1.6066,0.1071,6.1879,45.222,-0.4743,-0.7493,0.7637,105.7812
19:34:04:470,2.1441,0.228,6.2095,46.6485,-0.498,-0.2962,0.7246,105.0625
19:34:04:491,2.6421,0.2269,6.9672,43.6427,-0.5145,0.0976,0.6247,104.2656
19:34:04:511,2.5954,0.252,7.8687,44.7768,-0.4908,0.2966,0.4894,103.4688
19:34:04:540,2.1896,0.3849,8.3714,44.8337,-0.4064,0.3754,0.36,103.125
19:34:04:555,1.6988,0.4268,8.4433,45.5739,-0.2586,0.3783,0.3083,102.4844
19:34:04:570,1.4426,0.507,8.7114,44.8845,-0.0839,0.5024,0.3467,101.9844
19:34:04:590,1.5061,0.6171,9.6691,44.6299,0.1241,0.6532,0.376,101.6406
19:34:04:610,1.7204,0.598,10.7046,43.6384,0.3697,0.5916,0.319,101.3438
19:34:04:630,1.8628,0.7991,11.3905,42.8154,0.592,0.4974,0.2268,100.75
19:34:04:654,1.8712,1.0517,11.8586,43.459,0.7476,0.634,0.1808,100.3594
19:34:04:671,1.9562,0.896,11.9029,43.368,0.8237,0.859,0.1379,100.0156
19:34:04:690,1.8389,0.404,10.1791,44.1849,0.5904,0.4915,0.0601,99.7344
19:34:04:710,1.4702,0.0461,11.2289,45.004,-0.016,-0.3192,0.0697,99.4844
19:34:04:729,2.3297,-0.6602,13.0138,45.736,-0.2682,-0.1679,0.2029,99.3281
19:34:04:751,2.9139,-0.8541,13.4483,44.8848,-0.2653,0.2564,0.2641,99.2656
19:34:04:774,2.8384,-0.7165,12.9635,43.2409,-0.1673,0.5562,0.2473,99.125
19:34:04:789,2.7594,-0.7057,12.3494,43.5866,-0.0746,0.5107,0.1422,98.875
19:34:04:811,2.3584,-0.6937,12.1806,45.0442,0.0115,0.177,-0.0251,98.5938
19:34:04:836,2.1525,-0.8589,11.9951,45.6363,0.1361,0.0428,-0.1452,98.375
19:34:04:853,2.0819,-0.9164,11.0577,44.2433,0.2828,0.2385,-0.1953,98.3125
19:34:04:871,2.2866,-0.7141,9.444,44.3736,0.3481,0.4449,-0.2256,98.4062
19:34:04:890,2.6457,-0.3789,8.2685,44.3626,0.2136,0.307,-0.3407,98.7031
19:34:04:910,2.8109,-0.3154,8.4768,44.0004,-0.0296,-0.0246,-0.5588,98.9375
19:34:04:932,2.5607,-0.5285,9.1532,43.5844,-0.1233,-0.1522,-0.7934,99.3125
19:34:04:953,1.6605,-0.4986,9.1065,44.8325,0.0083,-0.0976,-0.9229,99.9531
19:34:04:971,0.6609,-0.3753,8.0626,43.8125,0.2527,0.0233,-0.892,100.8594
19:34:04:991,0.2491,-0.1634,6.5303,45.0832,0.4061,0.0388,-0.7274,101.3438
19:34:05:011,0.4814,0.3526,6.0598,46.4545,0.3465,-0.1927,-0.5684,102.3906
19:34:05:038,0.9063,0.7955,6.9038,45.7474,0.2352,-0.3484,-0.493,103.3125
19:34:05:054,1.0955,0.9619,7.8974,44.8196,0.2578,-0.1764,-0.4754,104.0156
19:34:05:071,0.6837,1.2253,8.1296,45.107,0.4125,0.0896,-0.4547,104.5781
19:34:05:090,0.4275,1.8142,7.7059,45.2444,0.5457,0.243,-0.4041,105.125
19:34:05:110,0.5149,2.3505,7.3551,46.558,0.531,0.3027,-0.3886,105.6406
19:34:05:131,0.5544,2.7072,7.573,45.7997,0.3894,0.3626,-0.4123,106.0938
19:34:05:154,0.3568,2.7204,8.3583,44.7647,0.2336,0.3554,-0.4467,106.5
19:34:05:172,-0.2369,2.5409,9.6667,45.9883,0.1364,0.2761,-0.4414,107.1406
19:34:05:190,-0.9265,2.1745,11.1667,44.6783,0.1217,0.2809,-0.3183,107.6094
19:34:05:210,-1.1599,2.1733,12.0118,44.6375,0.1923,0.3794,-0.0794,108.0938
19:34:05:230,-0.9157,2.4056,11.9077,47.029,0.3031,0.3485,0.1358,108.4375
19:34:05:253,-0.4512,2.4211,11.4851,46.7538,0.3721,0.1426,0.2729,108.5
19:34:05:319,0.0408,2.2057,11.181,46.6227,0.367,-0.0483,0.3259,108.3125
19:34:05:320,0.0336,2.1195,10.8901,45.4964,0.2551,-0.1466,0.3464,107.9844
19:34:05:320,-0.055,2.08,11.0805,46.7887,0.065,-0.1998,0.3802,107.6094
19:34:05:335,0.3449,1.9387,11.77,46.6646,-0.1097,-0.1956,0.4154,107.2344
19:34:05:355,0.8034,1.6011,12.1555,46.0718,-0.155,-0.1985,0.3834,106.8125
19:34:05:371,0.4873,0.7464,11.6766,45.7734,-0.0392,-0.3237,0.27,106.3594
19:34:05:390,0.3868,0.4687,10.4652,46.0415,0.028,-0.0651,0.2641,106.3594
19:34:05:411,0.5484,0.4723,8.7509,46.284,0.0234,0.0718,0.2351,105.6406
19:34:05:437,1.05,0.6985,7.4473,48.113,-0.1076,0.0324,0.1283,105.3594
19:34:05:454,1.0344,1.017,6.7949,46.4528,-0.3244,-0.1066,-0.0456,105.0781
19:34:05:471,0.6094,1.0589,7.0091,48.4397,-0.5217,-0.2606,-0.1961,104.7969
19:34:05:489,-0.0083,0.5728,7.6508,47.7622,-0.5771,-0.3514,-0.2246,104.6562
19:34:05:509,-0.1699,0.2125,7.7813,47.5646,-0.482,-0.3381,-0.1207,104.7188
19:34:05:530,-0.1244,0.2305,7.2976,46.7584,-0.3886,-0.3711,0.0164,104.9688
19:34:05:556,-0.0442,0.3932,7.2055,47.0146,-0.4059,-0.41,0.1523,105.2812
19:34:05:573,0.3042,0.6458,7.9429,48.1073,-0.4277,-0.3471,0.2756,105.4531
19:34:05:590,0.6992,0.7584,8.7318,47.4899,-0.3065,-0.2749,0.3163,105.4688
19:34:05:609,0.4371,0.6686,8.9149,47.4784,-0.0996,-0.1887,0.3163,105.3281
19:34:05:629,0.2838,0.7069,8.7916,46.8381,0.0658,-0.0891,0.4007,105.0625
19:34:05:653,0.218,1.0972,8.6145,47.623,0.1324,-0.0076,0.5089,104.7344
19:34:05:672,0.7411,1.4575,8.8527,48.6482,0.1207,-0.0361,0.597,104.3906
19:34:05:689,1.5947,1.8477,9.6523,49.7939,0.0951,-0.1,0.5677,103.9219
19:34:05:709,2.0136,2.0189,10.1587,48.7997,0.0884,-0.0371,0.4101,102.6719
19:34:05:730,1.8161,1.8813,10.0893,49.0259,0.0479,0.0662,0.2119,102.0312
19:34:05:753,1.5719,1.4994,10.4221,49.4762,-0.0898,0.1645,0.0713,101.75
19:34:05:772,1.6318,1.1534,11.3283,47.2978,-0.2346,0.1951,-0.0179,101.4062
19:34:05:790,1.7455,0.5309,12.3518,48.9912,-0.3025,0.1482,-0.0919,101.2656
19:34:05:810,1.5372,-0.258,13.2939,50.3866,-0.273,0.0596,-0.0832,101.2344
19:34:05:829,1.9861,-0.7811,13.8458,50.0862,-0.1292,0.0244,0.0468,101.3281
19:34:05:854,2.8181,-0.8062,13.2329,49.3102,0.0139,0.1003,0.1033,101.4531
19:34:05:874,3.2179,-0.6147,12.2094,50.8192,-0.0392,0.2502,0.0039,101.5
19:34:05:890,2.9354,-0.6578,12.347,49.2902,-0.2048,0.3384,-0.1902,101.3906
19:34:05:910,1.9861,-1.23,13.2389,49.2903,-0.1822,0.3472,-0.3332,101.2969
19:34:05:929,1.2583,-1.643,13.0545,52.3643,0.1167,0.3597,-0.2909,101.3281
19:34:05:952,1.2307,-1.4275,11.035,48.4602,0.4647,0.3192,-0.1535,101.5469
19:34:05:969,2.0927,-0.8625,8.6157,49.0993,0.5326,0.0691,-0.0765,101.9375
19:34:05:989,3.1389,-0.3454,7.8615,49.5859,0.2703,-0.3189,-0.1774,102.25
19:34:06:010,3.4298,-0.0976,8.8802,48.0923,-0.0581,-0.5101,-0.4142,102.4219
19:34:06:030,3.0838,-0.1227,10.0031,48.7361,-0.1926,-0.3889,-0.6488,102.5156
19:34:06:053,2.1741,-0.0102,10.1288,49.0766,-0.102,-0.0699,-0.7942,102.8438
19:34:06:071,1.2259,0.1227,8.8982,49.8891,0.0573,0.2239,-0.8217,103.4688
19:34:06:090,0.6573,0.349,7.3024,50.0937,0.1286,0.3256,-0.7514,104.3281
19:34:06:110,0.4969,0.7081,6.6141,49.1083,0.1017,0.2193,-0.6318,105.2344
19:34:06:131,0.6537,1.0014,6.8954,48.2559,0.0932,0.0377,-0.5268,106.125
19:34:06:154,0.8967,1.3509,7.4736,50.1131,0.1326,-0.0126,-0.4667,106.9062
19:34:06:172,1.0823,1.6526,7.4162,50.3387,0.1625,0.1118,-0.4568,107.5469
19:34:06:189,1.0751,2.0237,7.7106,50.8896,0.1116,0.3528,-0.4792,108.0781
19:34:06:209,0.7986,2.3014,8.0219,49.6697,0.1073,0.5885,-0.5157,108.5938
19:34:06:230,0.2778,2.4044,7.9608,50.8895,0.192,0.5807,-0.5242,109.1094
19:34:06:254,0.042,2.5444,7.5323,49.7976,0.2495,0.2998,-0.4802,109.6406
19:34:06:271,-0.1759,2.578,7.7597,50.2515,0.175,-0.0941,-0.4443,110.2031
19:34:06:289,-0.6858,2.4978,9.0083,50.1015,0.0359,-0.3245,-0.3756,110.75
19:34:06:309,-0.8989,2.2332,10.8195,50.536,-0.0394,-0.2395,-0.2233,111.5
19:34:06:329,-0.7445,1.9639,11.8275,49.6424,0.0141,-0.0478,-0.0408,111.9375
19:34:06:355,-0.3913,1.752,12.28,52.2859,0.1095,0.0881,0.0921,112.2031
19:34:06:371,-0.1112,1.4036,12.5829,48.9986,0.159,0.2934,0.1746,112.2656
19:34:06:390,-0.213,1.309,12.0489,50.9277,0.1933,0.4937,0.2268,112.1406
19:34:06:410,-0.6703,1.4742,11.2385,48.238,0.1649,0.5118,0.279,111.9219
19:34:06:431,-0.6799,1.6825,10.7764,49.6591,0.0647,0.3829,0.3459,111.7812
19:34:06:454,-0.1902,1.4706,10.5585,52.3426,-0.0645,0.1291,0.3539,111.4844
19:34:06:473,0.2659,0.7045,11.5414,50.5724,-0.2077,-0.1618,0.2993,111.0938
19:34:06:490,0.0827,0.234,12.8654,50.1478,-0.1744,-0.1511,0.2628,110.6719
19:34:06:509,-0.2956,0.2065,12.4392,50.4865,0.1206,0.022,0.3009,110.3125
19:34:06:529,0.1462,0.3801,10.1886,51.7801,0.4229,0.0699,0.3605,110.0156
19:34:06:554,0.8764,0.896,8.2757,51.716,0.4871,-0.1239,0.2607,109.7031
19:34:06:570,0.382,0.8924,7.0403,51.1992,0.3169,-0.4124,0.1134,109.125
19:34:06:595,0.6106,0.8601,7.1767,50.6649,-0.008,-0.5189,0.0372,108.8125
19:34:06:609,0.1629,0.7979,7.8124,52.4086,-0.2024,-0.4164,-0.0105,108.7188
19:34:06:629,0.0408,0.7009,7.9704,50.1519,-0.1894,-0.2528,0.0284,108.7031
19:34:06:658,0.0827,0.5668,6.9158,52.1017,-0.0522,-0.2275,0.087,108.75
19:34:06:679,0.2755,0.58,6.0179,51.2408,-0.0586,-0.4222,0.1478,108.7344
19:34:06:690,0.4395,0.6434,6.6297,50.7495,-0.2067,-0.5817,0.1936,108.6562
19:34:06:715,0.3844,0.5537,7.9824,50.8002,-0.2897,-0.5698,0.2449,108.5312
19:34:06:729,0.291,0.4555,8.9604,51.8913,-0.168,-0.386,0.339,108.3438
19:34:06:750,0.2994,0.5573,8.788,52.1385,0.065,-0.1277,0.4636,108.1094
19:34:06:772,0.71,1.6143,7.6281,51.3789,0.0506,0.1695,0.5781,107.7656
19:34:06:792,0.8656,1.8226,8.2589,52.2652,-0.1052,0.2335,0.5467,107.7656
19:34:06:810,0.9734,1.9626,8.982,52.2145,-0.1387,0.2015,0.5054,107.25
19:34:06:829,1.4259,2.2129,9.4165,51.7106,-0.0903,0.0588,0.4274,105.9062
19:34:06:854,1.7239,2.3601,9.7337,52.8845,-0.0908,-0.0696,0.2545,105.6094
19:34:06:872,1.6497,2.1039,10.5406,51.8729,-0.1838,-0.1365,0.0609,104.7344
19:34:06:890,1.4103,1.5856,11.3857,51.6733,-0.3068,-0.1136,-0.0568,104.2344
19:34:06:908,1.2882,1.0134,12.6942,49.9356,-0.3965,-0.0571,-0.0714,103.9688
19:34:06:929,1.6617,0.2711,14.2576,51.6438,-0.3246,0.0201,-0.0105,103.9219
19:34:06:954,2.4218,-0.1981,13.9547,52.1221,-0.1387,0.2034,0.0825,104
19:34:06:972,3.109,0.0509,12.2824,51.1456,-0.0799,0.2873,0.0681,104.1094
19:34:06:988,3.1557,0.0425,11.9029,49.9844,-0.1702,0.0627,-0.1095,104.1406
19:34:07:008,2.617,-0.5369,12.9216,51.3494,-0.1236,-0.1418,-0.3026,104.0469
19:34:07:029,1.9394,-0.975,13.0521,51.0688,0.1811,-0.1519,-0.4107,103.9688
19:34:07:053,1.8042,-0.9619,11.4372,52.2293,0.489,0.0319,-0.4363,104.0938
19:34:07:073,2.0675,-0.6805,8.9975,51.248,0.4722,0.1767,-0.5029,104.4531
19:34:07:089,2.3895,-0.4806,8.0841,51.3941,0.0645,0.0417,-0.652,104.9219
19:34:07:109,2.4985,-0.7201,9.6978,51.4251,-0.4258,-0.1381,-0.8387,105.9062
19:34:07:129,2.0735,-0.8853,12.0058,50.3939,-0.5819,0.0068,-0.9734,106.6406
19:34:07:155,0.9123,-0.7715,11.9113,51.9186,-0.2551,0.349,-0.9846,107.1094
19:34:07:172,-0.1423,-0.2891,9.5793,52.5687,0.1856,0.5461,-0.8174,108.1406
19:34:07:192,-0.4356,0.4878,6.9792,52.0214,0.4088,0.4697,-0.5681,109.3125
19:34:07:210,-0.2585,1.2264,5.3224,49.2132,0.371,0.1618,-0.4001,110.3438
19:34:07:229,0.1031,1.5317,5.3835,50.9906,0.192,-0.1186,-0.3434,111.1094
19:34:07:253,0.2072,1.4683,6.328,50.1972,0.0858,-0.1668,-0.3069,111.5938
19:34:07:272,0.3257,1.5281,6.8296,50.8218,0.1505,-0.1191,-0.2288,112
19:34:07:289,0.1809,1.898,6.9241,51.2231,0.3843,-0.419,-0.1412,112.375
19:34:07:309,0.1665,2.2679,6.9493,52.0224,0.6469,-0.9791,-0.0645,112.6719
19:34:07:375,0.5316,2.5672,7.1001,52.8015,0.7145,-1.2617,-0.007,112.875
19:34:07:375,1.0464,2.8006,7.4269,51.833,0.543,-1.0268,0.0431,113.0156
19:34:07:376,1.7491,2.8509,7.7944,51.9481,0.2394,-0.5077,0.0657,113.0469
19:34:07:399,2.046,2.906,8.551,50.1947,-0.0724,-0.0142,0.0362,113.0938
19:34:07:408,1.6988,2.9934,9.6093,50.4652,-0.3111,0.3195,-0.0067,113.0781
19:34:07:429,1.1038,3.2196,11.3642,51.5917,-0.3694,0.4281,-0.0448,113
19:34:07:454,0.5891,2.7875,12.4847,52.4058,-0.1744,0.3685,-0.0539,113
19:34:07:472,0.3317,2.305,12.444,53.5539,0.0959,0.25,0.0697,113.0156
19:34:07:491,0.6501,2.2595,11.8107,51.386,0.2245,0.2042,0.2455,113.0938
19:34:07:509,1.3648,2.323,10.9105,50.8722,0.1121,0.2393,0.319,113.0781
19:34:07:529,1.9586,2.5468,10.8447,51.993,-0.2384,0.2265,0.2647,112.8594
19:34:07:554,2.2387,2.2703,12.0585,50.863,-0.5936,0.1541,0.0942,112.5
19:34:07:573,1.6006,1.2516,13.8254,51.0963,-0.6828,-0.003,-0.1071,112.1406
19:34:07:593,0.5879,-0.0126,14.5521,52.8454,-0.339,-0.2254,-0.1644,111.9375
19:34:07:609,-0.2645,-0.9044,12.286,52.7975,0.1718,-0.3162,-0.0216,111.9844
19:34:07:629,-0.7433,-0.507,9.9025,51.9918,0.4029,-0.0893,0.3121,112.2188
19:34:07:656,0.4825,-0.167,8.1512,52.1664,0.3337,-0.1096,0.585,112.3594
19:34:07:672,1.5983,0.1862,7.9548,51.8508,0.0767,-0.3804,0.5358,112.2031
19:34:07:689,1.8401,0.246,8.8192,51.401,-0.1571,-0.5506,0.3395,111.625
19:34:07:714,1.627,0.2245,9.7876,51.6281,-0.2258,-0.521,0.1733,110.9688
19:34:07:728,0.8943,0.3585,9.7373,49.0011,-0.1164,-0.3516,0.1041,110.3594
19:34:07:749,0.4263,0.5788,8.9832,49.3231,0.045,-0.1644,0.1696,110.2188
19:34:07:773,0.6753,0.7201,7.7921,50.1514,0.1441,0.0833,0.2774,110.125
19:34:07:789,1.2894,0.9296,6.6895,50.1788,0.1009,0.271,0.3137,109.9375
19:34:07:809,1.7096,1.0205,6.3783,50.4758,-0.0823,0.3333,0.2679,109.6094
19:34:07:830,1.6018,1.0852,7.215,50.9904,-0.277,0.2393,0.1882,109.25
19:34:07:855,1.5156,1.0876,8.3619,52.4997,-0.269,0.1363,0.1456,108.9219
19:34:07:875,1.7275,1.0995,8.7653,51.3259,-0.061,0.1149,0.0527,108.8125
19:34:07:890,1.2786,1.3222,8.7174,52.0816,0.2013,0.1248,0.0569,108.6406
19:34:07:909,1.2212,1.4695,8.5522,50.2213,0.4069,0.1541,0.1211,108.5312
19:34:07:930,1.609,1.716,8.3822,50.9318,0.5238,0.2012,0.1552,108.4844
19:34:07:955,1.6437,2.2141,8.4624,50.6662,0.5326,0.0417,0.14,108.3438
19:34:07:975,1.7371,2.4176,9.2238,52.3329,0.4264,-0.259,0.128,108.125
19:34:07:988,1.9035,2.05,10.2832,51.9038,0.3095,-0.2145,0.0697,107.9219
19:34:08:009,1.2954,1.6107,10.5406,51.9038,0.2258,0.0215,0.05,107.6562
19:34:08:030,0.6741,1.4012,11.2565,50.1147,0.1558,-0.0989,0.2045,107.5781
19:34:08:055,1.2188,1.1462,12.0238,49.7384,0.1656,-0.2771,0.437,107.5
19:34:08:072,2.5033,1.0122,12.5529,50.1327,0.1665,-0.1642,0.6018,107.25
19:34:08:088,3.4502,1.2216,11.9592,50.6129,0.1577,0.2974,0.6767,106.7656
19:34:08:112,3.698,1.5449,10.9021,49.4113,0.098,0.6207,0.5928,106.1094
19:34:08:128,3.3568,1.6227,10.2904,49.841,-0.0048,0.6311,0.3826,105.2969
19:34:08:150,2.7906,1.6167,9.9971,49.9809,-0.1004,0.3357,0.1725,104.5625
19:34:08:174,3.0755,0.507,12.8929,51.2128,-0.3563,-0.3474,-0.1519,104.0938
19:34:08:190,2.8983,0.252,13.8338,49.9166,-0.2253,-0.0917,-0.2619,104.0938
19:34:08:209,2.775,0.1742,12.4679,50.4911,0.0772,0.2137,-0.3212,103.875
19:34:08:229,2.945,0.1694,10.0833,50.9839,0.2405,0.1189,-0.3841,103.9062
19:34:08:255,3.012,0.3298,8.8898,51.1099,0.1803,-0.2233,-0.4935,104.125
19:34:08:271,2.6577,0.4352,8.7904,49.9939,0.0692,-0.3844,-0.6187,104.7969
19:34:08:288,1.9993,0.5178,8.1991,48.7343,0.0421,-0.2582,-0.688,104.7969
19:34:08:308,1.5073,0.647,6.8607,50.8021,0.0466,-0.0488,-0.6816,105.75
19:34:08:328,1.0643,0.7117,5.2829,49.3533,-0.0165,0.091,-0.6363,106.4844
19:34:08:348,1.1003,0.8458,4.4809,48.8711,-0.1822,0.0273,-0.5386,107.2812
19:34:08:372,1.6844,1.7125,4.8759,50.4279,-0.3087,-0.1399,-0.4874,108.0312
19:34:08:393,1.9586,2.4559,5.5175,49.3855,-0.3119,-0.2853,-0.6408,108.75
19:34:08:408,1.4618,2.5756,6.0634,47.8826,-0.2714,-0.3508,-0.8408,109.375
19:34:08:428,0.8656,2.2224,6.9158,48.4208,-0.2716,-0.3375,-0.8874,109.9688
19:34:08:447,0.2958,2.2188,8.4325,49.2307,-0.2762,-0.2438,-0.7668,110.7188
19:34:08:471,0.3353,2.645,9.8247,47.0893,-0.2019,-0.1586,-0.5894,111.7344
19:34:08:490,0.1222,2.7791,10.7788,48.8427,-0.0408,-0.1469,-0.476,112.7969
19:34:08:508,0.0911,2.6414,10.9751,47.9286,0.1308,-0.1895,-0.3362,113.6719
19:34:08:528,0.3365,2.651,11.1236,46.6975,0.2029,-0.1958,-0.1817,114.375
19:34:08:549,0.5771,2.8569,11.6419,47.883,0.2173,-0.0883,-0.06,114.9219
19:34:08:571,0.7878,2.8904,11.9939,48.4571,0.2802,-0.0028,-0.0019,115.4219
19:34:08:589,0.8812,2.5684,12.0884,45.7774,0.3537,-0.0129,0.0327,115.5469
19:34:08:615,0.9973,2.0907,12.0549,48.1234,0.347,0.0332,0.0814,115.5469
19:34:08:628,0.9458,1.8824,11.9939,48.5108,0.2253,0.2042,0.1525,115.5
19:34:08:650,0.9027,1.9603,12.1435,46.4224,0.0722,0.3975,0.2282,115.4062
19:34:08:675,0.9339,1.8824,11.8969,49.4784,-0.0559,0.5006,0.2878,115.2344
19:34:08:689,1.0895,1.4934,11.9903,46.657,-0.1441,0.3229,0.3392,114.9844
19:34:08:712,0.9793,0.7859,12.4476,46.652,-0.0775,-0.0126,0.3821,114.6562
19:34:08:727,0.8716,0.2676,12.2764,47.9993,0.1313,-0.1812,0.4641,114.2656
19:34:08:748,0.9087,0.1957,10.2545,45.9982,0.3513,-0.0108,0.5374,113.8594
19:34:08:772,0.8237,0.513,7.3312,48.9149,0.3553,0.0146,0.5515,113.4062
19:34:08:791,0.9949,0.519,6.0598,46.8649,0.0719,-0.2542,0.5067,112.8125
19:34:08:810,1.2391,0.3921,6.6476,48.7726,-0.3023,-0.5237,0.4306,112.1406
19:34:08:828,1.3265,0.3562,7.9249,47.1936,-0.5947,-0.5484,0.3392,111.5469
19:34:08:848,0.9638,0.3897,8.9604,47.1124,-0.7318,-0.3295,0.2857,111.2812
19:34:08:872,0.5424,0.5489,9.4812,46.9683,-0.6812,-0.0486,0.3315,110.8594
19:34:08:891,0.5065,0.6375,9.1747,45.4122,-0.4791,0.1959,0.4418,110.4844
19:34:08:908,0.8273,0.7632,7.9716,46.4778,-0.24,0.2939,0.5733,110.2344
19:34:08:929,1.4797,1.0325,6.8906,46.4671,-0.0695,0.0526,0.6689,109.8594
19:34:08:950,1.9813,1.4455,6.9828,48.6691,0.0194,-0.3349,0.6607,109.3125
19:34:08:973,2.2219,1.7244,7.5873,45.5132,0.0818,-0.4747,0.5802,108.6094
19:34:08:989,2.2794,1.8848,7.9513,47.118,0.0879,-0.2808,0.4868,107.8438
19:34:09:009,2.216,1.8848,8.1991,45.6961,0.0248,0.0345,0.4162,107.1562
19:34:09:028,1.9622,2.0931,8.6504,47.7655,-0.0839,0.2119,0.3808,106.5781
19:34:09:048,1.7994,2.2547,9.893,48.2624,-0.1164,0.1581,0.3741,106.0625
19:34:09:072,2.2255,2.408,10.7621,46.3934,0.0266,0.0257,0.3592,105.6094
19:34:09:090,2.5942,2.4415,10.6639,45.8724,0.2123,-0.0904,0.2484,105.1875
19:34:09:108,2.4374,2.2835,10.1084,46.6628,0.274,-0.129,0.1043,104.7812
19:34:09:130,2.2136,1.8765,9.9385,48.2526,0.1635,-0.1463,0.0103,104.4062
19:34:09:158,2.0196,1.2911,10.7094,47.6924,-0.0538,-0.1575,-0.007,104.1875
19:34:09:168,1.9969,0.4759,12.3841,45.4268,-0.1883,-0.1239,0.087,104.1094
19:34:09:189,2.3788,0.0018,13.2628,48.1073,-0.1007,-0.063,0.2636,104.1406
19:34:09:208,3.3197,-0.1071,12.8594,46.823,0.0794,-0.0707,0.4167,104.0625
19:34:09:228,4.3504,0.2221,12.0322,48.4082,0.1649,-0.1415,0.4165,103.7969
19:34:09:254,4.7873,0.4136,11.5892,46.9114,0.1124,-0.1817,0.2213,103.3125
19:34:09:273,4.5216,0.1514,11.9244,46.993,-0.0197,-0.1399,-0.0288,102.8125
19:34:09:288,3.9182,-0.4747,12.7038,46.9807,-0.0519,0.0875,-0.1894,102.5625
19:34:09:308,3.2072,-0.6602,12.3027,45.8139,0.1507,0.3863,-0.2232,102.6094
19:34:09:329,3.176,-0.3537,10.0665,47.4477,0.4429,0.4915,-0.1846,102.8281
19:34:09:349,3.7578,0.0664,7.6173,48.4886,0.5366,0.156,-0.2206,103.0469
19:34:09:373,4.4713,0.3094,6.7614,45.5495,0.3324,-0.3397,-0.395,103.1094
19:34:09:392,4.5108,0.4866,7.5311,46.731,-0.0362,-0.4669,-0.6677,103.2344
19:34:09:455,3.6704,0.4998,8.4038,48.1363,-0.3023,-0.1218,-0.9199,103.5312
19:34:09:455,2.3788,0.4148,8.0578,47.2871,-0.3803,0.3355,-1.0595,104.1094
19:34:09:455,1.1864,0.4771,7.0834,48.1031,-0.3651,0.5994,-1.0352,105.0625
19:34:09:467,0.388,0.7165,6.3639,47.3164,-0.2919,0.5006,-0.896,106.2656
19:34:09:487,0.2766,0.9032,6.2885,47.2946,-0.1864,0.1815,-0.7087,108.0156
19:34:09:508,0.5508,1.1259,6.5878,48.352,-0.0842,-0.0723,-0.554,109.0469
19:34:09:528,0.8943,1.4383,7.0307,47.2013,-0.02,-0.0662,-0.4656,109.875
19:34:09:548,1.0332,1.7616,7.1049,47.3393,0.0216,0.0928,-0.4422,110.5156
19:34:09:570,0.7028,2.5468,7.8148,47.2022,-0.0482,0.2388,-0.3727,111.0156
19:34:09:591,1.1014,2.8593,8.8383,48.5308,-0.0668,0.189,-0.3103,111.5156
19:34:09:610,1.4151,3.0005,9.6476,48.6287,-0.0751,0.1863,-0.325,112.3906
19:34:09:628,1.1733,2.8605,10.6316,46.5618,-0.1076,0.2215,-0.3617,112.3906
19:34:09:649,0.6465,2.6737,11.867,46.9498,-0.0852,0.3389,-0.3007,112.7344
19:34:09:673,0.3018,2.7372,12.5146,48.5232,0.0597,0.4838,-0.1346,113.5
19:34:09:691,0.2359,2.7647,12.3027,49.1707,0.2224,0.5067,0.0657,113.5
19:34:09:708,0.6023,2.7934,12.0717,47.9066,0.334,0.3956,0.2569,113.8281
19:34:09:727,1.5444,2.7228,11.5294,49.3405,0.4184,0.2881,0.3467,113.9375
19:34:09:749,2.204,2.9491,11.5677,47.0599,0.4253,0.1466,0.1392,113.6875
19:34:09:773,1.0308,2.7037,10.701,48.4557,0.3212,0.0612,0.0274,113.2656
19:34:09:791,0.71,1.9172,10.8973,49.0372,0.0437,0.0364,-0.0041,112.8906
19:34:09:808,0.1462,1.1582,11.4097,49.2269,-0.179,-0.0483,0.0766,112.8281
19:34:09:827,0.3389,0.5549,12.7445,48.121,-0.225,-0.2265,0.2327,112.7969
19:34:09:848,0.8991,0.0377,13.5118,49.8073,0.0154,-0.2768,0.3267,112.7969
19:34:09:871,1.1625,-0.021,11.7712,49.4853,0.3649,-0.0499,0.3344,112.7344
19:34:09:891,1.196,0.1933,9.0765,51.3574,0.4922,-0.0241,0.2631,112.5
19:34:09:907,1.202,0.1395,7.9429,50.2912,0.3542,-0.2446,0.1552,112.1562
19:34:09:927,0.9482,0.2376,7.7274,49.5297,0.1124,-0.3839,0.0732,111.75
19:34:09:947,0.862,0.3322,7.7885,49.4679,-0.1041,-0.4025,0.0668,111.4219
19:34:09:971,0.8572,0.4483,7.9441,50.2332,-0.2716,-0.2885,0.0769,111.25
19:34:09:992,0.5209,0.5992,8.041,49.2906,-0.3276,-0.1314,0.0993,111.1875
19:34:10:008,0.5077,0.4998,7.7142,48.9758,-0.2557,-0.0611,0.1821,111.1562
19:34:10:032,0.6801,0.4938,7.1552,50.2365,-0.1766,-0.1024,0.2742,111.125
19:34:10:046,0.7004,0.6961,6.9601,50.6275,-0.1635,-0.1434,0.3653,110.9688
19:34:10:068,0.7459,0.8434,7.1815,49.0967,-0.1417,-0.1692,0.4524,110.7344
19:34:10:090,0.7663,1.0936,7.3611,50.6848,-0.078,-0.1216,0.5318,110.4062
19:34:10:109,0.8058,1.3474,7.3012,49.6571,-0.0035,-0.0366,0.6031,109.9688
19:34:10:127,1.1637,1.6574,7.2007,49.6571,0.0296,-0.0424,0.6559,109.4219
19:34:10:149,1.5252,2.1889,7.5371,50.5071,-0.0237,-0.1562,0.6497,108.8125
19:34:10:172,1.846,2.6283,8.6659,50.217,-0.1289,-0.2124,0.5805,108.0781
19:34:10:190,1.8568,2.7934,9.7673,50.8264,-0.1814,-0.1045,0.4718,107.3281
19:34:10:207,1.7084,2.724,10.215,51.6352,-0.1598,0.0303,0.3765,106.6406
19:34:10:230,1.4402,2.554,10.2365,51.3271,-0.1196,0.0529,0.3241,106.0938
19:34:10:247,1.3612,2.3122,10.6747,52.1544,-0.1385,-0.0787,0.3203,105.6406
19:34:10:268,1.5384,1.8298,11.63,53.1141,-0.1782,-0.1876,0.3414,105.25
19:34:10:289,1.8185,1.1821,12.7516,51.6327,-0.1683,-0.2046,0.3997,104.9219
19:34:10:308,2.4721,0.6614,13.2149,52.7196,-0.0591,-0.0933,0.528,104.5781
19:34:10:327,3.5555,0.5956,12.4943,51.7238,0.0783,0.0039,0.613,104.3906
19:34:10:349,4.4138,0.8386,11.5174,53.5575,0.142,0.0137,0.5419,103.7188
19:34:10:373,4.7789,0.981,10.4975,52.2393,0.1044,-0.0899,0.323,103.0469
19:34:10:392,5.0339,0.7739,10.3706,52.1567,-0.1081,-0.2917,0.0236,102.3438
19:34:10:408,5.0351,-0.0257,11.9687,53.4471,-0.4112,-0.3199,-0.2773,101.8125
19:34:10:427,4.2486,-0.7572,14.0553,53.418,-0.5356,0.0915,-0.4592,101.625
19:34:10:448,3.3065,-1.0469,14.0601,52.8526,-0.2818,0.7024,-0.4781,101.8281
19:34:10:474,2.9905,-1.1055,11.5462,51.9871,0.1374,0.8542,-0.3945,102.3438
19:34:10:492,3.3736,-0.7033,9.1196,53.1562,0.4107,0.4651,-0.3247,102.9219
19:34:10:509,3.7506,-0.167,7.8292,52.147,0.4993,-0.0904,-0.4006,103.4062
19:34:10:528,3.5974,0.2508,6.9373,53.304,0.4048,-0.2872,-0.5777,103.75
19:34:10:549,2.8025,0.513,6.3076,50.6564,0.1667,-0.1218,-0.7513,104.0781
19:34:10:573,1.9466,0.6794,5.9246,51.9436,-0.086,0.1339,-0.8297,104.5781
19:34:10:590,1.3445,0.8829,5.8372,53.0839,-0.2666,0.2755,-0.8251,105.3281
19:34:10:616,1.0344,1.0337,6.0084,51.675,-0.3297,0.2532,-0.7793,106.6719
19:34:10:626,0.9087,1.1953,6.1963,52.2584,-0.2866,0.0779,-0.7189,107.625
19:34:10:647,0.8764,1.3521,6.5698,52.911,-0.192,-0.1133,-0.6451,108.5469
19:34:10:673,1.1517,1.5963,6.7997,52.4528,-0.1009,-0.1841,-0.5668,109.3906
19:34:10:690,1.3337,2.001,6.8176,50.9685,-0.1092,-0.1492,-0.5258,110.1094
19:34:10:706,1.6773,2.408,7.4688,52.6612,-0.233,-0.0888,-0.5082,110.7812
19:34:10:732,2.0927,2.718,8.982,52.4306,-0.3268,-0.027,-0.57,111.3906
19:34:10:747,1.8724,2.7587,10.3203,53.5538,-0.2892,0.0835,-0.7002,111.9688
19:34:10:769,1.0536,2.566,11.12,53.766,-0.147,0.1765,-0.7695,112.6562
19:34:10:790,0.1306,2.3876,11.6132,53.5195,0.0554,0.1437,-0.6925,113.4844
19:34:10:807,-0.5158,2.3781,11.5964,51.7466,0.2953,-0.1165,-0.4826,113.9219
19:34:10:827,-0.6032,2.5552,12.4751,52.5795,0.6,-0.8928,-0.2078,114.75
19:34:10:848,-0.1639,2.5217,13.7991,52.217,0.9963,-1.6531,-0.0006,115.4219
19:34:10:872,0.4825,2.0441,13.7057,55.7014,1.1502,-1.4308,0.1544,115.7969
19:34:10:893,0.9817,2.0225,12.1974,54.499,0.8874,-0.3434,0.3027,115.8906
19:34:10:909,1.2666,2.4283,10.7716,53.545,0.3926,0.519,0.4149,115.6562
19:34:10:933,1.6162,2.3804,11.3774,53.4756,-0.0101,0.7064,0.4521,115.2188
19:34:10:946,1.4211,2.0297,12.3578,53.5534,-0.0514,0.5227,0.4423,114.6719
19:34:10:967,1.2008,0.6494,12.2656,52.6799,0.5257,-0.0424,0.5531,114.0938
19:34:10:990,1.1505,0.2149,10.5526,52.9047,0.7814,0.1014,0.666,114.0938
19:34:11:007,1.1505,0.1586,8.1823,52.8961,0.8315,0.2521,0.7406,113.5469
19:34:11:028,1.3983,0.331,6.4022,52.6828,0.5862,0.25,0.7744,112.9844
19:34:11:047,1.7395,0.5944,5.7642,50.7044,0.1033,0.1482,0.7755,112.2969
19:34:11:073,2.356,0.7165,6.9912,51.4512,-0.4637,-0.0228,0.735,111.4219
19:34:11:090,2.8169,0.8015,9.7278,49.641,-0.8176,0.0257,0.645,110.4531
19:34:11:107,2.7822,0.9583,11.2421,49.7802,-0.7286,0.3938,0.536,108.5938
19:34:11:126,2.3416,1.0277,9.7972,51.8016,-0.3944,0.8468,0.4378,107.8125
19:34:11:146,1.8006,1.1714,7.1636,49.622,-0.1566,1.0758,0.4117,107.2031
19:34:11:172,1.6677,1.3126,4.9214,49.1795,-0.1079,0.8889,0.4266,106.6406
19:34:11:190,1.8257,1.5616,4.4605,49.2292,-0.2293,0.3485,0.4308,105.8438
19:34:11:207,1.9394,1.7041,5.8252,50.4898,-0.4157,-0.0584,0.3901,105.3125
19:34:11:227,1.8173,1.8346,7.871,48.3855,-0.4477,-0.0957,0.3624,104.7812
19:34:11:249,1.6401,1.9243,8.5965,48.7047,-0.2876,0.0609,0.356,104.3281
19:34:11:273,1.8233,2.1518,8.7282,48.3879,-0.1603,0.2092,0.3821,103.9531
19:34:11:293,2.1609,2.6809,8.9532,48.48,-0.11,0.2113,0.3699,103.7969
19:34:11:311,2.3656,2.9934,9.7086,48.6872,-0.074,0.1094,0.2729,103.4062
19:34:11:327,2.4673,2.9479,10.1791,48.6352,0.0064,0.0548,0.1312,102.9688
19:34:11:347,2.2914,2.7623,10.203,46.7489,0.0485,-0.0028,-0.0264,102.5625
19:34:11:372,1.8161,2.3421,10.7118,48.3213,-0.0045,-0.1389,-0.1332,102.25
19:34:11:390,1.6569,1.558,11.9544,47.8537,-0.077,-0.2933,-0.1404,102.0938
19:34:11:407,1.7946,0.7093,13.3921,48.134,-0.09,-0.3538,-0.0677,102.125
19:34:11:427,2.0855,0.1478,14.5665,46.4095,0.0397,-0.2483,0.0806,102.2812
19:34:11:447,2.6828,0.1107,13.6351,47.6164,0.3095,-0.0331,0.2175,102.5312
19:34:11:472,3.1497,0.5237,11.2601,47.0733,0.449,0.0209,0.2292,102.5469
19:34:11:538,3.4633,0.8649,9.5949,47.6386,0.3007,-0.211,0.0979,102.375
19:34:11:539,3.4621,0.5944,10.197,45.8331,-0.0296,-0.5264,-0.126,102.0469
19:34:11:539,3.0575,-0.2807,12.195,46.5432,-0.2565,-0.4789,-0.284,101.8125
19:34:11:560,2.4183,-0.7763,13.2185,45.4746,-0.1497,-0.1098,-0.28,101.8438
19:34:11:574,2.2638,-0.8134,11.5725,46.2875,0.1864,0.1562,-0.1708,102.1406
19:34:11:589,2.9761,-0.3537,8.8048,44.959,0.3824,-0.0907,-0.0853,102.5469
19:34:11:606,4.1684,0.2508,7.9177,44.7101,0.2181,-0.6097,-0.1868,102.7812
19:34:11:627,4.5778,0.422,8.7354,43.6519,-0.114,-0.643,-0.4659,102.875
19:34:11:647,3.8488,0.3502,8.8611,45.4389,-0.3457,-0.1692,-0.7452,102.9844
19:34:11:672,2.7032,0.3154,8.0219,45.9534,-0.4346,0.3381,-0.897,103.3906
19:34:11:689,1.8448,0.3071,6.7135,45.0448,-0.4264,0.5536,-0.9178,104.125
19:34:11:707,1.3468,0.4471,5.909,44.557,-0.3776,0.4068,-0.8613,105.125
19:34:11:733,1.2463,0.6554,5.7247,46.405,-0.3017,0.1437,-0.7836,105.6719
19:34:11:745,1.1685,0.9547,5.8539,46.1391,-0.2184,0.0279,-0.7079,107.1875
19:34:11:767,1.0224,1.321,6.0251,47.0457,-0.1449,0.0417,-0.6299,108.1406
19:34:11:788,1.1948,1.7184,5.9677,46.1777,-0.1156,0.0649,-0.5402,109.0156
19:34:11:815,1.3935,2.2081,6.3483,46.5765,-0.1872,0.0617,-0.489,109.7812
19:34:11:826,1.5599,2.6258,7.4162,46.5678,-0.3012,0.0361,-0.5007,110.4531
19:34:11:848,1.3433,2.7683,9.0011,47.5887,-0.3755,0.0468,-0.545,111.0469
19:34:11:872,1.1661,2.7456,10.5083,46.6234,-0.343,0.1474,-0.5503,111.6094
19:34:11:891,0.8273,2.657,11.5617,46.3766,-0.2322,0.2588,-0.5274,112.2188
19:34:11:906,0.1162,2.5061,12.2453,46.7841,-0.0756,0.3373,-0.4262,112.8906
19:34:11:926,-0.1735,2.396,12.3506,49.2697,0.1185,0.2827,-0.2027,113.5156
19:34:11:947,0.1797,2.4918,12.3626,48.9861,0.2732,0.0971,0.037,114.0625
19:34:11:972,0.9805,2.4523,12.5912,49.7029,0.3486,-0.08,0.1936,114.4219
19:34:11:990,1.8006,2.1255,12.6032,50.1748,0.3563,-0.0752,0.2335,114.4844
19:34:12:007,1.9382,1.9016,12.5242,49.2741,0.2392,0.0143,0.1802,114.1719
19:34:12:026,1.5803,1.6801,13.0186,49.8123,0.0671,0.1887,0.1342,113.8906
19:34:12:047,1.0308,1.1977,13.0389,51.2688,-0.0248,0.3576,0.1307,113.6562
19:34:12:072,0.5113,0.5932,12.9252,50.7014,-0.0045,0.2691,0.2034,113.5
19:34:12:089,0.3126,-0.0269,12.8594,49.8304,0.1867,0.0348,0.3419,113.3281
19:34:12:110,0.382,-0.3262,11.5928,51.0754,0.4956,-0.035,0.4979,113.0781
19:34:12:126,0.6346,-0.1909,9.055,50.3168,0.6682,0.0106,0.5877,112.6719
19:34:12:146,0.789,0.0389,6.9158,51.1351,0.5265,-0.0225,0.5712,112.0938
19:34:12:166,0.6609,0.0186,6.2298,51.4798,0.1619,-0.1825,0.5086,111.375
19:34:12:188,0.54,-0.0174,6.9684,52.8489,-0.212,-0.3311,0.5019,110.6875
19:34:12:208,0.8716,0.0664,8.2924,51.1626,-0.4187,-0.3564,0.5235,110.125
19:34:12:226,1.1948,0.3094,9.1711,51.3934,-0.3718,-0.267,0.5235,109.5938
19:34:12:247,1.3373,0.7895,8.9939,51.3934,-0.1792,-0.1183,0.5075,109.3281
19:34:12:274,1.53,1.248,8.0925,52.9407,0.0123,0.005,0.4724,108.7812
19:34:12:291,1.5216,1.7029,6.802,52.8574,0.093,0.0726,0.4106,108.2656
19:34:12:306,1.536,2.056,6.316,54.1037,0.0168,0.0649,0.3395,107.7031
19:34:12:327,1.5815,1.9471,6.7769,54.0446,-0.106,-0.0012,0.2362,106.9531
19:34:12:347,1.5444,1.6969,7.8699,54.7522,-0.1635,0.0124,0.1589,106.5781
19:34:12:374,1.846,1.819,8.6396,55.2022,0.017,0.2841,0.0519,106.3281
19:34:12:389,1.9286,2.0764,8.3331,55.1537,-0.0224,0.3717,-0.0347,106.3281
19:34:12:406,1.8353,2.1063,8.9556,54.9886,-0.2133,0.4393,-0.1242,106.0312
19:34:12:427,1.6557,1.7975,10.5382,56.003,-0.3475,0.4433,-0.195,105.9844
19:34:12:445,1.5659,1.3557,12.0501,57.2057,-0.2527,0.4233,-0.2065,105.9844
19:34:12:468,1.6689,1.0756,12.2501,56.2189,0.0115,0.3576,-0.1977,106.1094
19:34:12:489,1.785,0.8889,11.6754,55.4734,0.2093,0.2265,-0.2057,106.3438
19:34:12:505,1.7311,0.5788,11.3893,58.2304,0.2557,0.0534,-0.2171,106.5625
19:34:12:525,1.8317,0.4471,11.8837,57.2281,0.2394,-0.0843,-0.1678,106.7812
19:34:12:546,1.9263,0.4591,12.0513,57.4725,0.2677,-0.0837,-0.0941,106.9688
19:34:12:566,2.4685,0.3837,11.2768,57.0402,0.2882,-0.0688,-0.0089,107.3906
19:34:12:589,3.3496,0.4256,10.5418,58.0377,0.1827,-0.1053,-0.0475,107.4375
19:34:12:608,3.3496,0.3765,10.3539,58.6074,-0.0471,-0.0952,-0.2366,107.4844
19:34:12:626,2.7654,0.0736,11.017,59.1317,-0.2959,0.0199,-0.4174,107.4688
19:34:12:647,2.2495,-0.2999,12.122,59.417,-0.3633,0.2183,-0.4978,107.625
19:34:12:674,1.8472,-0.4016,12.2117,58.8787,-0.1422,0.3949,-0.492,108.0156
19:34:12:692,1.5252,-0.0569,10.7178,58.8644,0.1835,0.3163,-0.4512,108.2656
19:34:12:711,1.5156,0.2747,9.3734,58.3505,0.3686,-0.0542,-0.42,108.8594
19:34:12:726,1.9382,0.2209,8.4636,58.0288,0.3545,-0.4249,-0.4336,109.4062
19:34:12:746,2.2626,0.1706,8.1572,58.5545,0.0983,-0.5144,-0.4818,109.875
19:34:12:766,2.1968,0.1658,8.5295,60.4907,-0.2522,-0.2627,-0.5591,110.3438
19:34:12:792,1.3959,0.2999,8.7737,58.4466,-0.4756,0.1421,-0.6142,110.8438
19:34:12:807,0.6992,0.5513,8.5247,60.2885,-0.4764,0.3586,-0.5764,111.3906
19:34:12:826,0.5999,0.8577,8.1919,59.1104,-0.2916,0.2659,-0.4885,112.7969
19:34:12:846,0.7866,1.1786,7.6939,59.6492,-0.0176,0.0209,-0.435,113.1406
19:34:12:866,0.8285,1.4311,6.9756,58.383,0.2253,-0.2302,-0.4206,113.7188
19:34:12:891,0.8034,1.5951,6.3483,59.1154,0.3124,-0.3751,-0.4134,114.2344
19:34:12:908,0.7459,1.8489,6.3855,60.1613,0.2384,-0.3093,-0.3918,114.7344
19:34:12:925,0.643,2.1338,6.7566,59.8284,0.1196,-0.1373,-0.3577,115.2031
19:34:12:948,0.7842,2.4882,7.1791,60.1242,0.0237,-0.0614,-0.3082,115.6562
19:34:12:972,1.0931,2.8306,8.1919,60.9212,-0.0453,-0.0851,-0.2962,116.0938
19:34:12:990,1.135,3.1203,9.4261,63.3581,-0.0003,-0.0664,-0.3308,116.4688
19:34:13:007,0.8489,3.131,10.0163,61.5924,0.1436,-0.0307,-0.3641,116.7969
19:34:13:025,0.3329,2.9646,10.2425,61.1299,0.2434,-0.0278,-0.3287,117.1562
19:34:13:046,-0.0693,2.9407,10.6435,62.7423,0.2791,0.0004,-0.187,117.5625
19:34:13:067,0.0348,3.0365,11.0123,61.1445,0.3276,-0.0768,-0.0195,117.9375
19:34:13:090,0.3844,3.0113,11.5725,61.605,0.3585,-0.2587,0.074,118.2344
19:34:13:108,0.6286,2.6606,12.4955,63.4097,0.3726,-0.3082,0.1099,118.3281
19:34:13:128,0.5376,2.3996,12.6499,63.1517,0.4338,-0.2433,0.1344,118.3125
19:34:13:146,0.3509,2.2607,12.4631,63.3021,0.494,-0.3652,0.2119,118.1719
19:34:13:167,0.6956,2.2919,12.9228,63.1269,0.6067,-0.7511,0.3475,118.0312
19:34:13:191,1.3504,2.3014,12.8546,63.2626,0.7766,-1.0222,0.4332,117.8438
19:34:13:207,1.8484,2.1267,11.952,63.1061,0.841,-1.0076,0.4599,117.5469
19:34:13:226,2.1836,1.8178,11.0039,62.5768,0.7257,-0.737,0.4689,117.125
19:34:13:249,2.2578,1.6191,10.039,63.6021,0.543,-0.1961,0.4559,116.6406
19:34:13:273,1.8784,1.6706,8.3978,62.4645,0.4155,0.2417,0.3986,116.1562
19:34:13:294,1.3959,1.6873,6.6285,63.7049,0.2874,0.2806,0.3259,115.5938
19:34:13:313,1.214,1.7101,5.7211,63.6768,0.0415,0.0071,0.2766,115.0312
19:34:13:325,1.3241,1.6981,6.1736,62.746,-0.2996,-0.2664,0.2348,114.5312
19:34:13:346,1.5408,1.588,7.2845,64.6272,-0.632,-0.3644,0.2122,114.1719
19:34:13:373,1.9717,1.5556,8.9856,62.0921,-0.8778,-0.2923,0.2101,113.9219
19:34:13:389,2.3572,1.6227,10.4568,62.0784,-0.9071,0.0031,0.1504,113.7812
19:34:13:407,2.1154,1.6454,10.2006,63.0581,-0.706,0.4777,0.0207,113.6406
19:34:13:425,1.3289,1.4312,8.4361,63.2022,-0.4988,0.9437,-0.0714,113.5938
19:34:13:446,0.6789,1.3031,6.419,63.1372,-0.4117,1.0713,-0.039,113.6094
19:34:13:466,0.4382,1.1893,5.6157,65.3422,-0.4213,0.6918,0.0476,113.6562
19:34:13:490,0.3963,1.2348,6.413,63.6681,-0.4919,0.2135,0.148,113.6562
19:34:13:506,0.4203,1.3976,7.9118,63.191,-0.5182,0.0995,0.2354,113.5781
19:34:13:525,0.5699,1.4766,9.0634,64.8979,-0.4314,0.2971,0.2948,113.4531
19:34:13:595,0.9925,1.7795,8.8886,64.0205,-0.3667,0.7333,0.3123,113.2188
19:34:13:596,1.2786,2.0883,8.4385,62.3708,-0.4967,1.1634,0.2348,112.9062
19:34:13:596,2.0208,2.3924,9.8343,63.4301,-0.6567,1.2633,0.0932,112.5312
19:34:13:611,2.1657,2.5073,11.8622,63.2841,-0.4826,1.0841,-0.1926,112.25
19:34:13:633,1.5121,2.256,13.0318,62.5309,0.0621,0.5578,-0.4738,112.1562
19:34:13:644,0.71,1.8741,12.7121,63.6925,0.628,-0.0281,-0.6366,112.1719
19:34:13:665,0.315,1.4754,12.6523,62.3267,0.8618,-0.3953,-0.6568,112.5469
19:34:13:691,0.7303,1.1893,13.4388,63.3424,0.7744,-0.2507,-0.5689,113.1406
19:34:13:709,0.947,1.1235,13.9499,62.5148,0.6187,0.2614,-0.444,114.25
19:34:13:725,1.1769,1.1462,13.4891,63.3892,0.596,0.6747,-0.3202,114.8594
19:34:13:745,1.3313,1.3749,12.0286,60.5232,0.6634,0.6598,-0.2488,115.3125
19:34:13:767,1.111,2.0153,10.8435,62.1264,0.4807,-0.1807,-0.3716,115.5938
19:34:13:794,0.8788,1.558,12.1327,62.7559,0.2304,-0.1458,-0.4395,115.7969
19:34:13:806,0.3042,1.1199,13.027,59.6992,0.1313,0.3379,-0.3764,116.0625
19:34:13:827,-0.025,1.2013,12.5206,61.5634,0.3491,0.6183,-0.1745,117
19:34:13:846,0.3928,1.4778,10.3622,62.5019,0.7294,0.3128,0.029,117
19:34:13:867,1.1146,1.7436,7.9513,60.2148,0.8991,-0.3604,0.1163,117.375
19:34:13:889,1.9203,1.837,6.9241,60.2434,0.7084,-0.8896,0.0913,117.4219
19:34:13:909,2.5488,1.9842,7.5586,59.6105,0.3108,-0.8353,-0.0499,117.4219
19:34:13:925,2.2016,1.8824,8.0626,60.4971,-0.0093,-0.3218,-0.2432,117.3281
19:34:13:946,1.3947,1.8801,7.7561,59.2233,-0.13,0.1035,-0.3359,117.5156
19:34:13:967,0.4011,1.922,6.9481,57.7443,-0.094,0.1272,-0.3359,117.6562
19:34:13:990,-0.5063,1.7987,6.6273,59.212,0.0133,-0.1892,-0.2214,118
19:34:14:009,-0.4883,1.7771,6.7973,57.8612,0.146,-0.4819,-0.0006,118.375
19:34:14:026,0.4071,2.1255,7.136,59.1374,0.2914,-0.4584,0.1845,118.5625
19:34:14:046,1.05,2.8521,6.8906,58.1054,0.3619,-0.1777,0.2364,118.8438
19:34:14:065,1.1697,3.5225,6.7218,57.7605,0.3414,0.0404,0.1872,118.9062
19:34:14:090,1.3217,3.896,6.9744,57.8265,0.3164,0.0268,0.1288,118.75
19:34:14:109,1.3876,4.0827,7.6388,58.591,0.3318,-0.1029,0.0724,118.4844
19:34:14:126,1.3828,4.3054,8.2182,56.9454,0.4234,-0.1998,0.001,118.2656
19:34:14:145,0.874,4.1905,8.1967,56.0808,0.4759,-0.2337,-0.0757,118.0938
19:34:14:165,0.3006,4.0085,8.3966,55.4322,0.416,-0.1839,-0.06,118.0156
19:34:14:190,0.2755,4.0205,8.8431,56.903,0.3505,-0.1301,0.017,118.0312
19:34:14:208,0.4371,3.9666,8.9903,56.2843,0.2679,-0.1394,0.0676,118.125
19:34:14:225,0.7172,3.9199,9.8032,57.0227,0.1012,-0.1714,0.1184,118.2031
19:34:14:246,0.8129,4.048,11.3798,57.8644,0.0245,-0.1133,0.1398,118.1719
19:34:14:266,0.4634,4.1151,11.9675,56.5055,0.1696,0.014,0.1206,118.0781
19:34:14:291,0.3281,4.0384,11.2325,55.7528,0.3262,0.0422,0.132,117.9531
19:34:14:308,0.8477,4.06,10.2353,56.1262,0.2743,0.0492,0.14,117.8125
19:34:14:326,1.2882,3.823,9.6715,55.9736,-0.0543,0.1088,0.0258,117.6562
19:34:14:345,1.0188,3.0125,10.5945,56.4134,-0.5073,0.1512,-0.122,117.4531
19:34:14:365,0.3772,2.1171,12.4464,56.4135,-0.7401,0.2755,-0.1516,117.3281
19:34:14:391,-0.371,1.4994,12.9204,55.1356,-0.5065,0.4675,-0.0541,117.375
19:34:14:409,-0.7936,1.3725,11.1044,54.0933,-0.0399,0.4841,0.1382,117.5469
19:34:14:427,-0.4656,1.6287,8.7509,54.377,0.2549,0.2481,0.3398,117.6562
19:34:14:449,0.0564,1.9567,7.2977,55.7481,0.2378,-0.0203,0.4226,117.5312
19:34:14:466,0.4251,2.1578,6.4956,55.5828,-0.0144,-0.0763,0.413,117.1875
19:34:14:486,0.9829,2.0105,6.2203,53.7057,-0.3896,0.017,0.3565,116.7031
19:34:14:509,1.1433,2.007,6.4645,54.8567,-0.7824,0.1938,0.2617,116.2344
19:34:14:525,0.9195,2.0872,7.5191,53.594,-1.0346,0.3925,0.1802,116
19:34:14:549,0.6454,2.1889,8.4445,54.6788,-0.9627,0.5762,0.1422,115.4844
19:34:14:564,0.2814,2.2763,7.9764,55.0894,-0.6378,0.6859,0.1432,115.2344
19:34:14:585,-0.0071,2.3589,6.9098,53.9647,-0.3278,0.5267,0.1818,115.0156
19:34:14:609,-0.1495,2.6905,6.48,53.9533,-0.1891,0.2375,0.226,114.8125
19:34:14:629,-0.0154,2.9347,6.6799,53.7679,-0.1923,-0.0283,0.2053,114.5469
19:34:14:644,0.0636,2.8725,7.8962,53.2176,-0.2312,-0.2121,0.0966,114.2812
19:34:14:665,0.0025,2.651,8.5163,54.1814,-0.1806,-0.1788,0.0122,114.0156
19:34:14:691,-0.1711,2.6642,8.642,52.6231,-0.1707,-0.1389,0.0159,113.8594
19:34:14:708,0.0276,2.7899,9.0861,53.3234,-0.2274,-0.1956,0.0719,113.8438
19:34:14:725,0.8716,2.7348,10.1216,52.9811,-0.2293,-0.2787,0.0947,113.8594
19:34:14:745,0.5592,3.131,10.9201,52.6319,-0.1281,-0.2992,0.0194,113.8438
19:34:14:766,0.8225,2.8413,11.3534,52.388,-0.0298,-0.2049,0.1027,113.7656
19:34:14:790,0.9877,2.554,11.5797,52.967,0.0189,-0.1061,0.1067,113.75
19:34:14:807,0.868,2.2284,11.8849,51.7649,0.0154,-0.0885,0.1025,113.7188
19:34:14:824,0.5999,2.0991,12.3219,52.8427,0.0434,-0.0904,0.1914,113.5625
19:34:14:845,0.886,2.147,12.0453,53.9613,0.1742,-0.0385,0.3983,113.4531
19:34:14:864,2.1286,2.1279,11.3846,52.6597,0.3001,-0.1434,0.5472,113.25
19:34:14:891,3.4442,1.7879,10.6076,51.1653,0.2666,-0.3455,0.4473,112.7812
19:34:14:908,3.3077,1.2109,9.8786,51.078,0.028,-0.5149,0.1762,112.1719
19:34:14:925,2.5104,0.9439,10.1001,50.6754,-0.3052,-0.6459,0.0332,111.7031
19:34:14:945,2.5128,0.5848,11.3977,52.0591,-0.6091,-0.6417,-0.0009,111.5625
19:34:14:966,3.0336,0.1251,11.8359,50.5251,-0.7324,-0.3074,-0.0573,111.625
19:34:14:991,2.7738,0.2173,11.4372,51.6175,-0.7321,0.0963,-0.1332,111.7344
19:34:15:007,3.1868,0.3298,10.5645,50.6927,-0.6655,0.4055,-0.1716,111.8906
19:34:15:024,3.182,0.6327,9.9432,49.6894,-0.5806,0.3285,-0.3034,112.0938
19:34:15:051,3.1293,0.6542,9.1819,50.6491,-0.424,0.1144,-0.4552,112.1875
19:34:15:065,2.6828,0.902,8.5869,50.3443,-0.2075,0.0026,-0.6134,112.1875
19:34:15:085,2.3752,1.1702,8.047,48.8387,0.0232,0.0936,-0.7463,112.8906
19:34:15:111,2.6242,1.0804,7.4413,48.9756,0.2053,0.3118,-0.9314,113.5312
19:34:15:130,1.4295,1.6538,7.0343,50.0465,0.3204,0.5951,-1.1596,114.7031
19:34:15:144,-0.0981,1.8932,6.2753,48.3581,0.3862,0.7562,-1.1918,115.7344
19:34:15:165,-1.914,1.7077,5.1871,49.4881,0.0415,0.0215,-0.6105,117
19:34:15:191,-1.4759,1.9842,6.2274,50.4277,-0.2221,-0.0049,-0.24,117
19:34:15:209,-0.5805,2.5145,7.3539,48.4728,-0.3659,0.144,0.0228,118.2188
19:34:15:228,0.0336,3.0867,8.6647,47.4053,-0.4565,0.2087,0.1022,119.9844
19:34:15:244,0.2731,3.4698,10.0653,50.1222,-0.4703,0.2668,0.0223,119.9844
19:34:15:265,0.0624,3.3465,11.0697,48.3957,-0.372,0.369,-0.0903,120.2656
19:34:15:290,-0.4859,3.1765,11.3295,48.6803,-0.2245,0.4897,-0.0856,120.1094
19:34:15:307,-0.8798,3.1765,11.0948,49.8278,-0.0764,0.5181,0.0431,120.0781
19:34:15:326,-0.9707,3.1813,10.9069,47.4032,0.0421,0.3698,0.1565,120.1562
19:34:15:345,-0.9767,2.9814,10.9201,45.3883,0.1007,0.0819,0.2204,120.2188
19:34:15:367,-0.5398,2.6318,11.3522,46.611,-0.0179,-0.097,0.2745,120.125
19:34:15:391,0.1174,2.1135,12.5469,47.0649,-0.3441,0.1195,0.258,119.8125
19:34:15:410,-0.0406,1.4455,14.1439,48.1797,-0.673,0.6108,0.1709,119.5312
19:34:15:429,-0.8977,0.8087,14.831,45.3012,-0.7281,1.0289,0.1523,119.2188
19:34:15:444,-1.3263,0.1514,14.3067,44.4633,-0.4922,1.0127,0.2471,118.9531
19:34:15:465,-1.3813,-0.1562,13.3885,46.2046,-0.0618,0.5448,0.3853,118.7344
19:34:15:489,-1.0809,-0.1885,11.7628,45.2533,0.4112,0.1205,0.5368,118.4531
19:34:15:507,-0.1292,0.1694,9.7349,46.5668,0.674,-0.0379,0.6215,118.2656
19:34:15:524,0.467,0.5309,8.1069,45.2588,0.5968,0.0044,0.5302,117.8281
19:34:15:544,0.4023,0.2436,7.3276,44.3376,0.3185,-0.0387,0.3254,117.2188
19:34:15:565,0.0336,-0.4292,7.7071,44.6912,0.0189,-0.2398,0.1656,116.5312
19:34:15:591,-0.3902,-0.7356,8.618,44.5201,-0.1497,-0.4683,0.136,115.9375
19:34:15:610,-0.7325,-0.5764,9.5829,44.8188,-0.142,-0.6739,0.193,115.5938
19:34:15:693,-0.5206,-0.1754,9.9744,44.5357,0.0019,-0.7306,0.3017,115.4219
19:34:15:693,0.0767,0.3142,9.5542,44.9318,0.1547,-0.5719,0.3472,115.2969
19:34:15:694,0.115,0.8446,8.5343,44.3168,0.2546,-0.2728,0.311,115
19:34:15:694,-0.0322,0.9691,6.9672,44.7251,0.2911,0.0154,0.2918,114.6562
19:34:15:711,-0.3279,0.9104,5.4457,44.1775,0.2195,0.1967,0.3262,114.3125
19:34:15:729,-0.6344,0.5321,4.4916,45.2649,-0.0392,0.3264,0.4348,114
19:34:15:744,-0.2956,0.6734,4.7502,43.5473,-0.4344,0.271,0.6402,113.6406
19:34:15:765,0.2695,1.2348,6.6464,43.4348,-0.7153,0.1301,0.7486,113.2031
19:34:15:790,0.7686,1.8058,8.7306,43.609,-0.6179,-0.0054,0.6801,112.5938
19:34:15:807,0.892,1.9267,9.0682,43.4742,-0.2455,-0.0741,0.5169,111.75
19:34:15:825,0.6597,1.9076,8.551,43.3052,0.0226,-0.1791,0.3736,110.9219
19:34:15:844,0.2766,2.0788,8.4792,44.622,0.0975,-0.3785,0.2934,110.2656
19:34:15:865,-0.0801,1.8597,9.2525,43.1021,0.0501,-0.3378,0.2838,109.7656
19:34:15:893,0.3114,2.1099,9.3914,43.8775,-0.0927,-0.0177,0.3387,109.4062
19:34:15:908,1.1589,2.2523,9.9612,44.2467,-0.2967,0.1016,0.2812,109.1094
19:34:15:928,1.1948,2.0764,11.3008,42.6455,-0.4503,0.0156,0.0918,108.7812
19:34:15:945,0.291,1.242,12.8486,41.5028,-0.444,-0.1498,-0.0318,108.4062
19:34:15:965,-0.553,0.4818,14.0804,43.3788,-0.2357,-0.211,0.1267,108.1562
19:34:15:989,0.115,0.4052,13.4531,44.4362,0.1198,-0.0598,0.5206,108.2031
19:34:16:008,1.8712,0.9583,11.4229,42.5008,0.3768,-0.0307,0.7723,108.0781
19:34:16:025,3.0108,1.6035,10.2318,42.329,0.3425,-0.2869,0.6604,107.4844
19:34:16:044,3.2239,1.6011,10.2641,42.9049,0.1084,-0.4968,0.3581,107.0938
19:34:16:067,3.0779,0.9738,11.132,41.5763,-0.183,-0.5594,0.0484,106.2188
19:34:16:091,2.2674,0.3478,12.9755,42.7054,-0.416,-0.4579,-0.1817,105.6406
19:34:16:109,1.3409,-0.1035,14.3641,40.86,-0.3678,-0.0933,-0.2259,105.4375
19:34:16:125,1.19,0.0856,13.3741,44.0105,0.0037,0.3845,-0.1218,105.5781
19:34:16:143,1.6354,0.3849,10.4281,41.8464,0.3859,0.4002,-0.0957,105.8594
19:34:16:164,2.1824,0.6063,8.6767,43.4295,0.47,-0.0467,-0.2097,106.0781
19:34:16:184,2.2686,0.4447,8.7821,42.9931,0.3174,-0.4627,-0.4219,106.1406
19:34:16:207,1.5863,0.1263,9.3231,41.3135,0.1784,-0.4776,-0.575,106.2656
19:34:16:225,0.7699,0.0545,8.9065,42.0473,0.1678,-0.1993,-0.5689,106.625
19:34:16:243,0.3305,0.3154,7.5083,41.2054,0.2466,0.1008,-0.4509,107.5625
19:34:16:264,0.4239,0.8434,5.8911,40.657,0.3135,0.1967,-0.3322,108.2031
19:34:16:284,0.7567,1.4216,4.8017,41.8785,0.2932,0.0952,-0.2933,108.7188
19:34:16:308,1.056,1.8884,4.597,42.6842,0.1622,-0.0483,-0.354,109.0469
19:34:16:325,1.0057,2.0393,5.2889,42.0939,-0.0256,-0.1218,-0.4746,109.3594
19:34:16:344,0.4837,1.9172,6.3867,40.7155,-0.1704,-0.0978,-0.5708,109.7656
19:34:16:365,-0.292,1.8585,7.6652,40.5673,-0.2003,-0.0448,-0.5532,110.3281
19:34:16:386,-0.4955,1.9124,8.6216,42.4687,-0.0591,-0.1048,-0.4099,110.9531
19:34:16:407,-0.0825,2.1662,9.0622,40.4108,0.1177,-0.268,-0.2525,111.5938
19:34:16:425,0.3724,2.4547,9.3411,40.7865,0.171,-0.3591,-0.1865,112.0781
19:34:16:449,0.692,2.5241,9.8068,41.7068,0.0663,-0.2904,-0.1801,112.375
19:34:16:463,0.3509,2.5085,10.7333,41.6829,-0.1337,-0.0659,-0.1577,112.5938
19:34:16:484,-0.1196,2.5217,11.9173,41.3884,-0.2469,0.2785,-0.0243,112.7031
19:34:16:509,-0.122,2.3517,12.5828,41.3884,-0.1531,0.4207,0.1627,112.9375
19:34:16:527,0.3269,2.2859,12.6487,40.7291,0.0408,0.3293,0.3517,113.0469
19:34:16:546,0.9339,2.4044,12.535,41.9102,0.1971,0.1333,0.4633,112.8125
19:34:16:565,1.4414,2.9144,11.2672,42.0827,0.1089,0.1267,0.519,112.3906
19:34:16:591,1.7658,2.9886,10.5538,42.0827,-0.0985,0.2204,0.4332,112.3906
19:34:16:610,1.4522,2.4044,10.1228,42.2246,-0.3143,0.0958,0.2559,111.875
19:34:16:627,0.9327,1.3569,10.8411,42.1396,-0.4067,-0.3176,0.1243,111.2812
19:34:16:645,0.4873,0.5477,12.0525,43.1948,-0.2613,-0.5426,0.0841,110.6875
19:34:16:663,0.0767,-0.1419,11.3786,42.4047,0.0916,-0.3929,0.0729,109.9062
19:34:16:685,-0.1256,-0.5225,8.7832,43.0276,0.2621,-0.1682,0.1022,109.7969
19:34:16:711,-0.1172,-0.4387,7.2474,44.3899,0.0202,-0.1847,0.1294,109.75
19:34:16:727,0.066,-0.2424,7.7023,41.7332,-0.3577,-0.4491,0.1405,109.6875
19:34:16:743,0.1617,-0.076,9.6799,45.2745,-0.5699,-0.725,0.1523,109.5625
19:34:16:762,0.5268,-0.1814,11.2493,43.3844,-0.4631,-0.6731,0.193,109.4219
19:34:16:785,0.5616,-0.2113,10.4736,42.4927,-0.1465,-0.3293,0.2268,109.3125
19:34:16:809,0.6214,-0.0173,8.3271,42.2693,0.0836,-0.0701,0.2939,109.1406
19:34:16:825,1.0452,0.0784,6.7422,45.2098,0.1047,-0.0395,0.3382,108.9531
19:34:16:843,1.0895,0.1814,6.2789,43.2395,-0.0631,-0.2009,0.3201,108.6719
19:34:16:864,0.6861,0.483,7.7406,43.8168,-0.2575,-0.2654,0.3342,108.2969
19:34:16:884,0.643,0.6542,8.7198,43.9048,-0.1957,-0.063,0.3832,107.9219
19:34:16:908,0.7148,1.0361,7.8914,45.0937,-0.0019,0.1368,0.4348,107.6094
19:34:16:924,1.2822,1.4563,7.0139,44.7279,0.0272,0.1072,0.43,107.4062
19:34:16:944,1.7862,1.7795,7.336,44.8716,-0.126,0.0004,0.3243,107
19:34:16:964,1.5923,1.8034,8.6396,45.4797,-0.2714,-0.0584,0.1725,106.5
19:34:16:984,1.2762,1.5281,10.0917,45.4853,-0.2647,-0.0368,0.1001,106.0156
19:34:17:007,1.2846,1.3569,10.7633,45.8671,-0.1579,0.0356,0.1225,105.6562
19:34:17:024,1.5899,1.4706,11.0853,44.6911,-0.0535,0.0715,0.1509,105.4844
19:34:17:043,1.9167,1.3964,11.2014,44.9095,-0.049,0.0175,0.0918,105.4062
19:34:17:063,1.9837,1.0852,12.1591,46.1671,-0.1427,-0.0507,0.0063,105.1875
19:34:17:082,1.8377,0.5908,13.1826,45.5853,-0.1907,0.0249,-0.0304,105.0312
19:34:17:106,1.6306,0.1467,13.5322,45.1602,-0.11,0.194,0.037,105
19:34:17:125,2.1333,-0.1155,12.7253,49.0429,0.036,0.3405,0.1632,105.0469
19:34:17:143,2.7391,-0.2664,11.102,46.8972,0.0583,0.3088,0.1837,105.0625
19:34:17:164,2.7894,-0.2807,10.5035,47.1176,-0.1417,0.1376,0.107,104.9375
19:34:17:183,2.4769,-0.5944,11.4743,46.3199,-0.3819,-0.0424,0.0111,104.7188
19:34:17:208,2.0065,-1.1223,13.2389,47.2947,-0.4184,-0.0701,-0.0102,104.5469
19:34:17:226,1.9346,-1.4335,13.6674,46.7105,-0.0871,0.136,0.0836,104.5
19:34:17:243,2.0268,-0.9702,11.2026,47.0195,0.3798,0.3181,0.1994,104.5469
19:34:17:263,3.2359,-0.3789,8.3284,46.7062,0.5462,0.1251,0.2215,104.5469
19:34:17:284,4.3085,0.1945,7.0187,46.9434,0.3188,-0.3125,-0.024,104.3594
19:34:17:308,4.1397,0.2173,8.1308,47.1124,-0.1097,-0.5935,-0.4158,104.0781
19:34:17:324,2.9366,-0.3322,9.5973,46.1769,-0.3987,-0.3477,-0.7205,103.8906
19:34:17:344,1.2068,-0.5285,9.7397,48.093,-0.4514,0.2026,-0.795,104.1406
19:34:17:364,0.2371,-0.2939,8.4768,46.651,-0.3436,0.6391,-0.6536,105.2656
19:34:17:385,0.2228,0.3909,6.8607,48.3019,-0.1955,0.6628,-0.4786,106.2188
19:34:17:408,0.558,0.9655,6.0455,46.3298,-0.0639,0.3123,-0.4315,106.9844
19:34:17:424,0.5125,1.1295,6.0191,47.5071,0.024,-0.0789,-0.4845,107.5312
19:34:17:443,-0.0262,0.9475,6.4202,47.7183,0.0442,-0.1594,-0.505,107.75
19:34:17:464,-0.5075,0.9128,6.4633,47.5806,0.0224,0.0689,-0.395,108.2656
19:34:17:485,-0.286,1.2288,6.5854,46.508,-0.029,0.3008,-0.224,108.8594
19:34:17:511,0.2276,1.722,7.0247,46.7289,-0.0509,0.3112,-0.1146,109.3594
19:34:17:527,0.9458,2.2883,8.0494,49.4073,-0.0048,0.0939,-0.138,109.7031
19:34:17:543,1.0272,2.4595,8.976,49.4744,0.0948,-0.1857,-0.3005,109.8906
19:34:17:563,0.455,2.0943,9.565,49.4021,0.1526,-0.3836,-0.4403,110.0156
19:34:17:583,-0.3674,1.661,10.4484,49.4484,0.0716,-0.3727,-0.4049,110.2344
19:34:17:609,-0.6164,1.5904,11.8658,51.003,-0.0647,-0.1357,-0.1921,110.6719
19:34:17:626,-0.3746,1.4132,13.3179,49.8901,-0.077,0.1336,0.0777,111.1875
19:34:17:644,0.297,1.1462,13.9116,49.2239,0.0921,0.2518,0.3869,111.6094
19:34:17:663,1.2104,1.1522,13.4735,50.491,0.3313,0.2244,0.6679,111.5312
19:34:17:684,2.0998,1.5125,12.371,50.1652,0.4567,0.1333,0.813,111.0781
19:34:17:709,2.259,1.9207,11.7676,51.5426,0.3941,0.0124,0.7933,110.3281
19:34:17:789,2.0855,2.056,11.5845,50.9792,0.2455,-0.0012,0.7209,109.375
19:34:17:790,1.9646,1.6825,11.0625,49.581,0.0479,0.0436,0.5999,108.4375
19:34:17:790,1.6294,0.8913,11.2517,52.4098,-0.1563,-0.092,0.4652,107.625
19:34:17:791,1.3277,0.2951,12.2333,50.843,-0.1848,-0.1948,0.3496,106.9375
19:34:17:804,0.7854,-0.0545,12.1902,51.0475,0.0719,-0.1343,0.2103,106.4219
19:34:17:826,-0.0047,-0.4052,10.0833,50.6996,0.3659,-0.0368,0.0892,106.0312
19:34:17:845,-0.6188,-0.659,7.8567,50.7584,0.3657,-0.0824,0.0247,105.8125
19:34:17:867,-1.124,-0.8876,7.0187,52.0036,0.1015,-0.2856,0.0117,105.6875
19:34:17:892,-1.5681,-1.0481,7.6472,51.4298,-0.2376,-0.5911,0.1083,105.6562
19:34:17:910,-1.0689,-0.993,9.3854,51.3381,-0.4703,-0.7298,0.3248,105.625
19:34:17:925,-0.1076,-0.653,10.9356,50.9885,-0.4077,-0.5793,0.4828,105.5312
19:34:17:949,0.3114,-0.1574,10.5657,51.75,-0.0977,-0.2196,0.5286,105.2188
19:34:17:964,0.722,-0.0521,6.7925,51.9522,0.1899,0.0827,0.5387,104.75
19:34:17:984,0.4921,0.1622,6.1005,50.4396,0.2272,-0.092,0.5826,104.1562
19:34:18:010,0.1917,0.1467,6.814,50.4582,0.1393,-0.2667,0.6593,103.5156
19:34:18:031,0.2539,0.1538,7.5802,51.0993,0.1678,-0.1791,0.785,102.8594
19:34:18:046,0.8704,0.5453,7.4066,51.1041,0.2285,0.0036,0.8841,102.2031
19:34:18:063,1.5935,1.0481,7.1396,51.9622,0.2011,0.0572,0.8284,101.4375
19:34:18:083,1.7108,1.3893,7.488,51.7107,0.0687,-0.0307,0.6679,100.5312
19:34:18:108,1.5863,1.4299,8.7078,51.6229,-0.0663,-0.169,0.5177,99.5469
19:34:18:125,1.7215,1.3461,10.6364,51.9782,-0.0722,-0.2467,0.4335,98.5781
19:34:18:142,2.5583,1.5808,12.213,52.5175,0.1374,-0.1804,0.3597,97.8125
19:34:18:168,2.9486,1.8262,11.7413,53.3546,0.4048,-0.0148,0.1653,97.25
19:34:18:191,2.6062,1.734,10.6507,51.4857,0.4426,0.0146,-0.0549,96.7656
19:34:18:210,2.0268,1.3246,10.5705,53.2549,0.236,-0.0121,-0.1623,96.3438
19:34:18:228,1.4773,0.9715,11.302,53.36,0.0075,0.0257,-0.1002,96.0938
19:34:18:242,1.7215,0.6231,11.9867,53.1263,-0.0961,0.0787,0.0692,96.2031
19:34:18:263,2.2914,0.228,12.1016,54.5706,-0.0985,0.0968,0.2133,96.375
19:34:18:283,2.8432,0.082,11.5414,53.3598,-0.1081,0.0545,0.2948,96.3906
19:34:18:308,2.9174,0.0904,11.2074,52.6806,-0.1987,-0.1548,0.2825,96.2344
19:34:18:328,2.7977,-0.3585,12.1028,53.0727,-0.3121,-0.374,0.3054,95.9375
19:34:18:344,2.775,-0.811,13.5872,53.5682,-0.2535,-0.288,0.3547,95.625
19:34:18:367,2.3991,-0.8685,13.0425,52.7324,0.1145,0.0231,0.433,95.3438
19:34:18:382,2.7163,-0.5752,10.2868,52.1314,0.4887,0.1312,0.5584,95.1875
19:34:18:404,3.9182,-0.1107,7.7837,52.5769,0.5489,-0.2118,0.5339,94.8125
19:34:18:424,4.409,0.1933,7.2486,51.1706,0.2455,-0.7471,0.2812,94.2969
19:34:18:444,4.0092,-0.1083,8.5474,51.7523,-0.1481,-0.8893,0.0007,93.6406
19:34:18:470,3.0862,-0.3956,9.5757,51.0792,-0.3105,-0.5021,-0.1705,92.9688
19:34:18:483,2.0484,-0.3035,9.3435,50.3144,-0.2035,0.0473,-0.1953,92.6406
19:34:18:504,1.4426,0.0988,7.8543,52.6732,0.021,0.3861,-0.0906,92.9375
19:34:18:529,1.9897,0.8003,6.1604,51.6309,0.1433,0.3179,0.0151,93.0781
19:34:18:548,3.4633,1.5628,5.6624,50.5301,0.0501,0.0172,-0.1308,93.25
19:34:18:563,4.1014,1.728,6.5411,50.9392,-0.1742,0.0114,-0.6054,93.2656
19:34:18:584,2.8325,1.1187,7.2665,52.8995,-0.3739,0.5,-1.1548,93.25
19:34:18:612,0.2742,0.1371,6.808,50.3994,-0.5036,1.1237,-1.3884,93.6406
19:34:18:630,-1.7058,-0.3502,6.1472,49.8884,-0.6389,1.4777,-1.1106,94.7031
19:34:18:644,-1.9883,0.1024,7.136,49.8884,-0.6983,1.2561,-0.4792,96.1875
19:34:18:663,-0.7948,0.9463,8.6719,50.387,-0.4882,0.7871,0.2311,97.7188
19:34:18:684,1.5947,1.807,9.474,50.387,-0.1726,0.2241,0.6138,98.7031
19:34:18:709,2.0256,2.8772,9.8139,50.4892,0.139,-0.3623,0.5153,98.8594
19:34:18:728,1.2595,2.7384,10.306,51.0944,0.2623,-0.6616,0.3094,98.3125
19:34:18:743,0.1569,1.9148,11.1451,51.5303,0.2538,-0.5801,0.2322,97.625
19:34:18:762,-0.7038,1.4012,11.7628,51.6452,0.1731,-0.1381,0.3536,97.1719
19:34:18:785,-0.5134,1.4192,12.0813,52.5767,0.1084,0.3011,0.5424,96.875
19:34:18:810,0.0588,1.3078,12.0813,51.0008,0.1137,0.4801,0.6015,96.2969
19:34:18:827,-0.0059,0.7991,12.0932,50.4844,0.1614,0.4779,0.5717,95.7031
19:34:18:845,-0.9671,0.3334,11.8861,51.66,0.2525,0.3999,0.5994,95
19:34:18:863,-1.7381,0.1251,11.2684,49.862,0.278,0.2974,0.8114,94.3281
19:34:18:882,-0.9719,-0.1335,10.8518,48.7436,0.1846,-0.0395,1.1318,94
19:34:18:910,0.6286,-0.7009,11.6311,50.934,-0.0035,-0.826,1.3249,93.2188
19:34:18:926,2.0017,-1.0756,14.5198,49.7292,-0.07,-1.3783,1.3853,92.0938
19:34:18:944,3.2107,-1.224,15.8402,49.5026,0.2722,-0.9804,1.2868,90.6562
19:34:18:963,2.7104,-1.0864,12.6092,49.3337,0.6985,0.0292,1.0194,89.1875
19:34:18:983,1.5551,-0.6279,8.0027,48.1883,0.6655,0.7048,0.8173,87.6406
19:34:19:010,0.9494,-0.2173,5.6049,47.8449,0.1622,0.7914,0.7022,86.2656
19:34:19:027,0.5999,0.0365,6.1353,47.8506,-0.4325,0.4305,0.6023,85.1406
19:34:19:044,0.3521,-0.2412,8.4313,46.8326,-0.6828,-0.0345,0.5291,83.875
19:34:19:063,-0.1208,-0.3358,10.6292,46.0697,-0.4908,-0.2899,0.5621,83.2031
19:34:19:083,-0.5769,-0.2233,11.0853,46.443,-0.0016,-0.2241,0.7366,82.6562
19:34:19:109,-0.4716,0.0832,9.401,45.042,0.4045,-0.0001,0.993,82.0781
19:34:19:127,0.2288,0.5704,7.7466,46.421,0.486,0.2087,1.1893,81.25
19:34:19:148,0.5675,1.1175,6.9433,44.0612,0.3822,0.2963,1.2282,80.0625
19:34:19:164,0.5927,1.2336,6.9218,45.4689,0.2961,0.2412,1.1795,78.7344
19:34:19:183,0.698,1.0684,6.9601,45.5528,0.2762,0.1807,1.1398,77.2969
19:34:19:206,0.7555,1.1762,6.6249,45.3638,0.2698,0.1352,1.1174,75.9062
19:34:19:228,1.0093,1.339,6.5614,44.623,0.1923,-0.0251,1.0796,74.6562
19:34:19:244,1.2678,1.4623,7.567,45.2003,0.077,-0.2795,1.004,73.3438
19:34:19:262,1.4558,1.412,8.9604,46.7183,0.0184,-0.4393,0.9014,72.0938
19:34:19:284,1.5635,1.1211,10.2724,44.0782,0.0157,-0.4459,0.7989,71.5156
19:34:19:310,1.4618,0.9571,10.9787,44.5581,0.0325,-0.2784,0.7225,70.9375
19:34:19:323,1.4031,0.6806,11.0577,47.1608,0.0442,-0.1112,0.683,69.5
19:34:19:344,1.6054,0.4172,10.7932,45.1016,0.0426,-0.0968,0.6708,68.2344
19:34:19:364,2.4135,-0.1658,12.0022,46.7256,-0.0027,-0.2696,0.6623,67.4844
19:34:19:385,2.5571,-0.5764,12.3841,45.7513,0.0565,-0.3871,0.6295,66.7188
19:34:19:408,2.593,-0.4304,11.9831,46.6821,0.1454,-0.1764,0.6673,65.9531
19:34:19:427,3.012,-0.0533,10.6723,45.1163,0.1571,-0.0217,0.6394,64.5312
19:34:19:443,3.2897,0.161,9.6727,46.3348,0.0027,-0.0763,0.5065,64.5312
19:34:19:462,3.3209,0.246,9.9875,45.9693,-0.2642,-0.3386,0.3241,63.75
19:34:19:483,2.9797,-0.0952,12.0693,45.7863,-0.4048,-0.5026,0.139,63
19:34:19:509,2.1357,-0.756,12.9444,47.6649,-0.1899,-0.297,0.0519,62.4531
19:34:19:529,1.5647,-1.005,11.2313,45.2632,0.1795,0.051,0.164,62.1094
19:34:19:544,2.3548,-0.6973,8.6204,44.6767,0.2959,0.1602,0.3153,62
19:34:19:561,3.6034,-0.3932,7.4138,44.5372,0.0613,-0.0952,0.241,61.9688
19:34:19:582,3.6597,-0.2604,8.6839,44.9145,-0.3273,-0.4409,-0.0041,61.3594
19:34:19:602,2.8085,-0.647,10.7585,45.7751,-0.5412,-0.4017,-0.1891,61.1875
19:34:19:627,1.5444,-0.7895,11.8383,44.7343,-0.4298,-0.0113,-0.1777,61.125
19:34:19:644,0.8932,-0.6458,10.6459,45.2037,-0.0772,0.4204,0.0306,61.25
19:34:19:661,0.7986,-0.0616,8.4265,44.4852,0.2237,0.5557,0.2689,61.5781
19:34:19:682,0.9781,0.5644,6.741,44.6903,0.3867,0.3749,0.4245,61.7031
19:34:19:708,1.2547,1.0289,5.8923,43.3806,0.4336,0.0987,0.4761,61.5312
19:34:19:728,1.5803,1.4802,5.5511,43.8499,0.351,-0.0654,0.4372,61.0781
19:34:19:744,1.6808,1.6777,6.0886,44.5134,0.1611,-0.0185,0.3166,60.5156
19:34:19:762,1.3696,1.6873,6.911,45.9299,-0.0056,0.1695,0.1874,60.2344
19:34:19:782,1.0583,1.588,7.6292,45.4806,-0.1017,0.3056,0.1169,59.7031
19:34:19:809,0.8776,1.5437,8.4253,45.4396,-0.1481,0.3562,0.1049,59.3125
19:34:19:879,0.8692,1.6394,9.1328,47.5671,-0.1529,0.3932,0.1248,59.0938
19:34:19:880,0.9207,1.8142,9.9744,45.9474,-0.135,0.4316,0.1587,58.9844
19:34:19:880,1.1182,1.9411,10.7561,45.822,-0.0567,0.4383,0.2,58.8906
19:34:19:895,1.2343,1.8334,11.3474,48.4735,0.0636,0.3815,0.2428,58.7031
19:34:19:911,1.2463,1.6825,11.7832,47.5873,0.1744,0.2662,0.3246,58.5156
19:34:19:927,1.208,1.4706,12.6475,47.0384,0.2453,0.2111,0.4181,58.2656
19:34:19:943,1.1912,0.9547,13.1191,47.6708,0.3475,0.3,0.5422,57.9375
19:34:19:968,1.5791,0.7428,12.6894,48.4322,0.4216,0.4609,0.6758,57.5156
19:34:19:981,1.773,1.0313,11.6455,49.458,0.3691,0.5738,0.6668,56.9531
19:34:20:002,1.6437,1.2013,10.8889,48.9728,0.1451,0.4966,0.5395,56.2188
19:34:20:025,1.8161,0.7536,11.3151,48.1802,-0.1531,0.263,0.3645,55.4375
19:34:20:043,1.3217,-0.2903,12.772,48.9114,-0.2756,-0.0763,0.1906,54.7188
19:34:20:062,0.0839,-1.1235,13.7955,46.9902,-0.0554,-0.2832,0.1853,54.1875
19:34:20:086,-0.9372,-1.2719,12.8199,49.5669,0.3771,-0.0994,0.4122,53.9062
19:34:20:110,-0.8534,-0.9894,9.6583,49.5809,0.6583,0.2779,0.7278,53.75
19:34:20:126,-0.2477,-0.3166,6.887,50.2955,0.5483,0.4739,0.8892,53.125
19:34:20:143,0.1102,-0.0269,6.1173,49.466,0.2075,0.3706,0.8463,52.7188
19:34:20:162,0.0983,-0.258,6.6189,48.4875,-0.0794,0.0606,0.7611,51.7656
19:34:20:182,0.1234,-0.428,7.4617,48.865,-0.2479,-0.2726,0.7299,50.7344
19:34:20:204,0.4694,-0.3992,8.5857,50.2744,-0.3574,-0.5026,0.7227,49.8125
19:34:20:226,0.9578,-0.3729,9.8894,49.8678,-0.4349,-0.5258,0.6711,49.0156
19:34:20:242,0.8848,-0.2675,10.8267,50.5071,-0.4629,-0.1719,0.601,48.2031
19:34:20:261,0.5041,-0.2089,10.4053,50.091,-0.4365,0.3421,0.5797,47.4219
19:34:20:282,-0.0179,0.0186,9.6428,49.0595,-0.4147,0.7475,0.6428,46.7188
19:34:20:306,-0.0657,0.4148,9.2525,50.4542,-0.3364,0.9416,0.7715,46.125
19:34:20:328,0.2012,0.8338,9.0394,51.4831,-0.1036,0.8537,0.8351,45.4844
19:34:20:345,0.1641,1.0816,8.2781,50.6847,0.1755,0.6281,0.8119,44.7188
19:34:20:361,-0.0322,1.1702,7.6676,50.0867,0.3681,0.3304,0.7986,43.8594
19:34:20:381,-0.1459,1.1522,7.3814,51.5491,0.473,0.0004,0.7978,42.9219
19:34:20:405,-0.1028,1.0146,7.5299,53.1026,0.461,-0.2707,0.8298,41.5469
19:34:20:426,0.309,0.829,8.4397,54.8942,0.3515,-0.3911,0.8676,40.6719
19:34:20:443,0.7232,0.8015,9.6296,53.3317,0.2392,-0.2627,0.8719,39.7031
19:34:20:466,1.2487,0.8697,10.2641,53.2403,0.2109,-0.0558,0.8431,38.7031
19:34:20:481,1.688,0.7308,10.2365,53.7742,0.2213,-0.0598,0.7398,37.7344
19:34:20:503,1.633,0.2316,10.519,54.613,0.1486,-0.2382,0.6234,36.7656
19:34:20:530,1.372,-0.398,11.6048,54.5251,0.0296,-0.3772,0.5999,35.9062
19:34:20:546,1.3038,-0.8051,12.5733,54.7492,0.0035,-0.2728,0.6692,35.2188
19:34:20:562,1.5839,-0.8613,12.0058,55.7553,0.0493,-0.0454,0.7621,34.5312
19:34:20:582,2.0591,-0.6315,10.5765,56.444,0.0152,-0.0084,0.7741,33.7656
19:34:20:602,2.2674,-0.4196,9.96,55.0067,-0.1587,-0.1966,0.6785,33.3438
19:34:20:629,2.2471,-0.5908,10.7537,57.7977,-0.3244,-0.3234,0.5611,32.4844
19:34:20:647,2.2088,-1.0517,11.4133,57.1293,-0.3603,-0.101,0.4948,31.6562
19:34:20:661,2.4362,-1.3078,10.8004,55.8831,-0.3364,0.4071,0.5006,30.9531
19:34:20:683,3.3568,-1.1821,8.9077,54.9824,-0.4093,0.7262,0.4737,30.375
19:34:20:710,4.512,-1.1115,8.4481,55.0222,-0.6589,0.3861,0.2535,29.5938
19:34:20:727,4.6341,-1.4515,10.1264,56.2525,-0.8163,-0.2451,-0.1295,29.0781
19:34:20:746,3.7075,-1.9639,11.952,55.1738,-0.7018,-0.5652,-0.4645,28.8281
19:34:20:763,0.5544,-2.0117,10.1216,56.7495,-0.1617,0.3858,-0.4238,29
19:34:20:782,0.1964,-1.145,7.7214,56.266,-0.0442,0.7581,-0.0941,29
19:34:20:803,0.8608,-0.2053,6.3878,56.266,0.0072,0.7078,0.1294,29.5312
19:34:20:824,1.3373,0.4974,5.6552,55.787,0.057,0.349,0.1414,30.2031
19:34:20:841,1.3205,0.8757,5.6253,56.2307,0.0866,-0.0499,0.0551,30.8438
19:34:20:866,1.1685,0.9499,5.8755,56.2567,0.0823,-0.3125,-0.0453,30.7344
19:34:20:881,0.8632,0.9439,6.3364,55.06,-0.0155,-0.3274,-0.1119,30.5938
19:34:20:906,0.7112,0.8924,7.0534,56.9889,-0.1902,-0.2195,-0.1537,30.5312
19:34:20:928,0.3197,0.8972,8.4205,57.5474,-0.3712,-0.1349,-0.2059,30.6719
19:34:20:943,-0.3051,0.6578,10.3742,56.603,-0.4123,-0.1194,-0.2073,30.75
19:34:20:961,-0.7193,0.3861,12.1938,57.4565,-0.2397,-0.0584,-0.0952,30.9531
19:34:20:982,-0.5948,0.3873,12.8929,58.7748,0.0914,0.1389,0.1017,31.0781
19:34:21:003,-0.0538,0.7284,12.0777,57.9596,0.4027,0.3493,0.2684,31.3281
19:34:21:026,0.224,1.0373,10.8686,58.2023,0.5212,0.4268,0.3334,31.4375
19:34:21:044,0.2958,1.2073,10.6376,58.7294,0.4866,0.3397,0.364,31.3281
19:34:21:061,0.6082,1.0337,11.6132,58.8101,0.4613,0.2132,0.4069,31.0312
19:34:21:081,1.0643,0.7284,12.2106,59.3017,0.5529,0.1581,0.4484,30.6719
19:34:21:102,1.5061,0.4687,11.7688,58.6036,0.6277,0.1445,0.4713,30.2656
19:34:21:128,2.0891,0.5321,11.2062,58.8711,0.4964,0.1362,0.4718,29.7969
19:34:21:146,2.7726,0.7715,11.4576,59.3332,0.151,0.0329,0.3714,29.2812
19:34:21:162,2.7247,0.3478,12.9228,59.3872,-0.2416,-0.1056,0.1318,28.7656
19:34:21:181,1.2307,-0.7117,14.9304,60.1414,-0.3984,-0.0494,-0.0816,27.9844
19:34:21:201,-0.2513,-2.0776,15.5612,58.8257,-0.1246,0.2343,-0.0046,27.6719
19:34:21:227,-0.8355,-2.4798,13.1287,58.4642,0.327,0.5935,0.3688,27.6875
19:34:21:245,-0.0801,-1.6849,9.8367,57.0243,0.6149,0.5959,0.7752,27.7812
19:34:21:261,1.0847,-0.7452,7.6604,57.7493,0.7159,0.14,0.8513,27.625
19:34:21:281,1.2104,-0.1107,6.5435,55.6893,0.6543,-0.3106,0.6319,26.9844
19:34:21:301,0.9219,-0.337,6.1484,56.3349,0.4317,-0.4558,0.3997,26
19:34:21:325,0.2874,-0.4758,6.0574,56.4423,0.1324,-0.3146,0.2838,25.125
19:34:21:343,-0.2297,-0.2544,6.389,56.3085,-0.1382,-0.202,0.3075,24.5781
19:34:21:361,0.1378,-0.1383,7.2222,55.9282,-0.2892,-0.2086,0.3674,24.2031
19:34:21:381,0.3485,0.1454,8.0003,57.067,-0.3017,-0.1759,0.3829,23.8906
19:34:21:402,0.619,0.3238,8.4337,56.382,-0.1864,-0.0813,0.3773,23.5
19:34:21:426,0.6956,0.3789,7.8806,56.2341,0.0117,0.0598,0.3406,23.0938
19:34:21:443,0.5053,0.416,6.8296,55.7144,0.1382,0.0566,0.3099,22.8594
19:34:21:462,0.3293,0.3753,6.6285,57.641,0.1236,-0.0989,0.3171,22.2344
19:34:21:482,0.3628,0.416,7.488,56.1873,0.0599,-0.2491,0.3635,21.8906
19:34:21:501,0.522,0.5968,8.6971,57.1451,0.0727,-0.3,0.3917,21.5312
19:34:21:524,0.3688,0.6746,9.4776,59.2842,0.1529,-0.2933,0.4071,21.1406
19:34:21:544,0.3389,0.7524,10.0354,57.5889,0.2354,-0.239,0.4862,20.7188
19:34:21:561,0.795,0.8829,10.6124,57.3224,0.3119,-0.2145,0.5701,20.2656
19:34:21:581,1.3469,0.9248,11.011,57.5777,0.4075,-0.2028,0.5739,19.7656
19:34:21:602,1.5983,0.7787,10.8351,58.0581,0.452,-0.1136,0.5224,19.1406
19:34:21:625,1.4749,0.4232,10.5394,58.2631,0.3721,0.0092,0.4926,18.5
19:34:21:644,1.7239,0.2987,10.4879,59.0614,0.1848,0.055,0.5166,17.8438
19:34:21:660,2.4542,0.2292,11.0745,59.7766,0.004,-0.0353,0.5035,17.2656
19:34:21:684,3.1796,0.0006,11.4169,58.5723,-0.065,-0.1578,0.3922,16.7031
19:34:21:701,3.5627,-0.3561,11.0613,59.2172,-0.1566,-0.1849,0.2103,16.1094
19:34:21:721,3.2897,-0.6794,10.8183,59.9412,-0.3699,-0.1852,-0.0091,15.5781
19:34:21:743,2.4937,-0.7883,11.7688,58.4496,-0.5744,-0.2158,-0.1937,15.25
19:34:21:761,1.4486,-1.09,12.9396,59.0306,-0.5635,-0.1306,-0.252,15.1875
19:34:21:781,0.9279,-1.3629,13.1359,60.0159,-0.29,0.0854,-0.1231,15.4375
19:34:21:800,1.4725,-1.1558,11.3127,59.1871,0.0549,0.2747,0.0923,15.7344
19:34:21:825,2.5739,-0.4794,9.3543,58.7299,0.1774,0.1757,0.1818,15.8906
19:34:21:843,3.7901,-0.0353,8.5199,58.5358,0.0519,-0.121,0.0444,15.7812
19:34:21:861,4.3492,-0.0724,9.2357,60.3616,-0.1915,-0.3492,-0.2541,15.5625
19:34:21:951,4.0451,-0.6434,10.312,58.5192,-0.3348,-0.2329,-0.5697,15.5156
19:34:21:952,2.6457,-0.8182,9.8283,58.4441,-0.3223,0.1741,-0.7474,15.8125
19:34:21:952,1.2906,-0.6063,8.2589,59.3955,-0.269,0.4684,-0.7146,16.1094
19:34:21:953,0.9135,-0.0581,6.9804,56.9037,-0.2655,0.4494,-0.5633,16.9062
19:34:21:970,1.0284,0.5836,6.9421,59.3756,-0.2932,0.1879,-0.439,17.75
19:34:21:981,1.2834,0.8721,7.7825,56.7076,-0.2354,0.0007,-0.3902,18.5
19:34:22:006,1.2319,0.8841,7.9585,59.9037,-0.0799,0.0457,-0.3889,19.0781
19:34:22:029,1.0069,0.835,7.3874,58.2772,0.0439,0.2113,-0.3649,19.75
19:34:22:041,0.7806,1.1378,6.9864,58.4451,0.0668,0.3208,-0.2882,20.2031
19:34:22:064,0.9434,1.4934,7.075,58.8319,0.029,0.2755,-0.2035,20.625
19:34:22:081,1.3469,1.7508,7.9213,59.7687,-0.009,0.1192,-0.1854,20.9375
19:34:22:102,1.5456,1.8848,9.0873,59.4528,0.0112,-0.0214,-0.2406,21.1875
19:34:22:126,1.4977,1.8238,9.8702,60.0679,0.0847,-0.0094,-0.3228,21.3906
19:34:22:143,0.9746,1.5952,10.5382,61.4643,0.0882,0.0489,-0.4102,21.6562
19:34:22:161,0.8094,1.4659,11.4755,60.4423,0.0477,0.0425,-0.3836,21.6562
19:34:22:181,0.6813,1.2037,12.4907,59.1449,0.1238,0.0305,-0.3172,22.0312
19:34:22:201,0.5292,0.9774,12.7612,60.5897,0.2844,0.0468,-0.2137,22.9375
19:34:22:228,0.358,0.8146,12.4799,61.6348,0.4208,0.1014,-0.0848,23.3438
19:34:22:246,0.4562,0.7153,11.6515,60.0416,0.4642,0.2241,0.0457,23.9531
19:34:22:263,0.479,0.8649,10.6854,59.8628,0.3569,0.4092,0.1485,23.9531
19:34:22:282,0.4263,1.3246,10.1862,61.1065,0.1087,0.5419,0.2407,24.0312
19:34:22:301,0.8704,1.6167,10.7992,60.6343,-0.1372,0.5003,0.2607,23.8906
19:34:22:328,1.0991,1.4084,11.5821,59.8762,-0.1952,0.3301,0.1624,23.6719
19:34:22:346,0.9578,0.7799,11.879,60.1339,-0.1009,-0.0275,0.066,23.5312
19:34:22:362,0.6501,0.161,12.5805,60.4575,0.0562,-0.3029,0.0231,23.125
19:34:22:383,0.1761,-0.4771,12.4033,60.0075,0.3292,-0.1732,0.0306,23.0469
19:34:22:400,0.1246,-0.7859,9.8475,60.5417,0.5055,0.1557,0.1147,22.9688
19:34:22:429,0.6609,-0.5225,7.567,58.9264,0.3239,0.2577,0.1422,22.9531
19:34:22:447,0.7172,-0.422,7.0367,59.0678,-0.0605,0.0374,0.029,22.9062
19:34:22:462,0.4311,-0.4208,8.2781,58.6168,-0.3481,-0.2624,-0.0296,22.7812
19:34:22:480,0.5197,-0.3549,9.4596,59.534,-0.3388,-0.365,-0.0094,22.625
19:34:22:501,0.4694,-0.1694,9.0059,57.2396,-0.1278,-0.2677,0.013,22.5938
19:34:22:526,0.5604,0.0377,7.4868,60.2923,0.0312,-0.1596,0.062,22.625
19:34:22:542,0.7806,0.2484,6.3567,59.1175,-0.0003,-0.2195,0.079,22.6406
19:34:22:560,0.6441,0.1897,7.1791,59.7354,-0.1686,-0.3988,0.0844,22.625
19:34:22:581,0.3473,0.1981,9.0694,59.002,-0.164,-0.4078,0.1589,22.5
19:34:22:601,0.121,0.2532,9.7625,59.3265,0.1225,-0.2638,0.2679,22.4375
19:34:22:626,0.2994,0.4783,8.4397,57.5749,0.4221,-0.0872,0.3973,22.2969
19:34:22:643,0.8429,0.9403,7.1133,59.2066,0.4898,-0.0989,0.4399,22.0625
19:34:22:667,1.4354,1.2647,6.9385,60,0.3444,-0.2547,0.3552,21.6719
19:34:22:679,1.3959,1.3916,8.1225,58.8847,0.1398,-0.3644,0.2159,21.1875
19:34:22:700,1.2774,1.2157,9.5159,58.7932,0.0621,-0.365,0.111,20.7031
19:34:22:728,1.0955,0.9188,10.2473,58.1114,0.0818,-0.3056,0.0745,20.375
19:34:22:743,1.3923,0.7775,10.3981,59.3115,0.1015,-0.2451,0.0876,20.2031
19:34:22:761,1.7982,0.6841,10.7285,57.594,0.0045,-0.2915,0.045,20.1094
19:34:22:781,1.925,0.1873,11.9041,58.1837,-0.1459,-0.3037,-0.0272,20.0156
19:34:22:801,1.8628,-0.6099,13.0808,57.4159,-0.2075,-0.2009,-0.0352,19.9375
19:34:22:826,1.8915,-1.1534,13.1168,58.3155,-0.143,0.0058,0.0873,19.9375
19:34:22:843,2.6074,-1.1774,11.8095,58.0258,-0.0724,0.1328,0.2465,20.0156
19:34:22:862,3.2921,-1.0157,10.4209,56.0132,-0.1345,0.0731,0.2633,20.0156
19:34:22:885,3.3376,-0.7416,9.7337,56.2421,-0.3313,-0.0909,0.1597,19.6562
19:34:22:900,2.7714,-0.7584,10.6543,56.2986,-0.5563,-0.2534,0.0399,19.5156
19:34:22:923,2.2483,-1.1474,12.1651,56.2986,-0.5593,-0.2044,0.0186,19.2656
19:34:22:943,2.174,-1.3258,12.3099,56.0952,-0.293,-0.0217,0.1113,19.1875
19:34:22:961,2.8061,-1.0325,10.6256,55.0237,0.0285,0.1365,0.2085,19.2031
19:34:22:980,3.7578,-0.6446,8.7844,55.4258,0.1494,0.0643,0.1374,19.1719
19:34:23:001,4.263,-0.4304,7.8746,54.7916,0.0376,-0.0944,-0.0943,19
19:34:23:027,4.3025,-0.3274,7.8842,54.8953,-0.1981,-0.1247,-0.3892,18.7656
19:34:23:047,3.4909,-0.4375,8.0614,54.8927,-0.4163,0.0111,-0.6949,18.7188
19:34:23:061,2.1286,-0.6171,8.0231,54.5162,-0.5678,0.2063,-0.8651,18.9844
19:34:23:080,1.0081,-0.4914,8.1775,53.6413,-0.6288,0.308,-0.8291,19.6094
19:34:23:101,0.5711,-0.0329,8.6264,54.8706,-0.5491,0.2793,-0.6307,20.5625
19:34:23:127,1.275,0.6207,8.8431,52.9096,-0.3239,0.189,-0.3923,21.5938
19:34:23:144,2.1525,1.3845,8.29,52.423,-0.0629,0.1038,-0.3098,22.4531
19:34:23:162,2.4853,1.7424,7.6723,51.89,0.102,-0.0004,-0.415,23.0625
19:34:23:180,1.9909,1.7508,7.2498,52.6237,0.1401,-0.0265,-0.582,23.625
19:34:23:200,1.2631,1.4695,7.1516,51.8592,0.0727,0.0465,-0.6707,24.0625
19:34:23:228,0.6441,1.2037,7.3862,52.2882,-0.0727,0.194,-0.639,24.7344
19:34:23:244,0.3449,1.2647,8.2996,51.4183,-0.2069,0.2465,-0.5151,25.5
19:34:23:262,0.6442,1.4515,10.2461,52.8518,-0.1995,0.1767,-0.3846,26.2031
19:34:23:279,1.0129,1.5592,11.7856,52.4817,0.0674,0.1378,-0.338,26.8125
19:34:23:301,0.7639,1.5173,11.6718,51.8044,0.367,0.1525,-0.3481,27.2656
19:34:23:328,0.2862,1.2013,11.1499,51.7612,0.4527,0.2103,-0.3061,27.6406
19:34:23:360,0.0181,1.0337,11.3822,50.6595,0.3651,0.3163,-0.1865,28.0156
19:34:23:360,0.1785,0.8817,12.1112,50.0459,0.3028,0.4012,-0.052,28.3594
19:34:23:379,0.4646,0.5046,12.4859,49.2455,0.3702,0.4425,0.0492,28.4844
19:34:23:399,0.5891,0.2436,11.8347,50.5672,0.4794,0.462,0.1307,28.6094
19:34:23:419,0.4406,0.2376,10.6495,50.1769,0.4844,0.4265,0.1944,28.6094
19:34:23:441,0.358,0.4184,10.1467,48.7564,0.3103,0.3062,0.2521,28.4844
19:34:23:459,0.4921,0.3909,10.4233,50.1478,0.0565,0.311,0.2798,28.2969
19:34:23:478,0.4909,0.2688,10.8147,48.9574,-0.1699,0.3488,0.2974,27.8906
19:34:23:500,0.6035,-0.0257,11.6132,49.2134,-0.286,0.1751,0.3323,27.5781
19:34:23:520,0.5711,-0.4519,12.8725,48.2179,-0.2253,-0.0534,0.3989,27.2344
19:34:23:541,0.5771,-0.726,13.2508,46.4857,0.0751,-0.0238,0.5105,26.875
19:34:23:563,0.7926,-0.5549,7.6388,47.1831,0.4511,0.2295,0.691,26.4219
19:34:23:579,1.1888,-0.3166,6.4537,47.0009,0.2069,-0.0222,0.6479,26.4219
19:34:23:599,1.1086,-0.1418,6.9277,47.6025,-0.0527,-0.3295,0.543,25.8281
19:34:23:618,0.9626,0.0473,7.8902,45.9615,-0.1912,-0.4891,0.4684,24.3594
19:34:23:638,1.0057,0.3382,8.3248,45.8452,-0.2157,-0.4547,0.4306,23.625
19:34:23:659,0.9482,0.4579,8.241,47.1936,-0.1957,-0.3559,0.3778,23.0469
19:34:23:679,0.7387,0.3466,8.3271,45.8203,-0.171,-0.3242,0.373,22.5
19:34:23:699,0.7699,0.2927,8.5738,45.7732,-0.0932,-0.3202,0.4178,22.0156
19:34:23:720,0.9243,0.4112,8.5438,44.8394,0.0519,-0.2747,0.4663,21.5938
19:34:23:741,0.9925,0.5668,7.9572,45.1727,0.1667,-0.2102,0.4953,20.9531
19:34:23:758,1.0871,0.7668,7.7537,44.869,0.1968,-0.1655,0.5057,20.4375
19:34:23:778,1.3349,0.9379,7.7525,43.1756,0.1965,-0.1064,0.4902,19.8906
19:34:23:799,1.4713,1.0995,7.652,44.1727,0.16,-0.0579,0.4316,19.3281
19:34:23:819,1.4295,1.2061,7.8507,44.9603,0.0804,-0.0558,0.3725,18.75
19:34:23:839,1.6162,1.315,8.3846,43.9568,0.0186,-0.1229,0.3185,18.4688
19:34:23:859,1.7443,1.3066,9.2717,42.9573,-0.0043,-0.2196,0.2338,17.9688
19:34:23:879,1.627,1.0756,10.1491,42.5445,0.0139,-0.2134,0.1672,17.5781
19:34:23:899,1.5444,0.7835,10.525,42.9077,0.0357,-0.1109,0.1507,17.2031
19:34:23:919,1.5959,0.7177,10.786,42.2666,-0.0474,-0.0273,0.1523,16.9375
19:34:23:938,2.0867,0.337,11.94,41.7345,-0.1875,-0.0552,0.1264,16.7656
19:34:23:960,2.4769,-0.24,13.6279,40.7371,-0.1803,-0.0925,0.1057,16.5781
19:34:24:028,2.7271,-0.823,13.7165,41.7698,0.0357,-0.0262,0.1358,16.4219
19:34:24:028,3.0587,-0.8697,12.2764,42.516,0.1955,0.0598,0.1967,16.2812
19:34:24:029,3.7985,-0.4663,10.8052,40.855,0.1406,0.0755,0.1667,16.1719
19:34:24:041,3.9972,0.0712,10.0665,39.1559,-0.1047,0.0055,-0.0608,15.9062
19:34:24:058,3.3915,-0.0377,10.7632,40.568,-0.4205,-0.0792,-0.3596,15.6719
19:34:24:079,2.4518,-0.6219,12.2955,40.345,-0.575,-0.0009,-0.5303,15.5938
19:34:24:099,1.36,-1.0145,12.9982,39.0551,-0.4378,0.2175,-0.4967,15.8438
19:34:24:119,1.1541,-0.981,11.8083,38.6383,-0.0977,0.3658,-0.273,16.4062
19:34:24:141,2.0555,-0.3059,9.8223,39.5058,0.1646,0.2207,-0.0709,17.0156
19:34:24:159,3.1916,0.2532,8.7461,39.8072,0.2346,-0.1634,-0.1095,17.4844
19:34:24:179,3.5124,0.4292,8.6121,40.5318,0.1883,-0.3737,-0.3548,17.6562
19:34:24:198,2.7463,0.2532,8.4852,38.4423,0.1073,-0.2531,-0.6075,17.7188
19:34:24:218,1.6413,0.0401,7.9585,39.253,0.0629,0.0114,-0.7197,17.9531
19:34:24:243,0.8249,0.0102,7.1696,39.6881,0.0296,0.2276,-0.6781,18.5156
19:34:24:259,0.6813,0.1586,6.753,38.9681,-0.0048,0.3062,-0.5444,19.25
19:34:24:280,1.0691,0.5896,6.8344,37.9976,-0.0067,0.2894,-0.4272,20.0625
19:34:24:299,1.4582,0.9715,6.8727,36.8171,0.0479,0.2383,-0.4216,20.7812
19:34:24:321,1.4079,1.1833,6.8655,38.9136,0.0711,0.1853,-0.4722,21.3281
19:34:24:343,1.3516,1.3677,7.2186,37.0731,0.0402,0.2018,-0.505,22.0156
19:34:24:359,1.3349,1.473,7.9932,35.55,0.0232,0.2311,-0.5308,22.2812
19:34:24:378,1.1194,1.5329,8.7773,36.1664,0.0554,0.2116,-0.5434,22.8438
19:34:24:398,0.9578,1.7328,9.4728,36.112,0.1268,0.2137,-0.5268,23.4062
19:34:24:418,0.8141,1.9495,9.7014,36.0888,0.2112,0.2516,-0.5327,24.0156
19:34:24:443,0.3389,2.0321,9.7948,36.5826,0.2333,0.2833,-0.5332,24.625
19:34:24:463,-0.3099,1.7615,9.9349,35.2584,0.2354,0.2905,-0.4539,25.2031
19:34:24:479,-0.875,1.5999,9.9636,36.835,0.2613,0.2225,-0.2517,25.8125
19:34:24:502,-0.5529,1.3402,10.197,35.8211,0.2863,0.0393,0.0141,26.3906
19:34:24:527,0.3174,1.2205,10.5382,34.9729,0.2567,-0.0427,0.2242,26.7969
19:34:24:545,0.8249,1.2025,10.9811,33.8236,0.0999,-0.0169,0.3129,26.9219
19:34:24:558,0.5173,1.1546,11.7592,35.0298,-0.0711,0.047,0.3714,26.7656
19:34:24:578,0.1115,1.0385,12.2692,33.8471,-0.1113,0.0926,0.5203,26.4531
19:34:24:598,0.388,1.0026,11.9795,33.3896,-0.0727,0.1541,0.6793,26.0781
19:34:24:619,1.19,1.1522,11.6264,33.3494,-0.0655,0.0803,0.7222,25.25
19:34:24:643,1.7754,0.8984,12.286,33.4534,-0.0996,-0.0526,0.5685,24.4688
19:34:24:664,0.953,0.3071,12.371,32.4813,0.0125,-0.0078,0.3533,23.6875
19:34:24:678,-0.0825,-0.3573,10.7692,31.7074,0.1571,0.0321,0.2841,23.0469
19:34:24:698,-0.025,-0.6195,9.2274,32.0788,0.0583,-0.019,0.3493,22.6406
19:34:24:718,0.3904,-0.5046,9.2669,34.2215,-0.1851,-0.2174,0.3467,22.3281
19:34:24:740,0.4945,-0.4531,10.1922,33.2152,-0.314,-0.3935,0.282,21.9219
19:34:24:758,0.376,-0.3106,10.458,31.6581,-0.2211,-0.3799,0.2577,21.5312
19:34:24:778,0.3892,-0.0018,9.444,31.9928,-0.0344,-0.231,0.2854,21.2188
19:34:24:798,0.6825,0.398,7.8842,31.5196,0.0727,-0.104,0.3307,20.9531
19:34:24:820,1.111,0.8601,6.7901,31.4776,0.0602,-0.0781,0.3318,20.625
19:34:24:845,1.1948,1.0193,6.9122,31.5028,0.0072,-0.1836,0.2798,20.25
19:34:24:865,1.2654,1.0062,7.2761,30.0024,0.0312,-0.2542,0.2362,20.0625
19:34:24:883,1.1673,1.1414,7.634,30.9183,0.0935,-0.3205,0.2079,19.7188
19:34:24:899,1.214,1.1127,7.9261,30.6173,0.1619,-0.3341,0.2021,19.4219
19:34:24:920,1.378,1.1175,8.3439,28.3189,0.1942,-0.2667,0.1967,19.0781
19:34:24:944,1.6413,1.4659,8.7246,29.3358,0.1148,-0.0211,0.1123,18.8438
19:34:24:962,1.4965,1.4479,9.5542,30.1484,0.0621,0.0114,0.0441,18.8438
19:34:24:979,1.3193,1.2504,10.2796,29.3263,0.1297,0.0004,0.029,18.4219
19:34:25:000,1.305,1.1163,10.2976,28.7324,0.2605,-0.0121,0.0511,18.4219
19:34:25:020,1.3828,0.9798,9.7433,27.5661,0.2892,-0.0355,0.0745,18.25
19:34:25:043,1.7982,0.8278,9.8319,27.9397,0.1627,-0.092,0.0878,18.2031
19:34:25:061,2.1585,0.4663,10.5442,27.9397,0.0219,-0.1476,0.0503,18.1406
19:34:25:078,2.1058,-0.0664,11.3211,28.4244,-0.029,-0.125,0.0575,18.0469
19:34:25:098,2.3333,-0.5273,11.1236,27.0556,0.0266,-0.0004,0.1629,17.9375
19:34:25:118,2.9414,-0.5477,10.0809,25.8226,0.0432,0.0372,0.2412,17.8906
19:34:25:143,3.5363,-0.0724,9.2357,27.1545,-0.1302,-0.0539,0.1621,17.8281
19:34:25:160,3.7147,0.1263,9.4417,26.5107,-0.4786,-0.2142,-0.0951,17.6406
19:34:25:180,3.2287,-0.2604,11.3905,25.719,-0.8272,-0.3578,-0.4011,17.2031
19:34:25:203,1.9622,-1.0301,13.9032,27.1184,-0.9073,-0.2488,-0.5452,17.2188
19:34:25:226,0.8441,-1.503,14.8825,27.5056,-0.5462,0.1528,-0.4017,17.5469
19:34:25:245,1.1661,-1.1881,12.116,26.5059,-0.0378,0.4684,-0.1053,18.1719
19:34:25:262,2.3955,-0.1993,9.2633,25.7972,0.1065,0.2849,0.0212,18.7656
19:34:25:280,3.4777,0.2891,8.5965,26.5479,-0.0554,-0.158,-0.1463,19.0625
19:34:25:299,3.0815,0.2831,9.529,25.2993,-0.2541,-0.3559,-0.4438,19.0781
19:34:25:319,1.9622,-0.0928,9.9229,26.204,-0.3017,-0.1397,-0.6272,19.0625
19:34:25:342,0.8441,-0.2245,8.9329,26.0776,-0.2533,0.2281,-0.6121,19.2344
19:34:25:361,0.6406,0.0844,7.4305,25.026,-0.2157,0.4686,-0.4573,19.75
19:34:25:387,1.2331,0.6434,6.7063,26.3049,-0.2269,0.4028,-0.3548,20.4844
19:34:25:398,1.5755,1.0134,6.9277,25.0546,-0.2043,0.1991,-0.3923,21.1562
19:34:25:418,1.3181,1.0193,7.3683,25.2101,-0.1348,0.0473,-0.4637,21.7031
19:34:25:445,0.8956,0.9751,7.707,26.9378,-0.0634,0.0465,-0.436,22.5469
19:34:25:467,1.0967,1.1043,8.162,24.6901,0.0136,0.1165,-0.3322,23.0938
19:34:25:483,1.4737,1.4994,8.4684,25.2158,0.0796,0.1887,-0.2603,23.3594
19:34:25:498,1.8209,1.8358,8.8048,26.9029,0.1377,0.1994,-0.2576,23.7969
19:34:25:518,1.785,2.0776,8.8838,22.5962,0.2005,0.1786,-0.3133,24.1094
19:34:25:545,1.6318,2.0608,8.982,24.352,0.1816,0.1112,-0.3753,24.3906
19:34:25:559,1.214,1.8693,9.9133,23.6278,0.0903,0.0636,-0.3958,24.7188
19:34:25:577,0.7459,1.6263,11.1906,24.8213,0.0855,0.1008,-0.3444,25.0938
19:34:25:598,0.3569,1.2396,11.958,24.6864,0.1539,0.1365,-0.236,25.5312
19:34:25:619,0.291,0.7943,12.529,23.7853,0.2386,0.1581,-0.0491,25.9688
19:34:25:647,0.3772,0.4064,12.5721,23.2736,0.3268,0.1173,0.1496,26.2969
19:34:25:665,0.8034,0.155,12.4153,22.7546,0.3633,0.0686,0.3653,26.4688
19:34:25:680,1.3217,0.5788,11.922,23.4125,0.3358,0.0928,0.5161,26.4062
19:34:25:699,1.7922,1.1953,11.351,25.7147,0.2059,0.1591,0.5304,26.0938
19:34:25:723,2.1645,1.23,11.1595,23.4032,-0.0056,0.246,0.3962,25.5938
19:34:25:744,1.7072,0.7572,11.3343,23.4611,-0.1438,0.1879,0.2055,24.6719
19:34:25:760,0.9494,0.1993,11.7353,24.2937,-0.1129,0.0409,0.1264,24.2188
19:34:25:781,0.5436,-0.1814,11.5905,23.7402,0.0964,0.0332,0.131,24.0938
19:34:25:798,0.121,-0.3621,9.3184,24.0696,0.2999,0.1584,0.1571,23.9219
19:34:25:818,0.0839,-0.2999,7.2929,23.0664,0.221,0.0729,0.1848,23.7812
19:34:25:840,0.2898,-0.5141,6.7566,24.4937,-0.0519,-0.2148,0.1544,23.625
19:34:25:864,0.1797,-0.7009,7.8998,24.1453,-0.3419,-0.5642,0.1451,23.4219
19:34:25:881,0.4694,-0.6614,9.7409,23.6701,-0.4908,-0.6161,0.2295,23.2188
19:34:25:899,0.9662,-0.1347,10.4807,24.4331,-0.3771,-0.2808,0.2982,23.0781
19:34:25:918,1.2092,0.4316,9.0454,23.9301,-0.1542,0.1168,0.2729,22.8906
19:34:25:944,1.3995,0.8182,7.1588,23.7804,-0.0349,0.3488,0.2255,22.5938
19:34:25:962,1.9059,1.0157,5.654,22.9994,-0.0562,0.2897,0.1437,22.25
19:34:25:978,1.8879,1.1797,5.3847,22.2546,-0.2384,-0.0571,-0.0107,21.9844
19:34:25:999,1.3876,0.9643,7.1145,23.6912,-0.4139,-0.4012,-0.1402,21.7656
19:34:26:017,0.6956,0.5261,9.2034,24.859,-0.3593,-0.4827,-0.1628,21.7188
19:34:26:117,0.1917,0.2735,9.7421,24.4686,-0.1188,-0.2526,-0.0563,21.875
19:34:26:117,0.2982,0.4818,8.8599,23.1722,0.0602,-0.0518,0.1022,22.0625
19:34:26:117,0.7531,0.8529,8.399,24.1507,0.0415,-0.0638,0.1927,22.125
19:34:26:117,1.19,1.0636,9.4321,23.2537,-0.0322,-0.2654,0.2228,22.0156
19:34:26:118,1.5635,1.1774,11.1619,24.5485,0.0144,-0.5042,0.2601,21.7969
19:34:26:138,2.2626,1.3055,12.3722,24.5891,0.1912,-0.5453,0.3097,21.5469
19:34:26:158,2.9917,1.5233,12.0573,25.5544,0.3723,-0.361,0.2271,21.2344
19:34:26:179,2.9163,1.5018,10.9476,24.1247,0.3651,-0.1482,0.0154,20.8906
19:34:26:198,2.3811,0.9619,10.5119,25.3702,0.1401,-0.0733,-0.1753,20.6094
19:34:26:218,1.8604,-0.07,11.4001,24.9624,-0.1023,-0.1295,-0.2347,20.5625
19:34:26:243,1.4929,-1.0648,12.693,23.0593,-0.1566,-0.1429,-0.1066,20.75
19:34:26:260,1.6114,-1.4347,12.6319,27.5642,-0.0115,-0.0683,0.1238,21.0156
19:34:26:280,1.9442,-1.1953,11.5845,23.6848,0.1134,-0.1072,0.2923,21.1406
19:34:26:298,2.4386,-1.0445,10.9883,25.1187,0.1236,-0.206,0.3214,21
19:34:26:319,2.5452,-0.9367,10.7154,25.4454,0.0711,-0.2358,0.2489,20.8594
19:34:26:347,2.4374,-0.9619,11.0362,26.8239,0.0256,-0.2433,0.1866,20.6875
19:34:26:366,3.0132,-0.7009,9.9373,27.0985,0.2338,0.0867,0.1387,20.0156
19:34:26:381,3.5423,-0.4435,8.1919,26.6693,0.2013,0.1315,0.0322,19.8125
19:34:26:399,4.0679,-0.1778,7.4868,25.6544,-0.0328,0.0209,-0.1652,19.6094
19:34:26:420,3.9518,-0.0904,8.077,28.3377,-0.3081,-0.0395,-0.4539,19.375
19:34:26:446,2.8959,-0.2508,8.5773,26.5763,-0.4629,0.1405,-0.709,19.5625
19:34:26:464,1.5551,-0.3107,8.1212,25.8784,-0.502,0.4494,-0.7948,19.5625
19:34:26:481,0.6549,-0.0988,7.3707,27.5229,-0.4895,0.6335,-0.709,20.1094
19:34:26:499,0.5639,0.2508,7.0175,27.0746,-0.4421,0.5578,-0.5356,20.9531
19:34:26:518,1.1134,0.7165,7.4604,26.1123,-0.3638,0.3765,-0.4025,21.8438
19:34:26:543,1.2786,1.0062,8.0051,27.6242,-0.1784,0.2425,-0.374,22.6875
19:34:26:561,1.22,1.06,7.7083,26.6999,0.057,0.1592,-0.3641,23.3438
19:34:26:578,1.0416,1.3414,7.0738,28.9672,0.131,0.1773,-0.342,24.2344
19:34:26:599,1.0164,1.5904,7.0774,27.4455,0.0503,0.1762,-0.2991,24.6562
19:34:26:619,1.2978,1.7939,7.9596,29.3063,-0.0661,0.1022,-0.2685,24.8594
19:34:26:645,1.8125,2.0261,9.4129,28.9763,-0.1281,0.014,-0.2832,25.2031
19:34:26:660,1.9059,2.0991,11.041,29.407,-0.0621,-0.0249,-0.3892,25.5312
19:34:26:677,1.062,1.6143,11.9879,28.3562,0.0975,0.0425,-0.4698,25.8438
19:34:26:699,0.3904,0.9858,12.0717,29.3324,0.2448,0.2225,-0.3844,26.2188
19:34:26:719,0.1773,0.5716,11.612,30.6539,0.2831,0.4241,-0.183,26.7031
19:34:26:743,0.5244,0.4244,11.3881,29.9187,0.2242,0.4739,0.0122,27.2031
19:34:26:760,0.874,0.2616,11.8622,29.2722,0.1534,0.4372,0.1073,27.4062
19:34:26:778,1.0679,0.1826,11.7676,31.4677,0.1574,0.4513,0.1459,27.6094
19:34:26:798,1.2044,0.2628,10.9883,30.1087,0.1281,0.3799,0.1483,27.5938
19:34:26:818,1.3552,0.2771,10.6112,31.4718,-0.0407,0.2542,0.1041,27.4688
19:34:26:844,1.3049,-0.076,10.9536,31.1096,-0.277,0.0918,0.021,27.3125
19:34:26:863,0.8704,-0.6446,12.1375,32.0685,-0.453,-0.1277,-0.0203,27.1562
19:34:26:880,0.2994,-1.0768,13.7368,32.4871,-0.3838,-0.206,0.0556,27.0156
19:34:26:898,0.2551,-1.2049,13.0665,32.7116,-0.0091,0.0074,0.237,27.0156
19:34:26:919,0.4359,-0.8362,9.8116,31.6276,0.2679,0.194,0.3885,27.0156
19:34:26:944,0.8644,-0.5094,7.2378,32.3445,0.176,0.084,0.4127,26.8594
19:34:26:961,1.1014,-0.5058,6.6991,32.3616,-0.138,-0.1887,0.307,26.4844
19:34:26:978,0.8094,-0.6698,7.7071,32.1392,-0.3907,-0.4473,0.189,26.0312
19:34:26:999,0.2467,-0.7907,8.7485,32.2928,-0.4674,-0.5168,0.1656,25.6094
19:34:27:017,-0.207,-0.5429,9.3543,34.8257,-0.3995,-0.4007,0.2588,25.3281
19:34:27:040,0.0372,-0.4292,9.1986,34.4297,-0.2056,-0.2281,0.388,25.1406
19:34:27:062,0.4215,-0.2017,8.1296,32.7176,-0.0061,-0.1242,0.474,24.9062
19:34:27:078,0.795,0.1562,7.1899,33.5136,0.0517,-0.1748,0.5155,24.75
19:34:27:101,1.0751,0.4352,7.4341,34.2737,0.004,-0.2699,0.495,24.0312
19:34:27:117,1.1793,0.5465,8.2505,32.8864,0.036,-0.3082,0.4428,23.4844
19:34:27:139,1.2451,0.5154,8.3918,33.8997,0.1427,-0.2819,0.3856,22.8906
19:34:27:161,1.1601,0.5213,8.1165,33.958,0.1712,-0.2363,0.3331,22.3438
19:34:27:178,1.208,0.574,8.3271,33.9281,0.0708,-0.2331,0.2814,21.875
19:34:27:198,1.2463,0.7284,9.2693,33.9281,-0.0629,-0.1663,0.2162,21.4531
19:34:27:217,1.22,0.8003,9.9672,35.1422,-0.0732,0.0076,0.1299,21.0938
19:34:27:238,0.9207,0.738,9.7709,33.7743,-0.0088,0.1256,0.0282,20.8125
19:34:27:258,0.6633,0.5573,9.4249,36.4555,-0.0027,0.1035,-0.0323,20.6094
19:34:27:278,1.0141,0.4124,9.9181,34.5143,-0.0692,-0.035,-0.0645,20.5156
19:34:27:303,1.6437,-0.1658,11.1846,35.386,-0.1278,-0.2435,-0.1425,20.5312
19:34:27:317,1.5516,-1.1761,12.778,36.3406,-0.1622,-0.3658,-0.1809,20.5938
19:34:27:339,1.5348,-2.1147,14.576,36.7947,-0.1481,-0.2403,-0.0235,20.7031
19:34:27:361,2.2315,-2.1985,14.5473,35.8098,0.0072,0.1956,0.2426,20.9062
19:34:27:380,3.1545,-1.5832,12.7385,34.9557,0.1441,0.4556,0.373,21.0156
19:34:27:398,3.7494,-1.0648,10.8878,36.1139,0.122,0.3885,0.2913,20.75
19:34:27:418,3.5795,-0.8446,10.3191,36.2691,-0.0493,0.1341,0.071,20.3281
19:34:27:448,2.69,-0.9786,11.3462,34.6966,-0.1715,-0.0467,-0.1127,20.0156
19:34:27:467,1.8472,-1.3809,12.1902,35.7367,-0.0535,0.0787,-0.1271,19.9375
19:34:27:482,1.524,-1.2779,11.1224,36.0892,0.245,0.377,0.026,20.0781
19:34:27:497,2.1226,-0.914,8.8958,35.0633,0.4898,0.4596,0.1632,20.2188
19:34:27:519,3.0515,-0.6243,6.9517,36.1915,0.5063,0.1818,0.144,20.2031
19:34:27:545,3.8284,-0.3466,6.3783,35.9834,0.2834,-0.2539,-0.0552,20.0156
19:34:27:561,3.777,-0.149,7.148,38.0007,-0.0485,-0.4259,-0.3857,19.8438
19:34:27:577,2.605,-0.3537,8.0004,36.2181,-0.2775,-0.235,-0.6864,19.8281
19:34:27:598,1.111,-0.6219,7.8914,35.9007,-0.3537,0.0809,-0.7737,20.0625
19:34:27:619,0.3796,-0.4328,7.3862,37.4897,-0.3712,0.2918,-0.6467,20.6875
19:34:27:646,0.4993,0.0664,7.4018,37.4157,-0.3396,0.2098,-0.4611,21.5781
19:34:27:662,1.1745,0.5932,7.8818,37.4411,-0.208,-0.006,-0.3495,22.375
19:34:27:679,1.5109,0.8972,7.9489,36.6275,-0.0184,-0.1498,-0.3527,23.2812
19:34:27:698,1.5587,1.1654,7.6005,37.8646,0.0927,-0.1386,-0.3793,23.6719
19:34:27:718,1.6916,1.5592,7.2929,38.1649,0.1049,-0.0963,-0.4067,24.0625
19:34:27:740,1.949,2.1518,8.3451,37.6817,-0.0208,-0.2941,-0.5263,24.4844
19:34:27:761,1.9418,2.1075,10.1348,37.7101,-0.0629,-0.3714,-0.5804,24.4844
19:34:27:780,1.597,1.7927,11.9352,37.6577,0.053,-0.2928,-0.6232,25.4375
19:34:27:798,0.9829,1.2504,12.4631,38.0277,0.3177,-0.0656,-0.5945,26.6875
19:34:27:818,0.4945,1.0253,11.3151,38.7797,0.514,0.2084,-0.4637,27.3594
19:34:27:838,0.3569,1.1762,10.1372,36.3951,0.469,0.2899,-0.3125,27.3594
19:34:27:861,0.461,1.1127,10.7357,36.9191,0.3145,0.0857,-0.2009,28.0156
19:34:27:878,0.8393,0.6782,11.9376,36.0816,0.3071,-0.1383,-0.1343,28.5312
19:34:27:897,1.0548,0.3202,11.8299,36.994,0.339,-0.1532,-0.1271,29.0781
19:34:27:918,0.8141,0.0724,11.2984,37.0824,0.1635,-0.018,-0.1196,29.2188
19:34:27:939,0.7842,-0.0293,11.6347,37.3442,-0.1582,0.202,-0.0579,29.2812
19:34:27:962,0.8321,-0.2017,12.4559,37.2721,-0.4032,0.349,0.0066,29.4062
19:34:27:981,0.5819,-0.495,13.1982,37.119,-0.4053,0.2548,0.0841,29.5156
19:34:27:998,0.2012,-0.7153,13.6459,37.3606,-0.1768,0.1048,0.2183,29.5312
19:34:28:018,0.3473,-0.9307,12.936,36.4684,0.2067,0.1765,0.3967,29.5469
19:34:28:048,0.3928,-0.902,10.1443,36.821,0.5241,0.3427,0.5291,29.4844
19:34:28:064,0.698,-0.841,7.5383,37.9113,0.5526,0.2457,0.5986,29.2344
19:34:28:080,0.8608,-0.8194,6.3902,37.3157,0.3135,-0.0984,0.5936,28.7812
19:34:28:097,0.9949,-0.7284,7.2091,34.8864,-0.0099,-0.4808,0.5762,28.1562
19:34:28:117,1.2379,-0.4172,8.8658,36.9397,-0.1883,-0.6856,0.5725,27.5
19:34:28:182,1.9023,-0.2197,9.8978,36.9909,-0.1707,-0.6185,0.5272,26.8125
19:34:28:183,1.8879,0.0461,9.7517,37.6993,-0.0429,-0.3112,0.4173,26.1406
19:34:28:183,1.7084,0.173,8.4229,34.7232,0.0759,0.0343,0.3592,25.5312
19:34:28:197,1.7575,0.1682,6.9026,35.1365,0.033,0.103,0.3025,24.6719
19:34:28:220,1.4761,0.2616,7.0271,35.4136,-0.1851,0.0004,0.242,24.2344
19:34:28:243,1.2307,0.2053,8.2972,35.5481,-0.3095,0.009,0.2114,23.875
19:34:28:264,0.7531,0.1143,8.7725,34.9871,-0.2016,0.1855,0.2037,23.5781
19:34:28:279,0.4598,0.0808,8.1153,35.815,-0.0336,0.3408,0.2639,23.3281
19:34:28:297,0.4993,0.2987,7.2581,35.2861,0.0224,0.364,0.3723,23.125
19:34:28:317,1.0201,0.7883,7.5814,35.9974,-0.0192,0.2172,0.4572,22.875
19:34:28:339,1.609,1.1666,8.8407,34.0288,-0.0011,-0.0041,0.4343,22.5156
19:34:28:362,1.4845,1.1534,9.9085,35.3137,0.1214,-0.1889,0.347,22.0469
19:34:28:384,1.39,0.9308,10.4628,36.1878,0.2455,-0.2483,0.3288,21.5469
19:34:28:398,1.5611,0.8015,10.6687,34.6165,0.2708,-0.1319,0.352,21.0938
19:34:28:418,2.0029,0.7452,10.7788,34.8453,0.1827,0.0039,0.3512,20.7031
19:34:28:439,2.3405,0.4902,11.0422,34.1444,0.065,0.0337,0.3038,20.3281
19:34:28:462,2.374,0.0976,11.5821,32.7924,-0.0053,-0.0249,0.2934,19.9062
19:34:28:481,2.7103,-0.3549,11.697,33.4022,0.0139,-0.0736,0.3701,19.5156
19:34:28:498,3.431,-0.4747,10.9883,32.6304,0.0373,-0.1482,0.4407,19.3594
19:34:28:518,4.0655,-0.3789,10.1539,34.0288,-0.0924,-0.2379,0.3773,18.8438
19:34:28:537,4.014,-0.2412,10.3359,33.3187,-0.3747,-0.3218,0.1722,18.3594
19:34:28:560,3.3544,-0.7069,11.8191,34.0196,-0.5731,-0.3437,-0.0392,17.875
19:34:28:578,2.544,-1.1761,12.8821,32.3243,-0.473,-0.2401,-0.0957,17.5625
19:34:28:597,2.2112,-1.3761,12.5266,30.9844,-0.1167,-0.1295,-0.0131,17.5312
19:34:28:617,2.6529,-1.2971,10.3024,33.931,0.2192,-0.1375,0.0809,17.6562
19:34:28:638,3.5603,-1.0134,8.4433,33.3729,0.2431,-0.3426,0.0625,17.7344
19:34:28:662,4.1636,-0.8541,8.2086,33.0088,0.0131,-0.4957,-0.1175,17.6875
19:34:28:679,3.9781,-0.9391,8.8,33.3277,-0.2354,-0.3391,-0.3591,17.5625
19:34:28:697,3.1892,-0.8505,8.818,33.5064,-0.3374,0.062,-0.5508,17.5469
19:34:28:717,2.0938,-0.5896,7.7801,31.677,-0.3164,0.3932,-0.6315,17.8281
19:34:28:737,1.4773,-0.2352,6.5758,31.2924,-0.2858,0.4652,-0.5948,18.375
19:34:28:764,1.4235,0.2281,6.1891,33.3321,-0.273,0.3099,-0.5159,19.0938
19:34:28:779,1.6449,0.6806,6.4441,31.7979,-0.2195,0.0987,-0.4962,20.1562
19:34:28:797,1.5623,0.8649,6.6345,32.3231,-0.1169,-0.0188,-0.542,20.7656
19:34:28:818,1.0524,0.8865,6.4657,32.4754,-0.0685,-0.0297,-0.5569,21.3594
19:34:28:837,0.7411,1.1055,6.492,32.6186,-0.1252,-0.014,-0.4731,21.9531
19:34:28:862,0.9781,1.4048,7.5526,32.681,-0.228,-0.056,-0.3788,22.5938
19:34:28:879,1.5635,1.6502,8.9209,30.6258,-0.2296,-0.0888,-0.3447,23.1406
19:34:28:897,2.095,1.9675,10.0534,30.4348,-0.1526,-0.1157,-0.4155,23.5625
19:34:28:921,2.1441,1.9914,11.0063,31.3381,-0.0373,-0.1128,-0.5652,23.9688
19:34:28:947,1.5635,1.4407,11.4863,31.2514,0.0711,-0.0038,-0.6893,24.4531
19:34:28:962,0.5532,0.8613,11.46,31.2698,0.0991,0.2457,-0.6517,24.75
19:34:28:978,0.2874,0.5166,11.5821,31.1137,0.033,0.4577,-0.4432,25.4375
19:34:28:997,0.6645,0.4723,12.4021,30.8775,-0.0115,0.5251,-0.2403,26.2344
19:34:29:018,1.0296,0.3514,12.8809,30.4145,0.0706,0.4862,-0.1465,26.8906
19:34:29:037,1.135,0.0916,12.4416,30.9109,0.1643,0.4745,-0.1109,27.2656
19:34:29:062,0.7986,0.0186,11.7856,30.942,0.1273,0.4263,-0.0805,27.5
19:34:29:078,0.5807,0.0126,12.1208,29.9581,0.0136,0.3909,0.0149,27.7188
19:34:29:097,0.5448,-0.0377,12.2034,31.1677,-0.0293,0.4039,0.1086,27.8125
19:34:29:116,0.4861,-0.2316,12.0561,30.6579,-0.0546,0.2678,0.1927,27.7969
19:34:29:139,0.449,-0.8948,12.602,30.0056,0.155,0.1317,0.3957,27.6875
19:34:29:163,0.2288,-1.0912,10.5909,30.1011,0.4133,0.1245,0.4905,27.5
19:34:29:179,0.4275,-1.1342,8.6875,31.4311,0.4397,-0.0851,0.5736,27.1719
19:34:29:197,0.6238,-1.0469,8.0339,30.3267,0.2629,-0.3626,0.5882,26.7031
19:34:29:217,0.5975,-0.8314,8.6312,30.3884,0.0575,-0.59,0.584,26.1406
19:34:29:239,0.7315,-0.6985,9.5135,30.473,0.0008,-0.5836,0.6093,25.5156
19:34:29:263,0.9087,-0.4687,9.225,30.3049,0.1183,-0.374,0.6516,24.8281
19:34:29:278,1.2212,-0.1119,7.9082,29.2851,0.2546,-0.1974,0.6825,24.1406
19:34:29:298,1.4151,0.1658,6.9996,29.8707,0.2642,-0.182,0.6561,23.4688
19:34:29:317,1.4067,0.2209,7.0199,30.538,0.1864,-0.1303,0.6117,22.7188
19:34:29:338,1.196,0.2963,7.4461,30.538,0.1393,0.0297,0.584,21.5312
19:34:29:363,0.9398,0.2963,7.5419,29.5574,0.1942,0.2172,0.5821,20.8125
19:34:29:382,0.8692,0.2568,7.1049,31.5202,0.2506,0.3397,0.6026,20.125
19:34:29:402,1.1338,0.4783,6.7087,32.0723,0.1808,0.3956,0.6013,19.4688
19:34:29:416,1.2607,0.7165,7.0163,30.2603,0.0269,0.3909,0.5121,19.125
19:34:29:436,1.2714,0.7859,7.7454,31.88,-0.1108,0.3307,0.3912,18.4531
19:34:29:461,1.4402,0.7775,9.0179,29.7037,-0.1846,0.243,0.2647,17.7656
19:34:29:480,1.5001,0.6411,10.1791,30.3123,-0.1704,0.2066,0.1272,17.1875
19:34:29:496,1.4702,0.5249,10.701,31.3884,-0.0956,0.2111,0.0007,16.7656
19:34:29:519,1.5683,0.3514,10.865,30.2836,-0.0525,0.1693,-0.1231,16.4688
19:34:29:536,1.7299,-0.0377,11.0278,29.7849,-0.1036,0.0622,-0.2509,16.3281
19:34:29:557,1.7311,-0.6506,12.0729,30.8635,-0.237,-0.0377,-0.3508,16.3281
19:34:29:579,1.7,-1.2743,13.2784,29.8059,-0.2804,0.0572,-0.3314,16.4688
19:34:29:597,2.0172,-1.5628,13.1814,30.7067,-0.1942,0.2854,-0.2286,16.7656
19:34:29:617,2.453,-1.2252,11.7377,29.7702,-0.1252,0.4082,-0.1761,17.3438
19:34:29:637,2.7941,-0.9942,10.549,29.7808,-0.2735,0.2606,-0.2565,17.6719
19:34:29:662,2.8708,-1.1031,11.8179,29.9499,-0.5742,-0.0028,-0.4115,17.9062
19:34:29:677,2.5116,-1.7376,14.1427,31.8039,-0.6437,-0.0195,-0.5178,18.1406
19:34:29:698,1.718,-2.0476,14.8394,30.6894,-0.2988,0.2649,-0.4454,18.5156
19:34:29:716,1.8927,-2.1518,12.3841,31.0554,0.204,0.4241,-0.216,19.0625
19:34:29:737,2.854,-1.7148,9.7397,30.0543,0.474,0.1528,-0.0528,19.6562
19:34:29:760,3.7159,-1.2013,8.3678,31.3056,0.5068,-0.2867,-0.1178,20.0469
19:34:29:776,3.3987,-0.8769,7.974,30.1476,0.4189,-0.5343,-0.3252,20.1875
19:34:29:797,2.5236,-0.7428,7.6616,31.3816,0.38,-0.5074,-0.4706,20.25
19:34:29:816,1.6449,-0.5776,6.5842,31.8374,0.3795,-0.3186,-0.4999,20.4844
19:34:29:838,1.1841,-0.1873,5.1716,31.9278,0.2956,-0.1325,-0.4334,20.9062
19:34:29:861,1.2092,0.3705,4.4821,29.8953,0.0916,-0.0654,-0.3625,21.4688
19:34:29:879,1.7144,0.8577,4.8975,32.415,-0.1238,-0.0797,-0.3708,22
19:34:29:904,1.9933,1.1821,5.6995,31.7036,-0.2362,-0.0877,-0.4773,22.2188
19:34:29:915,1.7766,1.418,6.1424,32.6557,-0.2626,-0.1333,-0.627,22.8281
19:34:29:939,1.0859,1.4359,6.6392,31.6248,-0.3017,-0.1935,-0.7354,23.3125
19:34:29:964,0.4371,1.4108,7.7095,32.3652,-0.3412,-0.2622,-0.7213,23.9062
19:34:29:981,0.4023,1.479,8.9652,31.9827,-0.3001,-0.3676,-0.6174,24.7031
19:34:29:997,0.7232,1.8058,10.1336,33.4595,-0.2099,-0.4505,-0.5287,25.5625
19:34:30:024,0.9602,2.171,11.2014,34.1342,-0.1158,-0.4217,-0.537,26.3438
19:34:30:036,0.7076,2.2739,11.7772,32.8718,-0.0368,-0.1604,-0.603,26.9531
19:34:30:056,0.0276,1.8753,11.4348,32.0645,-0.0133,0.2106,-0.6102,27.5312
19:34:30:087,-0.8343,1.3689,11.3534,31.9176,-0.0908,0.4742,-0.4568,28.1875
19:34:30:096,-0.8846,1.1031,11.9484,33.6563,-0.1246,0.4779,-0.1814,29.2031
19:34:30:119,-0.1806,0.6638,12.7109,33.1636,-0.0402,0.2721,0.0529,29.75
19:34:30:135,0.6633,0.2999,13.0306,32.8797,0.0546,0.1168,0.1951,29.9688
19:34:30:158,1.123,0.2963,13.3574,32.1357,0.0565,0.0556,0.2372,29.9219
19:34:30:183,1.2271,0.2484,13.592,33.8849,0.0647,0.0958,0.2231,29.7031
19:34:30:244,0.9817,-0.1047,13.0868,33.2581,0.0985,0.0596,0.1944,29.4219
19:34:30:245,0.9339,-0.6219,13.2424,34.0367,0.0932,-0.1229,0.229,29.2969
19:34:30:245,1.0344,-0.987,14.0912,34.4047,0.1406,-0.0997,0.2892,29.0781
19:34:30:261,0.9506,-1.333,13.5393,33.7816,0.3819,0.2273,0.3517,28.8438
19:34:30:281,0.71,-1.4479,10.5813,35.4658,0.6368,0.4641,0.4396,28.5312
19:34:30:296,0.9446,-1.2743,8.0722,33.9788,0.6306,0.2699,0.5243,28.1875
19:34:30:316,1.0667,-0.9487,7.2067,36.2834,0.4021,-0.1631,0.5384,27.7344
19:34:30:337,1.3816,-0.7009,8.1823,36.6514,0.1534,-0.5253,0.5464,27.1719
19:34:30:361,1.8269,-0.4747,9.3076,37.4838,0.1033,-0.5815,0.4924,26.25
19:34:30:378,1.5935,-0.2723,9.2058,36.1202,0.1957,-0.3612,0.3943,25.625
19:34:30:396,1.1781,-0.0868,8.0542,37.5944,0.2679,-0.0805,0.36,25.0469
19:34:30:417,0.8405,0.0449,6.9289,38.0798,0.2314,0.0758,0.3874,24.6094
19:34:30:436,0.9051,0.1802,6.7063,38.1591,0.1246,0.1022,0.4588,24.2031
19:34:30:463,1.0799,0.3789,7.1875,39.6764,0.0751,0.1174,0.5155,23.75
19:34:30:482,1.269,0.6339,7.4904,38.2272,0.1436,0.1165,0.5179,23.2188
19:34:30:499,1.36,0.7679,7.2881,40.5151,0.2394,0.0899,0.4641,22.6562
19:34:30:517,1.2271,0.8649,6.9493,40.3246,0.2549,0.0532,0.3893,22.0469
19:34:30:536,1.226,1.0241,7.5502,38.5632,0.0977,-0.092,0.2793,21.5156
19:34:30:561,1.5001,1.0576,8.557,40.5283,0.02,-0.1431,0.2197,21.0781
19:34:30:580,1.7227,1.2049,9.5123,40.3276,0.0011,-0.1069,0.1379,20.375
19:34:30:598,1.6138,1.2288,9.7206,42.3002,0.0258,-0.0121,0.0164,20.125
19:34:30:618,1.4115,1.0373,9.7242,41.4511,-0.0314,-0.0054,-0.0784,20.0469
19:34:30:636,1.4785,0.5668,10.3933,42.4481,-0.1728,-0.0787,-0.137,20.0469
19:34:30:664,1.3062,-0.015,11.8167,44.4278,-0.3108,-0.0813,-0.1327,19.9531
19:34:30:684,1.4725,-0.4088,13.1216,43.291,-0.3127,0.013,-0.0267,20.0469
19:34:30:699,1.9454,-0.4902,13.167,41.9783,-0.1798,0.1434,0.1105,20.2031
19:34:30:715,2.5835,-0.2987,12.0178,42.216,-0.0522,0.1655,0.184,20.3594
19:34:30:736,3.0779,-0.0892,10.8243,45.2104,-0.094,0.0446,0.1214,20.4062
19:34:30:756,3.2478,-0.0796,10.8159,44.7273,-0.2879,-0.1461,-0.0533,20.2969
19:34:30:779,2.8887,-0.6159,12.2477,44.4166,-0.4461,-0.2052,-0.232,20.0938
19:34:30:796,2.3285,-1.175,13.2496,45.4557,-0.3545,-0.0134,-0.2797,19.9531
19:34:30:816,2.2411,-1.4479,12.5661,44.6199,-0.0376,0.213,-0.1745,20.0156
19:34:30:835,3.1569,-1.3282,10.3778,45.1806,0.2277,0.2076,-0.0493,20.2969
19:34:30:857,4.3552,-1.0325,9.0035,45.1609,0.2466,-0.0861,-0.0919,20.625
19:34:30:880,4.7167,-0.6841,8.988,45.5414,0.0895,-0.2281,-0.3202,20.8438
19:34:30:898,3.7446,-0.5141,9.0346,47.3145,-0.0149,-0.0297,-0.5838,20.8906
19:34:30:916,2.3141,-0.4531,7.9225,46.2374,0.0021,0.3083,-0.693,21.125
19:34:30:936,1.4737,-0.0473,6.2598,47.3545,-0.0202,0.5365,-0.635,21.6406
19:34:30:963,1.2403,0.5477,5.1429,47.4351,-0.1313,0.4971,-0.5386,22.375
19:34:30:979,1.3744,1.1438,5.3476,45.8198,-0.2474,0.2268,-0.5015,22.7656
19:34:30:995,1.3097,1.4287,6.3196,46.0359,-0.2541,-0.0978,-0.5537,23.5
19:34:31:016,0.9554,1.4455,7.1959,46.8517,-0.1553,-0.3077,-0.6097,24.125
19:34:31:036,0.394,1.394,7.6364,48.3067,-0.0676,-0.3373,-0.6166,24.6719
19:34:31:063,-0.128,1.497,8.2254,47.1406,-0.0514,-0.2379,-0.5135,25.3125
19:34:31:079,0.1282,1.7256,8.8958,48.4845,-0.0155,-0.063,-0.3484,26.3281
19:34:31:097,0.777,2.1698,8.9532,47.6263,0.028,0.0705,-0.2738,27
19:34:31:116,1.2571,2.5313,9.1077,47.6746,-0.0019,0.1349,-0.3314,27.4844
19:34:31:137,1.0847,2.4523,9.5147,49.0149,-0.0735,0.1717,-0.4629,27.8125
19:34:31:163,0.2455,1.8848,10.191,49.683,-0.1542,0.2111,-0.5204,28.1406
19:34:31:179,-0.5817,1.2348,11.108,48.7291,-0.1909,0.2963,-0.3868,28.5938
19:34:31:196,-0.6547,0.7225,11.8742,50.04,-0.1324,0.3176,-0.1055,29.1875
19:34:31:221,-0.1543,0.3945,12.5924,50.4964,-0.0056,0.2191,0.1773,29.7188
19:34:31:236,0.7663,0.3334,12.9587,49.9106,0.1294,0.1616,0.3661,30.0156
19:34:31:257,1.3265,0.3825,12.5266,50.3436,0.1971,0.2026,0.393,29.9688
19:34:31:280,1.2666,0.4136,11.8849,50.3637,0.0961,0.2662,0.3387,29.6406
19:34:31:300,0.9746,0.2053,12.0202,50.6634,-0.1111,0.2598,0.3019,29.2031
19:34:31:315,0.7818,-0.3178,13.0653,49.2554,-0.2141,0.0971,0.3195,28.7812
19:34:31:336,0.4179,-0.8074,14.1104,50.5691,-0.0655,-0.1098,0.4013,28.4219
19:34:31:362,0.3114,-1.1953,14.2229,51.6772,0.3068,-0.1008,0.5706,28.1094
19:34:31:378,0.5867,-1.2755,11.4396,51.4622,0.681,0.1304,0.7443,27.4531
19:34:31:396,1.1039,-0.9451,8.4529,52.2428,0.6826,0.157,0.821,26.7969
19:34:31:416,1.7634,-0.7081,7.3156,52.2587,0.3587,-0.0563,0.7448,25.9844
19:34:31:436,1.6653,-0.6578,8.2589,52.2587,0.0061,-0.3125,0.5608,25.0312
19:34:31:456,1.1745,-0.7057,9.6344,51.2601,-0.1156,-0.4049,0.4505,24.5781
19:34:31:478,0.7878,-0.5728,10.0653,51.1372,-0.0154,-0.3215,0.4463,23.8281
19:34:31:495,0.771,-0.0521,9.2274,51.8718,0.1635,-0.1735,0.5097,23.3125
19:34:31:519,1.3133,0.4268,7.9082,53.8987,0.2767,-0.0904,0.523,22.8125
19:34:31:535,1.621,0.7117,6.9218,52.3746,0.2844,-0.067,0.4356,22.2656
19:34:31:558,1.6844,0.756,6.4525,52.0191,0.2195,-0.0954,0.3272,21.6875
19:34:31:580,1.7,0.8314,6.6093,51.2312,0.1398,-0.1604,0.2399,21.125
19:34:31:597,1.7192,0.8517,6.9002,51.9435,0.119,-0.1684,0.1648,20.6875
19:34:31:615,1.5635,0.8074,6.8882,53.0013,0.1262,-0.1807,0.1105,20.375
19:34:31:637,1.0093,0.7344,7.3024,53.246,0.0647,-0.2678,0.0993,20.1406
19:34:31:663,0.5125,0.7141,8.8766,51.9882,-0.0107,-0.2422,0.2005,19.9375
19:34:31:679,0.637,0.8541,9.5578,53.0936,0.0882,0.0036,0.376,19.8281
19:34:31:696,1.0763,1.3725,9.0203,53.7978,0.1939,0.1757,0.5033,19.5938
19:34:31:715,1.6461,1.9926,9.0083,53.2271,0.188,0.1656,0.5209,19.1719
19:34:31:735,2.1333,2.3433,9.3159,51.8144,0.1563,0.0713,0.3954,18.5781
19:34:31:755,1.8724,2.3517,9.559,52.6243,0.1177,-0.0374,0.2053,18.0156
19:34:31:778,1.6569,1.8968,9.9935,51.2659,0.0077,-0.2238,0.0854,17.5469
19:34:31:798,1.7227,1.151,11.4528,52.8305,-0.1451,-0.3855,0.0492,17.3125
19:34:31:816,1.9813,0.3885,13.3358,51.9003,-0.2019,-0.3522,0.1054,17.2344
19:34:31:836,2.6996,-0.0221,13.9296,51.7556,-0.0703,-0.1309,0.2276,17.1875
19:34:31:855,3.516,0.07,12.5996,52.8096,0.0586,0.0028,0.2652,17.0781
19:34:31:881,4.1098,0.1658,11.5713,51.8658,0.0099,-0.0411,0.1331,16.8438
19:34:31:895,3.7818,0.0569,11.3941,51.6418,-0.1406,-0.0608,-0.1178,16.5312
19:34:31:916,2.6864,-0.3956,12.049,52.0917,-0.208,0.0492,-0.2994,16.4219
19:34:31:937,1.8676,-0.8517,11.709,50.3478,-0.0439,0.2747,-0.2821,16.4062
19:34:31:963,2.7235,-0.161,8.2074,52.3998,0.3409,0.1291,-0.0826,16.8594
19:34:31:979,3.9853,0.2077,7.3587,51.5784,0.2216,-0.3514,-0.2107,17.1719
19:34:32:002,4.8244,0.1359,8.3583,50.6184,-0.1103,-0.7178,-0.5386,17.4062
19:34:32:023,4.4354,-0.4495,9.9037,50.232,-0.4293,-0.5788,-0.9202,17.4062
19:34:32:034,2.8947,-0.8326,10.1491,49.8975,-0.6128,0.0241,-1.1607,17.6406
19:34:32:055,1.4199,-0.8158,8.9868,50.2914,-0.7795,0.7568,-1.1846,18.2812
19:34:32:090,0.6118,-0.3909,7.8112,50.5894,-0.9771,1.3597,-1.0725,19.3125
19:34:32:094,0.1282,0.2053,7.2019,49.534,-1.0256,1.58,-0.9362,20.6719
19:34:32:114,-0.2692,0.6111,7.3659,50.0254,-0.7515,1.1664,-0.7937,22.0625
19:34:32:134,-0.304,0.7847,7.5383,49.9055,-0.2354,0.4228,-0.6485,23.3281
19:34:32:154,-0.4895,1.1331,7.3455,47.5093,0.2155,-0.1604,-0.5111,24.375
19:34:32:182,-0.547,1.3461,7.3383,47.7342,0.4421,-0.3682,-0.3572,25.3125
19:34:32:200,-0.2297,1.5975,7.1648,49.4361,0.4738,-0.2265,-0.2299,26.0625
19:34:32:216,0.2755,2.1458,6.9601,48.6362,0.3446,-0.0201,-0.1945,27.0156
19:34:32:235,0.5903,2.3757,7.3695,47.64,0.118,0.1016,-0.2813,27.1562
19:34:32:303,0.3688,2.3326,8.4816,47.4172,-0.1087,0.1786,-0.3942,27.375
19:34:32:303,0.0061,1.9603,10.0151,47.1183,-0.1939,0.2111,-0.4605,27.8125
19:34:32:303,-0.4955,1.4228,10.9656,47.4848,-0.1273,0.2388,-0.4427,28.0156
19:34:32:317,-1.0809,1.0708,11.272,48.4955,-0.0389,0.2412,-0.3047,28.5156
19:34:32:334,-1.1982,0.9355,11.8777,46.1667,0.0032,0.1642,-0.1018,29.0312
19:34:32:354,-0.9959,0.7955,12.5182,45.9888,0.0634,0.1472,0.0878,29.4688
19:34:32:376,-0.6799,0.7213,12.3518,47.2377,0.0882,0.2276,0.2396,29.7188
19:34:32:396,-0.4368,0.7787,11.9879,46.7617,-0.0192,0.3219,0.3512,29.7188
19:34:32:415,-0.3506,0.9523,12.3398,45.5793,-0.1859,0.3536,0.454,29.6406
19:34:32:435,-0.1076,0.8685,12.7157,46.9371,-0.2495,0.2963,0.528,29.375
19:34:32:457,-0.1507,0.4998,12.7708,45.1161,-0.2405,-0.0219,0.5733,28.9844
19:34:32:481,-0.219,-0.0066,14.0457,45.0356,-0.1883,-0.4361,0.6423,28.4531
19:34:32:498,0.1234,-0.6123,14.9232,44.938,0.0756,-0.3812,0.7315,27.8906
19:34:32:515,0.3461,-0.8027,13.2568,45.0622,0.4669,0.0279,0.7864,27.2188
19:34:32:534,0.3616,-0.6901,10.1372,43.6357,0.6719,0.2449,0.7786,26.4688
19:34:32:555,0.4059,-0.5872,8.053,43.6837,0.6021,0.0646,0.7051,25.2188
19:34:32:580,0.2072,-0.416,7.646,43.3756,0.4019,-0.3381,0.6063,24.3281
19:34:32:596,0.2252,-0.422,8.648,41.6478,0.233,-0.6238,0.5616,23.5
19:34:32:615,0.3353,-0.4172,9.2956,43.805,0.2139,-0.6017,0.5379,22.7969
19:34:32:635,0.1605,-0.1383,9.1077,42.7196,0.2887,-0.4188,0.536,22.1406
19:34:32:657,0.0612,-0.0485,8.3164,43.4613,0.3731,-0.1929,0.5757,21.5156
19:34:32:678,0.036,0.0353,7.1707,42.2718,0.4253,-0.0329,0.6514,20.9531
19:34:32:695,0.2371,0.3549,6.31,43.0756,0.4416,-0.0334,0.7478,20.3281
19:34:32:714,0.7687,0.5537,5.824,41.7444,0.4477,-0.157,0.7853,19.625
19:34:32:735,1.1038,0.8122,5.581,43.5825,0.4211,-0.325,0.7539,18.8125
19:34:32:756,1.4977,1.0205,5.7259,42.1182,0.3473,-0.4427,0.6798,17.9688
19:34:32:780,1.7299,1.169,6.0838,42.8219,0.2107,-0.4302,0.56,17.0938
19:34:32:796,1.7539,1.2791,6.6596,41.9806,0.0426,-0.3282,0.4348,15.9375
19:34:32:816,1.9071,1.3055,7.5694,40.1875,-0.0924,-0.2598,0.3283,15.3125
19:34:32:835,1.8042,1.2815,8.5989,40.4377,-0.1734,-0.2025,0.2258,14.8281
19:34:32:856,1.3911,1.1402,9.5566,41.7133,-0.1806,-0.1194,0.1762,14.4688
19:34:32:879,1.36,1.0445,9.7996,40.0442,-0.1382,-0.0177,0.1898,14.3438
19:34:32:897,1.6868,1.1833,9.6033,41.0932,-0.1747,-0.0137,0.1725,14.1406
19:34:32:914,2.21,1.1474,10.2054,42.3634,-0.3206,-0.1724,0.0697,13.9531
19:34:32:938,2.4913,0.677,11.4839,41.288,-0.4629,-0.2813,-0.08,13.7344
19:34:32:954,2.5224,-0.064,12.6595,42.5817,-0.5121,-0.2542,-0.1716,13.5938
19:34:32:974,2.7032,-0.7129,12.851,41.2797,-0.4898,-0.1314,-0.1418,13.625
19:34:32:995,3.1186,-0.7117,12.432,41.43,-0.4698,-0.0635,-0.0925,13.8125
19:34:33:015,3.3915,-0.5956,11.9412,41.0544,-0.5015,-0.0957,-0.1433,14.0312
19:34:33:035,3.2107,-0.6027,12.0466,40.8426,-0.6019,-0.1761,-0.2632,14.1719
19:34:33:055,2.7391,-0.8661,12.9288,41.7158,-0.6621,-0.1716,-0.3415,14.3125
19:34:33:081,2.0124,-1.0349,13.4687,40.1573,-0.5366,0.0321,-0.3172,14.7344
19:34:33:098,1.7539,-0.9451,12.3111,39.347,-0.2101,0.2841,-0.1663,15.1562
19:34:33:114,2.2064,-0.3573,9.8535,40.0366,0.0722,0.3112,-0.0238,15.5469
19:34:33:135,3.2203,0.2101,7.9836,41.8326,0.1507,0.0164,-0.0363,15.75
19:34:33:156,3.7782,0.4459,7.2953,39.7765,0.0479,-0.3791,-0.2491,15.7812
19:34:33:180,3.4023,0.3502,7.6424,39.2841,-0.1686,-0.5125,-0.5197,15.8125
19:34:33:196,2.4482,0.0521,8.0997,39.6884,-0.3555,-0.3314,-0.7053,16.0938
19:34:33:215,1.4606,-0.1431,8.1715,40.8768,-0.4458,-0.0457,-0.7426,16.6562
19:34:33:235,0.7519,-0.1,7.8615,39.2895,-0.4274,0.2031,-0.651,17.4844
19:34:33:255,0.7136,0.2173,7.3802,40.5534,-0.3515,0.2305,-0.5015,18.3594
19:34:33:280,1.123,0.6818,7.2689,39.9792,-0.2336,0.0646,-0.3972,19.0938
19:34:33:297,1.4737,1.096,7.1612,40.7131,-0.102,-0.1096,-0.3961,19.6875
19:34:33:314,1.53,1.2193,7.0451,39.7285,-0.0759,-0.2081,-0.4707,20.1562
19:34:33:336,1.1685,1.224,8.6887,39.7755,-0.1611,-0.1958,-0.5412,20.5938
19:34:33:356,1.1613,1.2803,9.5937,40.4708,-0.2043,0.0646,-0.5375,21.125
19:34:33:381,1.2918,1.4802,9.9648,40.2698,-0.0911,0.132,-0.4994,21.125
19:34:33:396,1.3768,1.5796,10.1922,40.4797,-0.0077,0.1283,-0.492,22.4219
19:34:33:414,1.2702,1.5281,11.0027,41.4861,0.0325,0.1408,-0.5026,23.0156
19:34:33:435,0.868,1.2995,11.4851,40.9428,0.1137,0.2691,-0.4816,24.1562
19:34:33:454,0.3054,0.9403,11.3067,40.863,0.1928,0.364,-0.3881,24.1562
19:34:33:480,0.1725,0.6028,11.4875,40.3435,0.2325,0.2777,-0.1955,24.7188
19:34:33:497,0.5735,0.3693,12.0908,40.5966,0.3071,0.0593,0.0079,25.2656
19:34:33:516,1.1685,0.1838,12.4069,41.626,0.3958,-0.0696,0.1358,25.7188
19:34:33:533,1.3121,0.2257,12.0944,40.4412,0.3819,-0.0009,0.1965,25.9219
19:34:33:554,1.2439,0.4615,12.007,40.4412,0.2314,0.1943,0.254,25.9062
19:34:33:580,1.3313,0.4555,11.77,41.381,0.0517,0.4867,0.2926,25.7344
19:34:33:597,1.1888,0.3047,11.3091,41.3122,-0.0943,0.5909,0.299,25.4844
19:34:33:614,1.0548,0.1478,11.8371,42.1906,-0.1422,0.2926,0.3155,25.2031
19:34:33:634,0.8572,-0.3681,13.0964,41.2245,-0.0045,-0.0206,0.34,24.5469
19:34:33:653,0.4466,-0.8996,12.6283,42.9891,0.3337,-0.0811,0.4007,24.2031
19:34:33:674,0.2575,-1.242,10.5047,41.3956,0.575,-0.0837,0.5201,24.0156
19:34:33:696,0.5544,-1.066,8.8228,42.1273,0.5385,-0.1769,0.6505,23.5938
19:34:33:715,1.1529,-0.6207,8.4038,42.9899,0.3127,-0.312,0.683,23.0625
19:34:33:734,1.4666,-0.173,9.0921,41.7781,0.0956,-0.3415,0.6199,22.4062
19:34:33:755,1.6713,0.1191,9.6739,42.3809,0.0818,-0.2281,0.5446,21.6094
19:34:33:779,1.6018,0.3142,9.0107,42.1048,0.2495,-0.0899,0.4553,20.8438
19:34:33:797,1.3672,0.5381,7.6735,43.7051,0.4104,-0.019,0.4085,20.2031
19:34:33:814,1.5216,0.6494,6.5662,44.7098,0.486,-0.0528,0.3792,19.6406
19:34:33:834,1.6402,0.6949,5.9018,44.357,0.4565,-0.1743,0.3163,19.125
19:34:33:854,1.6389,0.7691,6.0167,41.9082,0.3422,-0.2733,0.2497,18.8906
19:34:33:877,1.4247,0.7787,6.7793,44.0611,0.2312,-0.2464,0.1914,18.4531
19:34:33:895,1.1218,0.7751,7.2103,44.1729,0.2186,-0.1018,0.1895,18.0781
19:34:33:914,1.0643,0.9427,6.8966,42.7873,0.2293,-0.0353,0.246,17.7812
19:34:33:934,1.2846,1.1905,7.0546,43.2407,0.1539,-0.1359,0.3022,17.5625
19:34:33:954,1.6749,1.3485,8.2637,42.1493,0.0698,-0.2598,0.3347,17.3438
19:34:33:981,2.0627,1.5114,9.4764,44.509,0.0581,-0.2438,0.3216,16.875
19:34:33:996,2.2638,1.4958,10.1898,43.6775,0.0751,-0.1104,0.2655,16.5312
19:34:34:015,2.1693,1.3904,10.3503,45.224,0.0762,0.0417,0.2045,16.1562
19:34:34:034,2.1573,1.2983,10.3203,45.224,0.0296,0.0782,0.1709,15.8125
19:34:34:055,2.1944,1.1426,10.6232,44.3563,-0.0642,-0.0318,0.1376,15.5469
19:34:34:079,2.3237,0.7308,11.861,44.7208,-0.1558,-0.1626,0.1461,15.3281
19:34:34:099,2.7068,0.349,13.009,45.367,-0.1129,-0.121,0.233,15.1562
19:34:34:115,3.1688,-0.0724,12.6858,46.7383,0.0448,-0.0608,0.3443,15.0156
19:34:34:134,3.9266,-0.3454,11.618,45.2721,0.1454,-0.1594,0.4239,14.8438
19:34:34:155,4.664,0.0293,10.9775,46.9259,0.0658,-0.3327,0.3675,14.5156
19:34:34:181,5.004,0.3645,11.1583,46.41,-0.1747,-0.4201,0.1323,14.0469
19:34:34:197,4.7311,-0.0162,12.3686,47.2088,-0.4093,-0.3032,-0.1607,13.5938
19:34:34:216,3.9613,-0.7033,13.2365,47.949,-0.3691,0.0683,-0.3316,13.3125
19:34:34:233,3.024,-0.9511,12.0034,46.3033,-0.0775,0.4202,-0.3053,13.3594
19:34:34:254,3.2814,-0.6997,9.9732,46.6735,0.1603,0.3831,-0.1599,13.9062
19:34:34:280,4.2833,-0.1981,8.727,47.9046,0.1862,0.0625,-0.1497,14.25
19:34:34:297,4.7263,0.2364,8.8048,46.8916,0.0562,-0.1285,-0.3441,14.4062
19:34:34:314,4.0942,0.3226,8.6719,47.2803,-0.0447,0.1088,-0.6067,14.5625
19:34:34:376,2.7403,0.3262,7.5167,47.9673,-0.0807,0.4646,-0.7636,14.9531
19:34:34:377,1.797,0.501,6.2298,49.6503,-0.1153,0.6542,-0.7436,15.2656
19:34:34:387,1.5396,0.8793,5.6085,46.6257,-0.1377,0.5967,-0.6592,16.0625
19:34:34:401,1.7108,1.2552,5.5954,48.3758,-0.1196,0.3733,-0.6123,16.9375
19:34:34:416,1.8879,1.5592,5.909,49.3767,-0.0618,0.1693,-0.6475,17.6875
19:34:34:434,1.1745,1.6478,6.2598,47.9451,-0.0043,0.0385,-0.7063,18.4062
19:34:34:454,0.2,1.5197,7.0822,48.9311,0.0708,-0.1173,-0.6208,19.1094
19:34:34:479,0.3521,1.5748,7.8926,47.962,0.2208,-0.2409,-0.4046,19.8594
19:34:34:497,1.0548,2.4487,7.7873,48.9568,0.3095,-0.251,-0.2552,20.6406
19:34:34:515,1.7443,3.2388,8.0339,48.512,0.1686,-0.2821,-0.2941,21.4375
19:34:34:538,1.876,3.2938,9.3734,49.4717,-0.0996,-0.1335,-0.4589,21.7031
19:34:34:553,1.0895,2.9742,10.883,50.412,-0.2836,0.1954,-0.5836,22.0312
19:34:34:575,0.0276,2.5073,11.849,48.5938,-0.2844,0.4697,-0.5372,22.5781
19:34:34:596,-0.5027,2.1255,12.2333,48.9903,-0.1377,0.5182,-0.3095,23.2188
19:34:34:615,-0.1088,2.0704,11.9927,49.0419,0.0551,0.3794,-0.0421,23.8281
19:34:34:638,0.8525,2.0453,11.703,49.3942,0.1377,0.1895,0.0932,24.2188
19:34:34:663,1.433,1.7723,12.6008,51.1336,-0.0831,0.2156,0.0841,24.1094
19:34:34:676,1.4833,1.6011,13.2305,49.9448,-0.1949,0.3331,0.0737,23.9844
19:34:34:695,1.3289,1.1654,13.6722,49.9766,-0.1992,0.3208,0.0532,23.8906
19:34:34:715,0.5867,0.6171,13.9655,49.9881,-0.0652,0.1472,0.067,23.8125
19:34:34:738,-0.0059,-0.0616,13.7381,50.7192,0.1963,0.0412,0.1978,23.8125
19:34:34:762,-0.0562,-0.5477,11.9627,49.3861,0.4871,0.1416,0.4021,23.6719
19:34:34:776,0.194,-0.5429,9.055,49.8365,0.6067,0.1959,0.5517,23.4531
19:34:34:797,0.6478,-0.3741,7.2258,48.3095,0.4202,0.0004,0.5885,23.4531
19:34:34:816,0.9518,-0.2616,7.1756,49.3902,0.0967,-0.288,0.5142,22.3281
19:34:34:836,0.886,0.0078,7.7669,48.7674,-0.1814,-0.4667,0.4239,21.6562
19:34:34:853,0.7998,0.1035,8.6935,49.7313,-0.3598,-0.4971,0.3866,21.6562
19:34:34:874,0.6178,0.1658,9.5793,48.1224,-0.3585,-0.378,0.3864,21.1094
19:34:34:894,0.2695,0.1574,9.5039,49.9278,-0.1563,-0.1876,0.4519,20.6406
19:34:34:915,0.1557,0.3047,8.3248,49.2484,0.0871,-0.0129,0.5981,20.2344
19:34:34:933,0.9865,0.6351,6.9493,47.6401,0.188,-0.0028,0.7291,19.8281
19:34:34:953,1.6545,1.0289,7.0415,47.4883,0.1254,-0.1003,0.7043,19.3281
19:34:34:975,1.4007,1.3174,8.2661,47.7025,0.1116,-0.1008,0.6034,18.6406
19:34:34:999,0.9961,1.1893,8.7749,48.6009,0.2666,0.0545,0.5653,17.8281
19:34:35:016,0.7914,1.2935,7.6628,48.4326,0.4384,0.2255,0.5978,17.0312
19:34:35:033,1.1314,1.6801,6.5949,48.4986,0.4184,0.2052,0.6282,16.3281
19:34:35:053,1.9251,2.165,6.9828,47.6063,0.2381,0.0393,0.5675,15.3594
19:34:35:074,2.2973,2.3721,8.4433,47.443,0.0802,-0.1333,0.3845,14.625
19:34:35:097,1.9574,2.0261,9.9001,48.796,0.0527,-0.2089,0.2023,13.9062
19:34:35:115,1.2188,1.6203,10.6962,47.7346,0.13,-0.1274,0.1528,13.3438
19:34:35:133,0.9674,1.3845,10.6483,48.0216,0.2282,-0.064,0.2298,13.0469
19:34:35:153,1.3935,1.2193,10.3347,46.3581,0.2277,-0.1391,0.3193,12.875
19:34:35:175,2.0759,1.1522,10.8387,47.6049,0.1207,-0.3045,0.3448,12.6719
19:34:35:197,2.7546,0.8278,12.0765,46.6254,0.0219,-0.3583,0.3145,12.3594
19:34:35:217,3.1174,0.2197,12.4057,45.8892,0.0301,-0.2236,0.2924,11.9688
19:34:35:234,3.5974,-0.0569,11.5282,46.3469,0.0466,-0.0699,0.3278,11.5938
19:34:35:255,4.3133,0.1107,10.5286,46.6254,-0.0389,-0.0028,0.2934,11.2812
19:34:35:279,4.4952,0.3346,10.0953,44.9786,-0.2376,-0.0174,0.1025,10.9375
19:34:35:297,4.0834,0.3154,10.8076,45.8416,-0.4386,-0.0861,-0.1575,10.75
19:34:35:315,3.4394,-0.3537,12.0453,45.1876,-0.4759,-0.0454,-0.3481,10.4219
19:34:35:333,2.6577,-0.7512,12.0753,47.3007,-0.3297,0.1887,-0.3814,10.3125
19:34:35:354,2.5368,-0.72,10.6567,45.2657,-0.1542,0.3786,-0.3106,10.5312
19:34:35:377,2.9893,-0.428,9.0586,45.1125,-0.1305,0.3448,-0.2826,10.9531
19:34:35:397,3.5543,-0.1969,8.6635,43.4546,-0.2573,0.1219,-0.366,11.5781
19:34:35:414,3.4322,-0.1371,9.5278,44.6243,-0.3249,-0.0398,-0.5213,11.8906
19:34:35:434,2.6026,0.0174,9.4034,44.9785,-0.2274,0.0907,-0.6304,12.25
19:34:35:455,1.8245,0.313,7.9022,46.3158,-0.1302,0.3102,-0.6467,12.7344
19:34:35:481,1.3301,0.6758,6.7099,44.2247,-0.1326,0.3677,-0.6126,13.4219
19:34:35:498,1.0416,1.0361,6.4094,44.6477,-0.1739,0.2921,-0.5708,14.1719
19:34:35:519,0.9219,1.2731,6.802,43.7435,-0.1649,0.1586,-0.5324,14.8906
19:34:35:538,0.7986,1.4228,7.1576,43.5865,-0.0938,0.1086,-0.5013,15.5312
19:34:35:552,0.5149,1.5616,7.0642,43.1448,-0.0256,0.116,-0.4592,16.1562
19:34:35:573,0.1964,1.9423,6.984,44.0763,-0.0181,0.1421,-0.3623,16.75
19:34:35:597,0.473,2.3996,6.8691,42.4761,-0.0578,0.1253,-0.2635,17.2812
19:34:35:614,0.8357,2.6606,7.4437,42.651,-0.1694,0.0367,-0.2549,17.75
19:34:35:633,0.941,2.5337,8.7342,42.3577,-0.2722,-0.0211,-0.2989,18.1094
19:34:35:658,0.5149,2.323,10.1001,42.3577,-0.2964,0.0114,-0.3383,18.5312
19:34:35:683,-0.11,1.8166,11.1164,43.792,-0.2019,0.0819,-0.293,18.875
19:34:35:701,-0.511,1.5904,11.5007,43.1069,-0.0554,0.152,-0.1351,19.2656
19:34:35:715,-0.7684,1.6694,11.5569,43.1734,0.0426,0.185,0.0649,19.5938
19:34:35:733,-0.6619,1.6682,11.9484,41.2082,0.0948,0.1618,0.2505,19.75
19:34:35:758,-0.2238,1.4671,12.3626,42.0383,0.188,0.1256,0.3973,19.7344
19:34:35:782,0.1366,1.3593,11.861,42.8071,0.2884,0.1682,0.4737,19.5469
19:34:35:798,0.4622,1.2791,10.962,44.3035,0.228,0.1999,0.4886,19.1875
19:34:35:817,0.6837,1.2851,11.2074,42.2273,-0.0408,0.2209,0.4718,18.6719
19:34:35:833,0.8979,1.1594,12.3147,43.3678,-0.2634,0.2681,0.4298,18.1094
19:34:35:854,0.7794,0.6231,12.924,41.7826,-0.3135,0.2146,0.3664,17.5469
19:34:35:873,0.115,-0.1754,13.4376,41.4582,-0.216,0.0313,0.3632,17.0625
19:34:35:897,-0.6236,-1.1259,13.525,42.1053,0.0615,-0.0472,0.5054,16.5938
19:34:35:914,-0.8534,-1.5544,11.7042,41.8319,0.453,0.0015,0.781,16
19:34:35:933,-0.7289,-1.1702,9.1603,41.9681,0.735,-0.227,1.0242,15.4219
19:34:35:953,-0.1806,-0.9774,7.6053,43.2381,0.7398,-0.6039,1.1012,14.5312
19:34:35:973,0.3509,-0.981,7.1169,41.3311,0.4975,-0.7296,1.0982,13.3594
19:34:35:994,0.8608,-0.5776,7.494,43.6591,0.1563,-0.6542,1.0633,12.1562
19:34:36:015,1.2655,-0.0772,8.4636,44.0045,-0.1281,-0.439,0.9709,10.9219
19:34:36:033,1.4821,0.3358,8.9101,42.2713,-0.2581,-0.108,0.858,9.7188
19:34:36:054,1.4869,0.4603,8.7832,41.1366,-0.2503,0.1829,0.7542,8.6719
19:34:36:073,1.1565,0.5956,7.9225,42.7188,-0.1553,0.3624,0.7254,7.7031
19:34:36:097,1.2116,0.7967,6.9122,43.7214,-0.0839,0.3845,0.7691,6.8438
19:34:36:114,1.2283,0.8158,6.5518,43.1568,-0.1073,0.2239,0.7997,6.0156
19:34:36:135,1.5827,1.1833,8.3283,43.3879,-0.1396,0.0518,0.8572,5.1719
19:34:36:153,1.597,1.4072,8.1081,43.6147,-0.0349,0.0172,0.8599,4.25
19:34:36:173,1.7215,1.7663,7.5778,43.2967,0.1065,0.0942,0.8311,3.2812
19:34:36:201,2.0196,2.0943,7.8878,43.357,0.017,0.0731,0.7169,2.8281
19:34:36:218,2.3333,2.2871,9.055,43.7982,-0.0517,-0.1447,0.6143,2.8281
19:34:36:232,2.4039,2.256,10.5238,44.9429,-0.0272,-0.3229,0.4971,1.3906
19:34:36:252,2.3273,2.0919,11.3031,42.7849,0.0876,-0.288,0.4077,0.4688
19:34:36:273,2.2135,2.0177,10.6531,44.655,0.1625,-0.1508,0.3438,358.9844
19:34:36:297,2.3823,1.9507,10.4676,43.2176,0.0772,-0.2185,0.2841,358.4375
19:34:36:313,2.7187,1.5544,11.5126,43.6292,-0.0439,-0.3468,0.1885,357.9688
19:34:36:332,2.6122,0.9319,12.3841,43.8886,-0.0839,-0.3514,0.0676,357.5938
19:34:36:352,2.4949,0.1179,12.1004,44.5969,-0.1148,-0.2664,-0.0046,357.2656
19:34:36:372,3.1904,-0.3681,11.102,44.2064,-0.2581,-0.2158,-0.0387,357.0625
19:34:36:397,3.8871,-0.6303,10.7034,45.53,-0.5249,-0.2755,-0.2081,357
19:34:36:453,3.3424,-1.0959,11.3115,44.0451,-0.7944,-0.2707,-0.4451,357.0156
19:34:36:454,2.1238,-1.4275,12.5733,44.0668,-0.893,-0.0654,-0.5074,357.0781
19:34:36:454,1.372,-1.5101,13.4364,45.7542,-0.6831,0.2574,-0.3577,357.5781
19:34:36:475,1.5791,-1.4515,12.42,44.3956,-0.1923,0.4753,-0.1236,358.2188
19:34:36:497,2.2554,-1.3282,9.7361,43.9494,0.2732,0.2976,0.0244,358.7969
19:34:36:514,2.6062,-0.993,7.6795,43.6891,0.4325,-0.1988,0.0394,359.0938
19:34:36:533,3.0013,-0.8493,7.239,44.5404,0.2301,-0.5455,-0.0355,359.125
19:34:36:553,3.2526,-0.8158,8.1751,43.7921,-0.1561,-0.3775,-0.1638,359.0625
19:34:36:574,2.7223,-0.8278,8.6887,45.8229,-0.4312,0.1621,-0.3132,359.0312
19:34:36:597,1.6054,-0.75,8.053,45.9524,-0.5028,0.568,-0.3718,359.125
19:34:36:614,0.7351,-0.586,7.1696,45.3794,-0.4338,0.5333,-0.2928,359.25
19:34:36:634,0.4766,-0.2269,6.8882,46.1666,-0.2916,0.1975,-0.1367,359.6406
19:34:36:653,0.6322,0.1814,7.0846,45.4069,-0.1449,-0.0989,0.0021,0.0938
19:34:36:673,0.868,0.5154,7.1289,45.6559,-0.0714,-0.1293,0.1078,0.4375
19:34:36:697,1.2906,1.09,7.2474,45.4086,-0.0807,-0.011,0.1832,0.625
19:34:36:714,1.8137,1.8717,7.2809,45.5913,-0.0778,0.05,0.2327,0.625
19:34:36:733,3.3125,2.8581,7.1767,45.6403,-0.0256,-0.1729,0.2335,0.5
19:34:36:753,4.8939,3.5632,7.7765,46.4737,0.0256,-0.6132,0.0069,0.1719
19:34:36:773,5.2039,3.5428,9.2202,45.8248,0.0682,-0.8947,-0.3945,359.8906
19:34:36:797,4.5024,3.0197,10.719,46.2452,0.0959,-0.7309,-0.7351,359.7188
19:34:36:817,3.4358,2.1291,11.5881,47.2231,0.078,-0.2414,-0.9327,359.9062
19:34:36:834,2.1525,1.1319,12.0621,47.1127,0.0578,0.267,-0.9713,0.5469
19:34:36:853,1.0883,0.3669,12.2453,47.0865,0.0666,0.5733,-0.844,1.4375
19:34:36:873,0.2683,-0.1395,12.6631,47.4574,0.1494,0.5552,-0.6387,2.5625
19:34:36:899,-0.134,-0.5884,13.1215,44.6748,0.3167,0.3914,-0.4027,3.625
19:34:36:914,-0.0466,-0.9427,12.766,47.4494,0.4535,0.3613,-0.1521,4.4375
19:34:36:932,0.4287,-1.1331,12.0896,46.6932,0.4189,0.381,0.0303,5.0312
19:34:36:953,0.6046,-1.2504,12.0765,46.8667,0.217,0.3805,0.0955,5.3281
19:34:36:976,0.3197,-1.4203,13.0509,47.2439,-0.0075,0.3842,0.1275,5.3594
19:34:36:997,-0.1064,-1.8597,14.1834,47.7707,-0.0266,0.4084,0.2356,5.1875
19:34:37:017,-0.298,-2.068,13.8625,48.878,0.2195,0.4313,0.429,5.0469
19:34:37:032,-0.4883,-1.9746,11.9987,48.025,0.5167,0.4116,0.6146,4.7812
19:34:37:054,-0.4895,-1.8417,9.8846,48.7673,0.6738,0.3448,0.7864,4.3125
19:34:37:074,-0.4321,-1.4647,8.1644,47.6271,0.6386,0.2441,0.9291,3.5781
19:34:37:096,-0.5374,-1.0481,7.4006,46.345,0.4653,0.1205,1.0492,3.1406
19:34:37:112,-0.5697,-0.4076,7.4964,47.0674,0.2767,0.0606,1.1936,2.1875
19:34:37:132,0.0911,0.3106,7.6532,47.5273,0.1824,0.0217,1.3326,1.0312
19:34:37:152,1.0583,0.999,7.719,48.3551,0.1326,-0.0614,1.3297,359.75
19:34:37:173,1.8592,1.4527,8.1584,48.762,0.0919,-0.1506,1.1507,358.2969
19:34:37:196,1.8245,1.4551,8.7725,48.9847,0.0914,-0.1199,0.8633,356.8125
19:34:37:214,0.9027,0.8853,8.739,49.7754,0.1265,0.088,0.6508,355.375
19:34:37:239,0.0097,0.4256,8.2841,49.6152,0.1353,0.36,0.6492,354.2188
19:34:37:263,0.2096,0.4399,8.1356,49.3079,0.1278,0.3709,0.9624,352.6875
19:34:37:277,1.0919,0.7775,8.6623,47.3811,0.2306,0.2817,1.0463,351.3594
19:34:37:297,1.554,1.0876,8.2158,49.1265,0.4024,0.2598,0.9922,350.2969
19:34:37:323,1.5312,1.1211,7.4521,49.7587,0.4498,0.2119,0.8852,349.0938
19:34:37:347,1.2283,1.1522,7.2869,48.9914,0.3388,0.1102,0.8244,347.9375
19:34:37:365,1.0572,1.2803,8.3212,48.4296,0.1689,-0.0219,0.8237,346.9062
19:34:37:377,1.1302,1.2887,9.8319,49.7576,0.1025,-0.0363,0.8527,346
19:34:37:397,1.5276,1.4,10.5526,48.7857,0.1864,0.0185,0.8948,345.0625
19:34:37:415,2.0843,1.5748,10.1934,48.8936,0.3081,-0.0097,0.8583,344.0781
19:34:37:434,2.2698,1.5628,9.9684,49.7204,0.3015,-0.1293,0.7565,343.1094
19:34:37:455,2.2483,1.1786,10.3826,51.7898,0.1782,-0.2475,0.6631,342.125
19:34:37:476,2.0723,0.7416,11.3534,49.9514,0.0365,-0.2254,0.6521,341.25
19:34:37:497,2.2567,0.258,11.8059,49.1048,-0.0085,-0.0784,0.7177,340.5469
19:34:37:515,2.4697,0.0856,11.0889,51.6524,-0.0229,0.0393,0.7542,339.8125
19:34:37:534,2.453,0.0377,10.2892,49.8064,-0.1489,0.0526,0.7347,339
19:34:37:563,2.4111,0.0964,10.13,49.6377,-0.3449,-0.0217,0.6836,338.5625
19:34:37:573,2.3069,-0.0341,11.2086,52.2287,-0.4868,-0.1745,0.5978,338.5625
19:34:37:599,1.87,-0.4184,12.5661,49.8404,-0.4029,-0.2345,0.5446,337.3281
19:34:37:615,1.6689,-0.6087,12.5074,51.6487,-0.1108,-0.1447,0.5917,336.5625
19:34:37:635,2.0819,-0.2556,10.4472,50.1377,0.1526,-0.067,0.6431,335.3281
19:34:37:658,2.9115,0.2029,8.7138,51.137,0.1337,-0.1602,0.5746,335.3281
19:34:37:671,3.5555,0.3837,8.6659,51.759,-0.0985,-0.297,0.3667,334.6562
19:34:37:693,3.4944,0.2891,9.5949,50.7189,-0.2788,-0.2435,0.0993,333.9219
19:34:37:717,2.8803,0.2927,9.4512,51.2094,-0.3097,0.1014,-0.1175,333.2969
19:34:37:734,2.095,0.4112,8.2098,51.8518,-0.2783,0.4329,-0.252,332.8906
19:34:37:752,1.366,0.4986,6.8463,50.7208,-0.2786,0.5669,-0.3037,332.7969
19:34:37:772,0.9374,0.7093,6.0946,51.2864,-0.3148,0.4958,-0.3031,332.9531
19:34:37:798,0.6035,0.8649,6.2071,51.2864,-0.3441,0.3163,-0.2983,333.2188
19:34:37:817,0.2383,0.8338,6.7087,52.2361,-0.3374,0.1331,-0.2659,333.5625
19:34:37:833,-0.1747,0.7608,7.6125,52.4591,-0.3443,0.0715,-0.1633,333.9062
19:34:37:851,-0.3878,0.8158,8.8575,50.555,-0.326,0.0952,0.0066,334.5312
19:34:37:871,-0.037,1.0181,9.6655,51.9043,-0.2104,0.1488,0.181,334.7188
19:34:37:891,0.3904,1.2216,9.7194,51.1457,-0.0852,0.1709,0.2894,334.75
19:34:37:915,0.5975,1.3928,9.9061,52.0726,-0.0485,0.161,0.3355,334.5156
19:34:37:934,0.6166,1.4359,10.3383,51.3298,-0.0285,0.2108,0.3493,334.3594
19:34:37:952,0.3856,1.2743,10.622,51.1984,0.0096,0.3216,0.3763,334
19:34:37:971,0.0827,1.2372,10.5538,51.4384,0.0583,0.4798,0.4625,333.6094
19:34:37:992,-0.0909,1.1797,10.4364,51.6427,0.118,0.519,0.5834,333.2031
19:34:38:012,-0.1256,1.1235,10.4736,51.4274,0.2011,0.4287,0.7222,332.7344
19:34:38:034,-0.0286,1.1091,10.5897,52.687,0.3127,0.2548,0.8665,332.1406
19:34:38:053,0.0624,1.0995,10.5214,52.6356,0.4032,0.0433,0.9837,331.4219
19:34:38:072,0.3473,0.8434,10.6615,51.991,0.3875,-0.0725,1.0809,330.5
19:34:38:097,0.7244,0.6387,10.9632,53.1073,0.2706,-0.0893,1.1347,329.9844
19:34:38:114,0.8129,0.3813,11.3271,53.0079,0.0437,-0.097,1.1203,328.8594
19:34:38:131,0.5484,-0.2256,12.614,52.8722,-0.2647,-0.154,1.1177,327.6875
19:34:38:152,0.528,-0.7919,14.6371,54.6095,-0.3766,-0.1136,1.1829,326.3906
19:34:38:173,0.5987,-1.1091,15.2943,54.0279,-0.0115,0.0878,1.2351,325.1094
19:34:38:197,0.4538,-0.9954,12.4153,52.2771,0.5441,0.3498,1.2588,323.2344
19:34:38:215,0.3257,-0.5644,8.4253,53.9788,0.722,0.4231,1.2532,321.8438
19:34:38:231,0.3796,-0.1035,6.1269,54.1464,0.4272,0.1807,1.1786,320.4219
19:34:38:253,0.4275,0.1419,6.4561,53.7228,-0.0578,-0.2339,1.0247,319.0312
19:34:38:272,0.358,-0.0736,8.5199,52.5656,-0.3822,-0.566,0.8476,317.625
19:34:38:297,0.1426,-0.4399,10.021,53.6274,-0.4274,-0.6206,0.7552,316.3594
19:34:38:318,-0.383,-0.4639,10.4412,52.004,-0.3132,-0.4987,0.7539,315.3438
19:34:38:332,-0.608,-0.483,10.1827,53.9835,-0.1611,-0.3224,0.8559,314.4688
19:34:38:352,-0.3554,-0.3597,9.4237,54.0201,-0.0037,-0.1098,1.0077,313.6406
19:34:38:372,0.1821,0.0557,8.2254,53.5619,0.1033,0.0481,1.1299,312.7969
19:34:38:398,0.7268,0.4328,7.4221,55.1755,0.1396,0.0473,1.172,311.7344
19:34:38:417,1.0572,0.7165,7.1193,56.6014,0.1499,-0.0547,1.14,310.5
19:34:38:432,1.3588,0.975,7.2378,53.7929,0.171,-0.1583,1.0708,309.1719
19:34:38:451,1.4378,1.0732,7.2976,54.8853,0.1891,-0.1724,0.9632,307.9062
19:34:38:520,1.3145,1.151,7.4521,54.2723,0.1555,-0.1785,0.875,306.0312
19:34:38:520,1.3253,1.1869,8.223,54.6432,0.1116,-0.2792,0.826,304.9219
19:34:38:521,1.3624,1.2097,9.4369,55.5719,0.1305,-0.4182,0.7981,303.9844
19:34:38:536,1.5791,1.2169,10.6603,54.9884,0.2365,-0.4454,0.7938,303.0469
19:34:38:559,1.7359,1.3785,10.7369,55.9569,0.383,-0.227,0.7725,302.1406
19:34:38:571,1.8855,1.649,9.8211,55.1309,0.4221,0.062,0.7174,301.6875
19:34:38:591,2.0974,1.8597,8.7916,54.9724,0.2448,0.2196,0.5909,300.8281
19:34:38:616,2.1609,1.722,9.1412,56.4305,-0.1401,0.2047,0.4093,299.9531
19:34:38:634,1.8065,0.9858,11.1571,56.8525,-0.4834,0.1602,0.246,299.1719
19:34:38:652,1.0979,0.185,13.3226,56.0224,-0.5231,0.1709,0.2236,298.6094
19:34:38:672,0.965,-0.5944,13.9284,56.1305,-0.2232,0.144,0.3752,298.25
19:34:38:698,1.7227,-0.7991,12.7995,58.36,0.1049,-0.0544,0.5821,298.0312
19:34:38:715,3.1389,-0.6817,11.7281,56.8288,0.1886,-0.3431,0.6484,297.7344
19:34:38:732,3.8871,-0.6913,11.8059,58.1116,0.0655,-0.459,0.494,297.1875
19:34:38:752,3.4154,-0.8206,12.6786,56.6816,-0.0589,-0.2422,0.2822,296.0781
19:34:38:772,2.5009,-1.1019,12.5445,56.1694,0.0794,0.234,0.2023,295.5469
19:34:38:792,2.0352,-0.9858,10.3191,56.023,0.3745,0.6148,0.2551,295.2344
19:34:38:815,2.4111,-0.6123,7.2234,55.6451,0.5182,0.6063,0.3137,295
19:34:38:832,3.0216,0.015,5.496,55.2498,0.3326,0.0502,0.2386,294.6875
19:34:38:858,3.5771,0.0928,6.7997,55.9769,-0.0796,-0.6664,0.0154,294.2812
19:34:38:871,3.6237,-0.483,9.7014,56.7395,-0.404,-0.871,-0.2613,294
19:34:38:893,2.7463,-0.8924,11.6479,56.4596,-0.4426,-0.4214,-0.464,294.0156
19:34:38:917,1.2104,-0.8948,10.9045,55.6921,-0.269,0.3331,-0.5034,294.3438
19:34:38:936,0.291,-0.0736,6.9876,57.0051,-0.3212,1.2718,-0.1924,294.9219
19:34:38:952,0.5639,0.3286,6.8044,56.3715,-0.551,1.4601,-0.0941,294.9219
19:34:38:973,0.3736,0.7572,7.2785,55.6438,-0.6543,1.471,-0.0643,295.875
19:34:38:999,0.0743,1.0325,7.7549,55.6824,-0.5119,1.1826,-0.0227,296.1562
19:34:39:015,0.0408,1.1774,7.8315,55.7279,-0.1947,0.674,0.0652,296.1562
19:34:39:031,0.3616,1.4419,7.3946,56.3891,0.0977,0.1557,0.1432,296.2031
19:34:39:052,0.8249,1.746,7.1516,56.5432,0.1734,-0.2028,0.1611,296.2031
19:34:39:071,1.39,1.9375,7.9297,56.389,0.0426,-0.3594,0.09,296.125
19:34:39:092,1.6856,1.831,9.4584,55.8468,-0.1414,-0.296,-0.065,295.9531
19:34:39:116,1.0583,1.4922,11.3103,55.7986,-0.2096,-0.0502,-0.2144,295.7812
19:34:39:133,0.1366,0.9822,12.189,55.3172,-0.0549,0.222,-0.215,295.6875
19:34:39:151,-0.3411,0.6387,11.8646,56.2311,0.1992,0.3363,-0.0661,295.7656
19:34:39:172,-0.2501,0.6614,11.2229,55.2718,0.3792,0.2439,0.1286,296
19:34:39:191,0.1569,0.6602,10.9069,58.0553,0.4519,0.0334,0.2732,296.2344
19:34:39:215,0.3712,0.4148,11.12,56.8063,0.4834,-0.1895,0.3352,296.3125
19:34:39:232,0.1569,-0.0652,11.2469,55.069,0.4959,-0.2635,0.3733,296.1719
19:34:39:258,-0.8953,-0.4926,11.1044,55.3147,0.4202,-0.0968,0.475,295.8906
19:34:39:270,-1.7369,-0.3513,10.9931,55.5833,0.2314,0.1568,0.7432,295.5156
19:34:39:292,-1.2556,-0.0485,10.9859,57.2627,0.0232,0.3131,1.0098,294.6094
19:34:39:317,-0.3578,0.0772,11.3283,55.5833,-0.204,0.1884,1.099,294.2188
19:34:39:337,0.4981,0.0796,13.3478,55.3633,-0.2674,-0.1341,1.0556,293.2031
19:34:39:352,0.8022,-0.4555,13.9918,54.2565,0.0863,-0.2084,0.8945,291.9531
19:34:39:371,0.3174,-0.8146,11.4432,53.963,0.5252,-0.0273,0.7483,290.75
19:34:39:392,0.0085,-0.9774,8.0925,56.2878,0.5579,0.1946,0.7025,289.6406
19:34:39:416,0.1665,-0.8577,6.237,55.71,0.1883,0.2492,0.6908,288.7188
19:34:39:432,0.3557,-0.6674,6.3771,53.7594,-0.2541,0.0777,0.6314,287.9531
19:34:39:451,0.2443,-0.7524,7.4401,53.7485,-0.4677,-0.2108,0.5635,287.1406
19:34:39:472,0.1138,-0.5944,8.3367,53.3804,-0.4471,-0.4917,0.5762,286.3594
19:34:39:492,0.2575,-0.2017,9.073,53.6659,-0.3137,-0.6635,0.6319,285.6875
19:34:39:515,0.607,0.1407,9.3806,54.1874,-0.1537,-0.6001,0.6764,285.0781
19:34:39:532,1.3397,0.5249,9.0741,52.1853,0.0008,-0.4078,0.6756,284.75
19:34:39:551,2.0076,1.0014,8.3152,52.7957,0.0924,-0.264,0.5504,284.0469
19:34:39:572,2.3428,1.315,7.8351,53.8779,0.0889,-0.2654,0.3142,283.3281
19:34:39:593,2.1513,1.2779,7.8088,52.0832,0.0301,-0.3226,0.042,282.5781
19:34:39:614,1.6617,0.8422,8.3044,53.6686,-0.0261,-0.3748,-0.1551,281.7344
19:34:39:632,1.099,0.3765,8.7174,53.8364,-0.037,-0.2955,-0.2214,281.5625
19:34:39:651,0.7483,0.161,9.0933,51.7283,-0.0229,-0.2235,-0.1505,281.6406
19:34:39:672,0.8836,0.2053,9.444,52.3,0.0101,-0.1676,-0.0057,281.8906
19:34:39:691,1.3959,0.4256,9.6727,52.32,0.0618,-0.096,0.1187,282.1406
19:34:39:714,1.8436,0.7572,9.5003,52.8238,0.0836,-0.0124,0.152,282.2344
19:34:39:732,2.1896,1.0181,9.1807,51.1382,0.0093,0.0393,0.0921,282.1562
19:34:39:751,2.3788,1.0074,9.6296,50.6417,-0.1686,0.035,-0.0395,281.9844
19:34:39:771,2.2483,0.5429,10.8758,52.0288,-0.3329,0.0438,-0.1788,281.8438
19:34:39:792,1.9909,-0.0317,12.28,49.8957,-0.3894,0.1096,-0.2493,281.8125
19:34:39:814,1.9849,-0.5297,13.1431,52.3735,-0.319,0.2063,-0.2328,281.9375
19:34:39:833,2.5045,-0.8051,12.5912,50.5612,-0.1806,0.3147,-0.2006,282.1875
19:34:39:851,3.1341,-0.6901,11.0613,49.7832,-0.1798,0.3578,-0.2736,282.4844
19:34:39:871,3.2311,-0.5728,10.3251,51.0903,-0.4349,0.3104,-0.5119,282.7188
19:34:39:891,2.757,-1.0169,11.6826,51.0903,-0.7739,0.2476,-0.8038,283.125
19:34:39:917,1.7527,-1.9555,13.8326,49.3649,-0.8543,0.3381,-0.9929,283.7188
19:34:39:930,0.194,-2.5756,15.1063,49.5154,-0.5486,0.6241,-0.9343,284.6406
19:34:39:957,-0.4488,-2.7396,13.5585,50.3889,0.0266,0.8846,-0.6126,285.7812
19:34:39:970,0.1078,-2.4187,10.4125,50.5308,0.4847,0.8106,-0.2579,286.7969
19:34:39:991,1.2511,-1.734,8.0829,49.1349,0.6554,0.4209,-0.0608,287.2031
19:34:40:018,2.0879,-0.9535,7.1049,49.0377,0.6163,-0.0576,-0.1074,287.7031
19:34:40:032,2.2519,-0.4818,6.8691,48.8725,0.4738,-0.3114,-0.3194,287.875
19:34:40:051,1.8544,-0.1814,6.8978,47.9813,0.2692,-0.2821,-0.5583,287.9531
19:34:40:071,1.1745,-0.0664,7.2031,47.2165,0.0266,-0.1069,-0.7356,288.2031
19:34:40:092,0.5017,-0.0916,8.0626,49.2222,-0.2,0.1472,-0.8091,289.0312
19:34:40:117,-0.0765,0.1323,9.614,47.9592,-0.2762,0.4564,-0.7822,289.875
19:34:40:133,-0.2178,0.1275,10.2545,48.1045,-0.0708,0.6929,-0.7106,290.7969
19:34:40:150,-0.2645,0.2316,9.7768,48.0335,0.2248,0.8028,-0.6177,291.6875
19:34:40:174,-0.3004,0.671,8.9425,47.351,0.4349,0.842,-0.5031,292.4375
19:34:40:200,-0.2082,1.2157,8.1057,48.3101,0.4996,0.8223,-0.4323,293.1562
19:34:40:216,0.0672,1.3869,7.6759,48.2814,0.469,0.6545,-0.4254,293.7344
19:34:40:235,0.0025,1.2552,8.2661,47.7799,0.387,0.3805,-0.4571,294.2188
19:34:40:251,-0.6092,0.999,9.4512,47.1902,0.3659,0.1578,-0.4422,294.7188
19:34:40:271,-1.367,0.841,10.3155,47.9628,0.4487,0.1035,-0.313,295.25
19:34:40:290,-1.8003,0.513,9.9768,46.2373,0.5723,0.1288,-0.0704,295.7656
19:34:40:313,-2.1307,0.8386,9.9887,45.9376,0.6562,0.0518,0.2306,296.1562
19:34:40:333,-0.5685,1.1594,10.2078,45.6782,0.8224,-0.1199,0.4796,296.2656
19:34:40:352,-0.3662,1.3581,9.632,46.8814,0.8988,-0.0302,0.5773,296.0469
19:34:40:376,-0.3734,1.3952,9.1328,46.7399,0.6487,0.2167,0.5488,295.8594
19:34:40:398,-0.4296,1.4539,8.9233,44.3386,0.2722,0.4731,0.5336,295.5938
19:34:40:416,-0.4763,1.6466,9.1472,45.1199,-0.1007,0.5277,0.4876,295.5938
19:34:40:432,-0.2764,1.4012,10.0438,46.2257,-0.3752,0.222,0.3645,294.4375
19:34:40:451,-0.3243,0.7368,12.0573,44.8593,-0.502,-0.2813,0.2021,293.2344
19:34:40:471,-1.0378,-0.0509,14.3426,46.926,-0.3377,-0.4672,0.1294,292.6094
19:34:40:490,-1.9057,-0.6961,13.8673,45.2253,0.1039,-0.1381,0.2623,292.1406
19:34:40:517,-2.0601,-0.5704,10.7202,45.4616,0.3965,0.2492,0.5613,291.9062
19:34:40:533,-1.3047,-0.0593,8.0494,44.1433,0.3417,0.3389,0.785,291.7656
19:34:40:588,-0.9265,0.4687,6.838,43.6436,0.0929,0.1224,0.834,291.5
19:34:40:589,-0.7158,0.7871,7.0834,44.8051,-0.1302,-0.2014,0.8292,290.8906
19:34:40:589,-0.5194,0.9104,7.7298,45.8629,-0.2053,-0.4558,0.8143,289.9844
19:34:40:612,-0.2321,1.0576,8.0925,44.5217,-0.1635,-0.5517,0.8034,289.0156
19:34:40:633,0.2228,1.1474,8.0554,44.3525,-0.1257,-0.4955,0.7709,288.125
19:34:40:650,0.698,1.2157,8.0051,44.0312,-0.1577,-0.3735,0.7089,286.7812
19:34:40:671,0.8824,1.3857,8.4062,44.6598,-0.2152,-0.2459,0.6106,285.9219
19:34:40:690,0.7591,1.6071,8.9377,44.9506,-0.1617,-0.0771,0.5195,285.1406
19:34:40:715,0.6705,1.7807,8.5259,43.5036,0.0027,0.0865,0.4399,284.4062
19:34:40:734,0.6621,1.9926,7.6795,44.2679,0.1124,0.1485,0.3571,283.7656
19:34:40:752,0.7291,2.1542,7.1791,43.9651,0.1015,0.1387,0.2641,283.2188
19:34:40:770,0.7423,2.1709,7.3228,44.2679,0.0128,0.0665,0.1587,282.7812
19:34:40:790,0.6094,2.1961,8.235,44.1719,-0.0605,-0.0424,0.0761,282.4062
19:34:40:817,0.5448,2.1805,9.3195,42.889,-0.0312,-0.1396,0.0244,282.1562
19:34:40:833,0.3712,1.977,9.8259,43.2864,0.0783,-0.2084,-0.0115,282.0312
19:34:40:852,0.3401,1.7699,9.7134,42.9928,0.1465,-0.2116,-0.0118,282
19:34:40:870,0.4861,1.7424,9.5745,44.1006,0.0823,-0.211,-0.0168,281.9844
19:34:40:890,0.783,1.4467,10.0797,42.4625,-0.082,-0.296,-0.0701,282.0312
19:34:40:917,0.868,0.8051,11.4396,43.6349,-0.2621,-0.3676,-0.1402,282.0625
19:34:40:934,0.5639,0.003,13.0354,43.836,-0.3425,-0.2861,-0.125,282.1094
19:34:40:950,0.4263,-0.5812,13.6578,41.5659,-0.2399,-0.0968,0.0354,282.2969
19:34:40:972,1.0488,-0.5058,12.4572,42.9945,-0.0567,0.0441,0.2601,282.4844
19:34:40:991,2.0412,-0.0844,10.8064,43.721,0.0064,-0.0576,0.3288,282.5625
19:34:41:015,2.6888,0.1024,9.8259,42.1297,-0.0935,-0.3197,0.1704,282.375
19:34:41:032,2.6709,-0.1766,10.4293,42.4799,-0.2959,-0.5429,-0.1058,282.0156
19:34:41:051,1.9813,-0.8398,11.6934,42.5579,-0.4221,-0.4789,-0.3173,281.7344
19:34:41:074,1.2283,-1.2695,12.3183,41.4824,-0.3987,-0.1202,-0.3489,281.7188
19:34:41:090,0.9339,-1.2013,11.4372,42.3902,-0.2482,0.2516,-0.2384,282.0156
19:34:41:110,1.5073,-0.835,9.8595,42.0418,-0.1238,0.2905,-0.1407,282.4375
19:34:41:134,2.2578,-0.4088,9.146,42.2745,-0.1321,0.1176,-0.1825,282.7812
19:34:41:150,2.4925,-0.0006,9.0777,42.3845,-0.1539,0.0132,-0.3215,282.9531
19:34:41:171,2.2052,0.3669,8.7042,43.3496,-0.1606,0.0827,-0.4898,283.1094
19:34:41:190,1.7874,0.5896,7.9884,40.7402,-0.1893,0.2406,-0.6347,283.375
19:34:41:215,1.2643,0.6243,7.4365,41.9886,-0.2581,0.3397,-0.7436,283.8281
19:34:41:232,0.6238,0.647,7.5023,42.107,-0.3167,0.3802,-0.7889,284.4219
19:34:41:250,0.0456,0.6291,7.8004,39.33,-0.2658,0.4042,-0.7508,285.2031
19:34:41:270,-0.1806,0.762,7.7154,41.6152,-0.1204,0.3813,-0.6241,286.0625
19:34:41:291,0.0528,1.1726,7.3276,40.5273,0.0088,0.3102,-0.4648,286.8906
19:34:41:316,0.6908,1.716,7.1827,42.1267,0.0818,0.1877,-0.3492,287.6562
19:34:41:333,1.5073,2.1829,7.3719,42.2782,0.0882,0.0572,-0.3221,288.2656
19:34:41:350,2.2507,2.6318,8.0099,41.5886,0.0621,0.0087,-0.4142,288.7031
19:34:41:374,2.4075,2.6115,8.7413,41.6063,0.0562,0.0247,-0.6571,289.0469
19:34:41:389,1.4426,2.1985,9.3507,40.6485,0.0629,0.1104,-0.901,289.4531
19:34:41:409,0.2156,1.5616,9.7577,40.6154,0.094,0.2164,-0.9676,290.4688
19:34:41:433,-0.7816,1.0169,9.8211,41.1248,0.1198,0.2417,-0.8443,291.4531
19:34:41:452,-1.1874,0.8529,10.4364,41.4958,0.0501,0.2044,-0.6017,292.5625
19:34:41:470,-1.039,0.7548,11.6874,40.686,0.0096,0.1581,-0.3636,293.5156
19:34:41:491,-0.9815,0.6794,12.7337,39.7402,0.1207,0.1456,-0.1961,294.1719
19:34:41:517,-1.1647,0.6602,12.4787,41.3516,0.3414,0.2196,-0.0552,294.5781
19:34:41:534,-1.1886,0.8601,10.8578,40.3324,0.4032,0.2942,0.0545,294.7969
19:34:41:550,-0.7924,1.163,10.1048,39.9965,0.1342,0.2505,0.0812,294.875
19:34:41:571,-0.4129,1.2288,11.1583,40.1784,-0.2692,0.0976,-0.0203,294.8281
19:34:41:592,-0.3806,0.5776,13.1024,40.7925,-0.5281,-0.0587,-0.1777,294.7188
19:34:41:616,-1.1443,-0.3118,15.1662,39.7399,-0.4903,-0.1199,-0.2544,294.7188
19:34:41:633,-1.9033,-1.0588,15.4164,40.1402,-0.0594,0.0433,-0.125,294.7812
19:34:41:650,-1.9524,-1.163,12.6547,40.0097,0.448,0.2899,0.1941,295.0156
19:34:41:670,-1.0869,-0.404,9.4309,38.4017,0.6501,0.3368,0.4753,295.25
19:34:41:693,-0.134,0.2532,7.3312,39.5951,0.5292,0.1674,0.4788,295.2344
19:34:41:716,0.0935,0.3154,6.6464,39.9367,0.2288,-0.0547,0.2977,294.5781
19:34:41:734,-0.7421,-0.3837,7.7561,39.6244,-0.2921,-0.3855,0.0351,294.0625
19:34:41:751,-1.2078,-0.4459,8.5821,38.0621,-0.3563,-0.4451,0.0764,293.7656
19:34:41:771,-1.3454,-0.2891,9.0849,38.7963,-0.2583,-0.3708,0.2473,293.7656
19:34:41:790,-0.8403,-0.076,8.326,39.3109,-0.0463,-0.2054,0.4492,293.625
19:34:41:823,-0.1998,0.2436,6.8427,39.4116,0.0783,-0.1282,0.5794,293.2344
19:34:41:830,0.4801,0.4591,6.0383,38.8964,-0.0117,-0.2448,0.6018,293.2344
19:34:41:851,0.3509,0.7596,7.2414,37.8163,-0.1973,-0.3703,0.5496,292.7344
19:34:41:869,-0.2369,0.6195,8.7821,38.6479,-0.1755,-0.2672,0.5398,292.0781
19:34:41:891,-0.6116,0.5656,8.7222,39.5523,0.0125,-0.0387,0.6559,291.4375
19:34:41:914,-0.0538,1.0122,8.1129,39.1093,0.1451,0.0039,0.7866,290.8281
19:34:41:932,0.5687,1.4958,7.9956,37.8317,0.1824,-0.1671,0.7544,290.2031
19:34:41:953,0.7603,1.7999,8.6133,37.8006,0.142,-0.394,0.6197,289.0625
19:34:41:969,0.7962,1.8872,9.8199,39.4429,0.1292,-0.4326,0.491,288.1719
19:34:41:997,0.7064,1.898,10.1755,38.2649,0.1907,-0.2747,0.3872,287.0938
19:34:42:009,0.6346,1.9064,9.6619,38.2649,0.1902,-0.088,0.3264,287.0938
19:34:42:033,0.7543,1.8765,9.5769,37.0568,0.0634,-0.1141,0.2655,286.5938
19:34:42:050,1.111,1.5485,10.5669,37.1615,-0.0868,-0.2997,0.1674,286.1719
19:34:42:069,1.2595,0.835,12.0585,37.7837,-0.1808,-0.4417,0.0583,285.8125
19:34:42:091,1.032,0.0126,13.5645,38.6069,-0.1774,-0.373,0.0505,285.4219
19:34:42:114,1.3301,-0.7763,13.5609,37.3857,-0.0455,-0.097,0.2042,285.3281
19:34:42:132,2.1477,-0.5728,12.3326,35.3818,0.0448,0.0659,0.3573,285.3125
19:34:42:150,3.1126,-0.258,11.3618,36.0996,0.0157,-0.019,0.3147,285.2031
19:34:42:169,3.4837,-0.2735,11.1966,36.7015,-0.0977,-0.2571,0.0867,284.875
19:34:42:190,3.0767,-0.823,12.2896,37.377,-0.1883,-0.4598,-0.1729,284.4531
19:34:42:216,2.1657,-1.3174,13.355,37.0069,-0.1262,-0.2678,-0.2752,284.2188
19:34:42:238,1.694,-1.2911,12.2381,36.2408,0.0943,0.2284,-0.1905,284.2969
19:34:42:254,2.1944,-0.7619,9.8199,34.8198,0.2581,0.4449,-0.0959,284.6094
19:34:42:270,3.1138,-0.2424,8.0841,35.6594,0.2389,0.1943,-0.1705,284.8906
19:34:42:291,3.4023,0.1,7.9333,35.1764,0.0701,-0.1538,-0.4054,285.0156
19:34:42:318,2.9342,0.1467,8.3738,34.3541,-0.0961,-0.1415,-0.6656,285.1094
19:34:42:333,1.8496,0.1383,7.974,36.7031,-0.1601,0.141,-0.8347,285.2344
19:34:42:351,0.9362,0.2915,6.9589,35.8282,-0.1723,0.3714,-0.8696,285.7031
19:34:42:372,0.4191,0.4842,5.9545,35.7231,-0.1899,0.4431,-0.8278,286.4375
19:34:42:391,0.1641,0.7799,5.5044,35.1519,-0.244,0.2798,-0.7633,287.3906
19:34:42:415,0.0061,0.9966,6.3256,33.9063,-0.293,0.0388,-0.6986,288.8281
19:34:42:432,0.0157,1.1845,7.5454,35.8517,-0.2554,-0.0395,-0.6179,289.6562
19:34:42:450,0.0779,1.4898,8.2757,35.4839,-0.1308,0.0353,-0.5346,290.4844
19:34:42:470,0.1426,1.7999,8.2948,34.4157,-0.017,0.1083,-0.4746,291.2344
19:34:42:490,0.4143,2.1183,8.5869,32.9407,0.0011,0.0689,-0.4392,291.8438
19:34:42:510,0.807,2.2464,9.3794,34.4369,-0.0045,-0.0014,-0.4808,292.4219
19:34:42:532,0.7507,2.2607,10.0665,33.9232,-0.0104,0.0428,-0.5897,292.9219
19:34:42:552,0.2024,1.9028,10.7106,33.5018,-0.0136,0.2151,-0.668,293.4062
19:34:42:572,-0.7098,1.4443,11.023,32.5012,0.0389,0.3962,-0.6262,294.0156
19:34:42:589,-1.5082,1.2432,10.8327,33.4509,0.13,0.4369,-0.4304,294.75
19:34:42:652,-1.7788,1.2085,11.1679,34.7714,0.1963,0.2412,-0.1418,295.5
19:34:42:653,-1.422,1.0792,12.104,34.0771,0.3148,-0.0488,0.1461,296.0625
19:34:42:653,-0.529,0.9715,12.6044,31.4857,0.4898,-0.2411,0.3611,296.3906
19:34:42:680,0.2252,1.1259,12.2596,32.5393,0.5704,-0.1713,0.4543,296.3906
19:34:42:690,0.4718,1.5497,11.8275,32.7113,0.4152,0.0814,0.4511,295.9219
19:34:42:710,0.6358,1.6694,12.5122,33.6771,0.1936,0.3653,0.3789,295.4375
19:34:42:734,0.5137,1.315,12.1698,31.9265,0.0791,0.6332,0.271,294.9375
19:34:42:749,-0.1998,1.0936,11.5845,31.1718,0.0149,0.4865,0.2263,294.5
19:34:42:774,-0.6774,0.6973,12.3578,30.999,0.0953,-0.0451,0.271,294.1562
19:34:42:788,-0.6918,0.0796,12.5984,33.0627,0.4229,-0.4473,0.373,293.8594
19:34:42:810,-0.4261,-0.2664,10.9584,32.1413,0.7731,-0.5652,0.4705,293.7031
19:34:42:833,-0.0023,-0.0976,8.636,31.3053,0.8136,-0.5234,0.5102,293.3906
19:34:42:850,0.3353,0.0712,7.1516,30.9358,0.5044,-0.3953,0.4687,292.9844
19:34:42:869,0.4454,0.3573,6.9613,32.7582,0.0445,-0.3122,0.4186,292.5
19:34:42:890,0.8477,0.5177,7.9046,32.5118,-0.3017,-0.288,0.3621,292.0312
19:34:42:918,1.1625,0.6494,8.6001,32.0601,-0.3939,-0.2534,0.2729,291.5781
19:34:42:934,1.0224,0.7751,8.8754,31.7502,-0.2876,-0.149,0.1805,291.1562
19:34:42:952,0.5508,0.7356,8.156,32.8393,-0.0711,0.0215,0.1318,290.8125
19:34:42:969,0.1557,0.592,6.5016,32.7832,0.078,0.1597,0.1792,290.4844
19:34:42:992,0.2312,0.7512,5.2722,31.2784,0.0336,0.1685,0.279,290.3438
19:34:43:016,0.297,0.8422,5.4266,31.1362,-0.159,-0.0385,0.3182,290.125
19:34:43:033,0.0516,0.9272,7.5119,30.9055,-0.2565,-0.3042,0.3661,289.7969
19:34:43:052,-0.0083,1.0684,9.6045,31.9373,-0.0722,-0.4425,0.4665,289.4375
19:34:43:069,0.2659,1.2396,10.3622,32.1219,0.3025,-0.4164,0.5762,289.0312
19:34:43:090,0.6023,1.6813,9.4357,32.5027,0.5782,-0.3226,0.6492,288.5625
19:34:43:118,1.1314,2.3314,8.5019,31.6492,0.5619,-0.2579,0.646,287.9531
19:34:43:134,1.6665,2.8042,8.3319,31.869,0.3689,-0.2009,0.5371,287.2344
19:34:43:153,1.5527,3.0089,8.8215,33.2662,-0.0301,-0.0377,0.1789,286.5625
19:34:43:171,1.4199,2.6354,9.7158,32.0112,-0.2178,-0.1847,0.0561,286.2344
19:34:43:193,1.5061,1.9267,11.5928,31.8807,-0.3489,-0.3421,-0.0163,285.5625
19:34:43:217,1.378,1.1283,13.5896,32.0477,-0.3457,-0.3154,-0.0107,285.3438
19:34:43:230,1.3121,0.5537,14.3797,31.8897,-0.1582,-0.048,0.1422,285.3906
19:34:43:250,2.2243,0.3992,12.7983,34.0517,0.1025,0.2153,0.3651,285.3906
19:34:43:273,3.328,0.8745,10.786,32.931,0.1689,0.1922,0.3986,285.4531
19:34:43:288,4.0272,1.2312,9.6464,31.7178,-0.0359,0.002,0.1768,285.2969
19:34:43:308,4.2067,0.9284,10.5226,32.2008,-0.3939,-0.2494,-0.1734,284.8594
19:34:43:333,3.8249,-0.1383,12.7624,32.4359,-0.6117,-0.4105,-0.4986,284.375
19:34:43:350,2.8408,-1.0457,14.5246,32.1651,-0.5137,-0.2177,-0.6142,284.1875
19:34:43:367,2.1657,-1.2336,13.452,31.4111,-0.1071,0.2662,-0.5018,284.4062
19:34:43:388,2.2614,-0.7859,10.1491,32.8314,0.2352,0.5158,-0.33,285.0312
19:34:43:409,2.8492,-0.1814,7.7035,32.2199,0.3209,0.3666,-0.2752,285.7344
19:34:43:431,3.103,0.4088,6.3352,32.3381,0.2322,0.1072,-0.3681,286.2812
19:34:43:451,2.8708,0.9068,5.9353,32.3085,0.0368,-0.0241,-0.5276,286.6094
19:34:43:475,2.3081,1.0529,6.0646,33.6459,-0.1318,-0.0451,-0.6866,287.0469
19:34:43:488,1.615,1.0983,6.31,32.3423,-0.2107,0.018,-0.7809,287.5625
19:34:43:509,1.0236,1.169,6.3519,33.3529,-0.2416,0.0992,-0.7945,288.2656
19:34:43:532,0.552,1.2911,6.7937,33.6238,-0.2533,0.1317,-0.7476,289.125
19:34:43:552,0.4454,1.5257,7.0056,33.3302,-0.1979,0.1299,-0.6712,289.9844
19:34:43:568,0.4012,1.9507,7.2378,32.4137,-0.1675,0.0665,-0.635,290.8594
19:34:43:588,0.625,2.2619,7.895,33.3435,-0.1579,-0.0201,-0.6248,291.6562
19:34:43:608,0.6478,2.3601,8.4241,34.3862,-0.1795,-0.0627,-0.6747,292.3594
19:34:43:631,0.4586,2.3828,9.3746,33.245,-0.2549,0.0106,-0.7055,293.0625
19:34:43:648,0.3616,2.2332,10.3072,31.9408,-0.2668,0.1437,-0.701,293.8125
19:34:43:668,0.1342,2.1614,10.9081,35.6252,-0.2186,0.2814,-0.6709,294.5781
19:34:43:688,-0.2668,2.1219,11.4504,33.6729,-0.1241,0.3906,-0.5923,294.9688
19:34:43:708,-0.705,2.1255,11.5174,33.5707,0.0389,0.4766,-0.4669,295.75
19:34:43:733,-1.0378,2.1458,11.0685,33.2338,0.1902,0.4486,-0.3101,296.5
19:34:43:752,-0.9169,2.0967,10.8231,34.7471,0.2562,0.3078,-0.1404,297.125
19:34:43:769,-0.5769,1.7975,11.0853,33.0278,0.24,0.1629,-0.0259,297.625
19:34:43:788,-0.468,1.4299,11.5905,34.7725,0.1577,0.1296,0.0686,298.0469
19:34:43:808,-0.1735,1.3653,12.268,33.737,0.0607,0.197,0.1986,298.125
19:34:43:831,0.37,1.6011,12.517,34.4099,0.0139,0.3427,0.258,298.0938
19:34:43:850,0.5364,1.7089,12.0262,34.7494,-0.0224,0.3235,0.1808,297.9375
19:34:43:868,0.2479,1.0804,12.5697,34.9564,-0.0738,-0.0198,0.075,297.6406
19:34:43:889,-0.4308,0.325,13.7428,34.9808,0.0173,-0.1927,0.0734,297.3594
19:34:43:908,-0.6284,-0.1837,13.2736,34.1243,0.3225,0.0044,0.2002,297.2031
19:34:43:931,-0.6355,-0.4256,10.2497,33.089,0.5452,0.2465,0.3448,297.1562
19:34:43:950,-0.4416,-0.3813,8.0758,33.2688,0.4575,0.1312,0.4772,297.0156
19:34:43:968,-0.1016,-0.1802,7.4353,35.269,0.2195,-0.1698,0.5539,296.7188
19:34:43:988,0.2587,0.0928,7.9896,36.0331,0.0165,-0.407,0.5885,296.25
19:34:44:008,0.625,0.3226,8.2841,35.5847,-0.025,-0.4105,0.6026,295.6875
19:34:44:033,0.7806,0.683,7.5909,34.7146,0.0146,-0.3173,0.5853,295.0781
19:34:44:049,0.7016,0.8314,6.8427,35.7607,-0.004,-0.3013,0.552,294.4375
19:34:44:067,0.4754,0.8254,7.0427,34.4826,-0.0975,-0.3165,0.5539,293.5
19:34:44:088,0.5831,0.8446,7.7262,34.4105,-0.1081,-0.3154,0.5944,292.9062
19:34:44:108,0.6142,1.0098,8.0722,33.4565,-0.0099,-0.3194,0.6023,292.2969
19:34:44:134,0.6669,1.1367,8.1069,33.4565,0.1129,-0.3024,0.5973,291.6719
19:34:44:149,0.6801,1.3366,7.7885,33.4374,0.1712,-0.2054,0.5832,291.0156
19:34:44:168,0.8189,1.6335,7.4604,33.4374,0.1249,-0.0947,0.5616,290.3594
19:34:44:187,0.965,1.825,7.8663,35.5054,0.0165,-0.1008,0.5105,289.7188
19:34:44:208,1.0607,1.8561,8.8694,32.8145,-0.0485,-0.1074,0.4498,289.4375
19:34:44:230,1.0512,1.8968,9.541,34.0996,-0.0429,-0.0523,0.4029,288.8281
19:34:44:249,1.1374,2.0069,9.9456,34.0209,0.017,-0.0182,0.3608,288.2969
19:34:44:268,1.2726,2.0788,9.784,35.1611,0.0889,-0.011,0.299,287.8125
19:34:44:287,1.6258,2.1542,9.5793,34.3786,0.0538,-0.0885,0.2162,287.4062
19:34:44:308,2.022,1.8082,10.1623,32.567,-0.0945,-0.2204,0.0788,287.0156
19:34:44:330,1.9693,1.2552,11.5773,33.8529,-0.2653,-0.2984,-0.0435,286.7188
19:34:44:348,1.8664,0.5836,13.428,33.5565,-0.3087,-0.26,-0.0667,286.5781
19:34:44:367,2.0927,-0.0629,14.0289,34.2631,-0.1207,-0.0563,0.0348,286.6406
19:34:44:388,2.8313,-0.0437,12.3315,33.8199,0.0929,0.1392,0.1877,286.75
19:34:44:408,3.8344,0.4316,10.61,34.3145,0.0645,0.0526,0.1544,286.7188
19:34:44:431,4.1768,0.5273,10.5861,33.5418,-0.1803,-0.1556,-0.118,286.4844
19:34:44:449,3.4801,-0.1969,12.3757,33.9677,-0.3843,-0.1738,-0.4225,286.2969
19:34:44:468,2.1513,-1.0612,13.0389,32.535,-0.2988,0.1096,-0.5194,286.4375
19:34:44:489,1.3971,-1.3018,11.8825,32.86,-0.0338,0.3696,-0.3588,286.9531
19:34:44:509,1.7108,-0.8146,9.7122,35.1188,0.1936,0.3368,-0.1372,287.5312
19:34:44:534,2.7139,-0.2161,8.2134,33.9304,0.244,0.047,-0.0677,287.9219
19:34:44:549,3.2945,0.7608,7.1181,34.6391,0.1361,-0.1469,-0.1924,288.0312
19:34:44:575,2.4733,0.8637,6.5064,32.6299,-0.2431,0.1741,-0.6691,288.1094
19:34:44:589,1.4606,0.7488,6.1173,34.5024,-0.4168,0.328,-0.8139,288.1094
19:34:44:608,0.4502,0.6327,6.1963,33.8752,-0.5425,0.3267,-0.8318,288.8125
19:34:44:637,-0.3638,0.6626,6.9361,32.2537,-0.5537,0.2159,-0.7141,289.5781
19:34:44:650,-0.3435,0.9679,7.6879,34.0015,-0.4266,0.116,-0.5053,289.5781
19:34:44:746,0.3174,1.473,8.0602,33.6391,-0.2402,0.0422,-0.3503,291.3594
19:34:44:746,0.607,1.9208,7.9309,34.4942,-0.1193,0.0335,-0.3276,292.1406
19:34:44:747,0.5927,2.165,8.0099,33.4445,-0.1318,0.0252,-0.3519,292.7188
19:34:44:747,0.5544,2.2188,8.6588,33.8516,-0.1955,0.0612,-0.3647,293.1094
19:34:44:748,0.5544,2.2883,9.3591,33.5626,-0.2282,0.1006,-0.3681,293.4688
19:34:44:777,0.4969,2.2164,10.2724,34.4078,-0.2282,0.1469,-0.3689,293.8594
19:34:44:788,0.2898,2.05,11.0266,32.4854,-0.1702,0.2566,-0.3487,294.2812
19:34:44:808,0.1378,1.9004,11.2804,33.1894,-0.0754,0.3829,-0.2845,294.6719
19:34:44:832,0.048,1.8609,11.0589,34.1673,0.0269,0.4438,-0.2091,295.0781
19:34:44:852,-0.0214,1.6346,10.604,34.6936,0.0983,0.3464,-0.1263,295.4531
19:34:44:868,0.0217,1.2695,10.6711,32.9763,0.0836,0.1386,-0.0262,295.75
19:34:44:888,0.1438,0.9798,11.3211,33.3734,0.0341,0.0364,0.087,295.9531
19:34:44:908,0.4598,0.914,11.8155,34.4271,0.0067,0.0992,0.1736,296.1094
19:34:44:933,0.9566,0.8781,11.9615,34.9191,-0.0365,0.213,0.1754,296.0156
19:34:44:952,1.0572,0.6686,11.9364,34.0807,-0.1116,0.3344,0.0886,295.9219
19:34:44:969,0.5472,0.2017,11.5306,34.7204,-0.2269,0.3064,-0.0184,295.7031
19:34:44:988,-0.0909,-0.4771,12.4524,35.1976,-0.3185,-0.0057,-0.043,295.5156
19:34:45:013,-0.6619,-0.9343,13.768,33.4712,-0.1843,-0.1551,0.0649,295.4688
19:34:45:034,-0.8199,-1.2348,12.9719,33.9443,0.1784,0.0297,0.2639,295.5
19:34:45:050,-0.6116,-0.8817,9.8774,32.9668,0.4064,0.3006,0.4521,295.5
19:34:45:075,-0.2273,-0.6363,7.3647,34.7803,0.2924,0.2779,0.479,295.3281
19:34:45:087,-0.4308,-0.762,6.4417,33.7359,-0.0386,0.0457,0.3523,294.9062
19:34:45:109,-1.203,-1.0109,7.0283,34.1274,-0.3678,-0.2062,0.2673,294.3438
19:34:45:135,-1.6938,-1.0792,7.9967,34.336,-0.4977,-0.3237,0.3544,293.8906
19:34:45:152,-1.4639,-0.7584,8.1129,35.4092,-0.4285,-0.398,0.5677,293.5469
19:34:45:169,-0.2633,-0.3082,8.1284,34.6805,-0.3657,-0.5469,0.7861,293.3906
19:34:45:188,1.2104,0.4459,8.7497,34.0861,-0.3763,-0.569,0.8671,292.9688
19:34:45:209,2.2854,0.8613,9.5111,34.5864,-0.3366,-0.4243,0.7621,292.3594
19:34:45:236,2.3764,0.7835,9.6727,34.7794,-0.2027,-0.1823,0.5576,290.9844
19:34:45:251,1.5803,0.8374,9.1304,34.8811,-0.057,0.034,0.4207,290.0312
19:34:45:271,0.8357,0.7823,8.6588,36.1155,0.0751,0.0753,0.3922,289.3125
19:34:45:288,0.5472,0.7296,8.2481,33.9216,0.2344,-0.0102,0.4631,288.7656
19:34:45:309,0.9123,0.9607,7.8148,34.9387,0.3494,-0.1913,0.5302,288.3125
19:34:45:335,1.3468,1.2013,7.998,34.4055,0.3214,-0.3476,0.4945,287.875
19:34:45:351,1.4881,1.2863,8.8108,35.1955,0.2085,-0.3695,0.3933,287.2969
19:34:45:372,1.4103,1.2839,9.7409,35.3378,0.1105,-0.259,0.2908,286.7188
19:34:45:388,1.1793,1.2061,10.5382,33.7711,0.0828,-0.1106,0.234,286.2188
19:34:45:408,1.2475,1.1426,10.7058,33.5126,0.1563,0.0007,0.2154,285.875
19:34:45:434,1.4043,1.2097,10.2497,33.5365,0.2024,-0.0198,0.1632,285.5938
19:34:45:451,1.6246,1.0636,10.4748,35.0039,0.1382,-0.2142,0.067,285.3281
19:34:45:468,1.8281,0.4016,11.6503,34.3045,0.0418,-0.3793,-0.0472,285.125
19:34:45:488,1.6928,-0.2843,12.8893,34.8875,0.0184,-0.3146,-0.0768,284.9844
19:34:45:508,1.9586,-1.0445,13.0186,34.4114,0.1111,-0.1282,-0.0089,285.0469
19:34:45:536,2.5523,-1.1618,11.6695,35.6038,0.1902,0.058,0.0958,285.1406
19:34:45:551,3.5316,-1.0696,10.2832,35.4878,0.102,0.03,0.0354,285.1562
19:34:45:568,3.7698,-1.3066,9.9001,35.5255,-0.1316,-0.1817,-0.2286,285.0469
19:34:45:588,3.0587,-1.9207,11.3546,34.7409,-0.3832,-0.3445,-0.4869,285
19:34:45:609,1.7682,-2.5875,12.7073,35.7034,-0.3662,-0.1154,-0.5338,285.2812
19:34:45:634,0.9123,-2.5875,11.7533,35.4075,-0.0197,0.3427,-0.2935,285.8594
19:34:45:651,1.2894,-1.6239,8.5019,33.9374,0.323,0.5315,0.0218,286.1875
19:34:45:668,2.4913,-0.5022,5.8527,34.515,0.3254,0.2108,0.1083,286.6719
19:34:45:688,3.3795,0.4052,5.3715,34.6495,-0.0125,-0.3077,-0.088,286.7812
19:34:45:710,3.6201,0.5692,6.9325,33.3167,-0.4373,-0.5807,-0.4366,286.6406
19:34:45:734,2.8588,0.2711,8.885,34.7622,-0.7071,-0.3937,-0.7828,286.5938
19:34:45:753,1.1553,-0.1095,9.7242,35.8344,-0.7641,0.0414,-0.9554,286.9062
19:34:45:772,-0.2537,-0.1885,9.5554,34.7587,-0.6844,0.4175,-0.8597,288.1562
19:34:45:789,-0.4835,0.0593,9.231,34.4648,-0.4914,0.4913,-0.5897,289.2656
19:34:45:809,0.2192,0.6949,8.8251,35.4299,-0.2011,0.3115,-0.3612,290.1875
19:34:45:835,0.8333,1.2516,8.3248,33.4987,0.0474,0.1011,-0.3074,290.8594
19:34:45:852,1.0667,1.5101,7.7705,34.7587,0.127,0.0572,-0.3535,291.2656
19:34:45:869,1.0272,1.5736,7.737,35.7083,0.0101,0.1054,-0.4344,291.5938
19:34:45:888,0.6849,1.4515,8.8,35.2105,-0.1545,0.1488,-0.4872,292
19:34:45:909,0.3868,1.333,10.3539,34.926,-0.1795,0.2247,-0.436,292.5
19:34:45:934,0.5616,1.4144,11.5497,34.9198,0.0096,0.3024,-0.3308,293.0156
19:34:45:952,0.9003,1.5784,10.209,36.5917,0.4514,0.4002,-0.2626,293.5156
19:34:45:969,0.7196,1.5616,9.9397,36.3341,0.392,0.3791,-0.2584,293.5156
19:34:45:993,0.6454,1.3952,10.3526,35.7349,0.302,0.3605,-0.2193,294.1875
19:34:46:007,0.5484,1.0852,10.8147,36.5205,0.2631,0.3325,-0.1612,294.4844
19:34:46:031,0.1917,0.6183,10.9512,34.1065,0.2639,0.3158,-0.0619,295.0156
19:34:46:052,-0.1567,0.1335,10.3814,34.4022,0.2615,0.3123,0.1123,295.1875
19:34:46:068,0.121,0.0461,9.778,36.2458,0.1268,0.2108,0.331,295.2344
19:34:46:087,0.9422,0.2592,10.4197,37.149,-0.1361,0.01,0.4484,295.2656
19:34:46:110,0.8357,-0.0868,11.43,35.9281,-0.3659,-0.2449,0.3882,294.7656
19:34:46:134,0.1078,-0.6339,12.9791,36.0702,-0.4256,-0.4504,0.405,294.7656
19:34:46:151,0.4347,-1.1678,13.9392,35.919,-0.142,-0.4936,0.5467,294.25
19:34:46:167,0.9734,-1.1175,12.9587,36.4207,0.2626,-0.361,0.6484,293.7969
19:34:46:187,1.3624,-0.4052,10.9955,35.8293,0.408,-0.0949,0.6418,293.3438
19:34:46:209,1.2978,0.2388,9.4417,35.3973,0.3028,0.144,0.4718,292.75
19:34:46:233,0.935,0.3334,8.302,35.8592,0.1044,0.2236,0.2468,292.0312
19:34:46:252,0.3233,0.1694,8.0937,35.8592,-0.0921,0.0843,0.0681,291.2969
19:34:46:269,-0.2489,-0.1035,8.8036,35.9239,-0.1627,-0.1434,0.0037,290.7812
19:34:46:288,-0.4356,-0.2508,9.152,37.5812,-0.053,-0.2659,0.0434,290.5
19:34:46:307,-0.5242,-0.0772,8.6169,36.7158,0.1036,-0.2952,0.1203,290.4219
19:34:46:328,-0.2345,-0.0006,7.8292,36.3358,0.1784,-0.2923,0.2149,290.375
19:34:46:352,0.2886,0.1634,7.2617,36.1665,0.1555,-0.2606,0.2817,290.3281
19:34:46:372,0.8261,0.4064,7.2222,34.4995,0.0511,-0.2249,0.278,290.1562
19:34:46:387,1.1026,0.4842,7.5622,35.7926,-0.0357,-0.1692,0.2151,289.8906
19:34:46:408,0.8094,0.416,7.81,36.9446,-0.0778,-0.076,0.1674,289.5781
19:34:46:434,0.3377,0.6842,8.1225,37.306,-0.0834,0.0508,0.2063,289.2969
19:34:46:454,0.1953,0.8889,8.15,36.1685,0.0016,0.1211,0.2745,289.0938
19:34:46:473,0.291,1.0433,7.6364,37.5446,0.0626,0.0995,0.336,288.9062
19:34:46:488,0.6992,1.3461,7.8567,38.3881,-0.0101,-0.0243,0.3589,288.625
19:34:46:508,1.1697,1.4683,8.958,36.1958,-0.1041,-0.1777,0.2897,288.2656
19:34:46:528,1.305,1.236,10.4113,36.032,-0.1172,-0.2464,0.181,287.875
19:34:46:551,1.202,0.8889,11.351,36.1118,-0.025,-0.165,0.127,287.5
19:34:46:569,1.4103,0.4471,11.2648,37.6403,0.0866,-0.0832,0.1307,287.2344
19:34:46:588,1.9298,0.0569,11.1355,38.4369,0.0703,-0.1322,0.1336,287.0938
19:34:46:608,2.1717,-0.5979,11.9783,37.2762,-0.0314,-0.2542,0.1115,287.0312
19:34:46:635,1.7826,-1.2264,13.0198,38.9619,-0.0325,-0.3141,0.18,286.9531
19:34:46:651,1.864,-1.6526,13.416,36.675,0.1436,-0.3405,0.4465,286.6719
19:34:46:669,3.0982,-1.485,12.3458,36.4855,0.4282,-0.317,0.7581,286.5469
19:34:46:688,4.342,-0.5118,10.4257,37.0913,0.5979,-0.4142,0.8383,286.2344
19:34:46:709,5.1884,0.4519,8.7246,36.5313,0.4946,-0.6433,0.5861,285.5312
19:34:46:736,5.1117,0.6255,8.5295,35.9941,0.0605,-0.7804,0.0985,284.6406
19:34:46:752,4.1505,-0.021,10.3886,37.2637,-0.4426,-0.643,-0.3708,283.7812
19:34:46:823,2.5942,-0.9152,12.2608,35.6375,-0.6589,-0.1535,-0.6328,283.4062
19:34:46:823,1.1757,-1.2025,12.833,35.6176,-0.5132,0.4071,-0.6272,283.6406
19:34:46:824,0.7435,-1.0983,11.2696,35.8978,-0.1654,0.659,-0.4653,284.2812
19:34:46:837,1.2307,-0.6482,9.5482,36.2127,0.0509,0.4012,-0.3077,285.0625
19:34:46:849,2.1549,-0.0616,9.225,36.488,0.086,0.0705,-0.2933,285.6875
19:34:46:866,2.5116,0.343,9.2776,36.051,0.078,0.0308,-0.4536,286.0625
19:34:46:886,1.8377,0.3717,8.8359,35.1557,0.0831,0.2193,-0.6464,286.375
19:34:46:906,0.8608,0.2795,8.1428,35.5781,0.1249,0.4169,-0.7031,286.7812
19:34:46:927,0.4059,0.4244,7.2953,33.9315,0.2216,0.5469,-0.6022,287.7656
19:34:46:949,0.4837,0.8194,6.4094,34.9543,0.338,0.5453,-0.4627,288.5312
19:34:46:968,0.8572,1.4144,6.0802,34.7822,0.425,0.4673,-0.3724,289.2031
19:34:46:986,1.4546,1.8142,6.419,35.1781,0.5265,0.3602,-0.391,289.6719
19:34:47:007,1.7694,1.8334,5.9365,34.2489,0.6149,0.2454,-0.4778,290.0625
19:34:47:027,1.6569,2.1183,5.2338,35.1344,0.4836,0.0715,-0.5391,290.2656
19:34:47:047,1.6042,2.4463,5.9425,35.4878,0.1358,-0.1032,-0.591,290.7344
19:34:47:066,1.7599,2.5696,7.8519,33.5769,-0.1846,-0.1213,-0.6584,291.2969
19:34:47:086,1.7072,2.463,9.3052,34.7774,-0.3707,0.0377,-0.7593,291.9375
19:34:47:106,1.1326,2.165,10.3515,33.7208,-0.4778,0.2172,-0.8328,292.6719
19:34:47:127,0.3138,1.6574,11.0853,33.7419,-0.5164,0.3235,-0.8067,293.4375
19:34:47:148,-0.2968,1.2947,11.8466,35.0519,-0.4716,0.3379,-0.6475,294.3438
19:34:47:166,-0.11,1.1139,12.5421,34.087,-0.3526,0.2731,-0.4374,295.7031
19:34:47:186,0.4335,1.0888,13.0641,33.1576,-0.1933,0.201,-0.3095,296.3906
19:34:47:206,0.7543,0.8027,13.1587,34.7906,-0.0469,0.2012,-0.309,296.8594
19:34:47:226,0.5065,0.4495,12.6307,33.0118,-0.032,0.2755,-0.3298,297.2031
19:34:47:251,0.2108,0.3047,12.584,34.0155,-0.1694,0.3607,-0.3002,297.5156
19:34:47:270,0.0181,0.1239,12.8079,32.1589,-0.3076,0.4686,-0.2784,297.8906
19:34:47:287,-0.4859,-0.3214,13.1539,32.2782,-0.3388,0.4553,-0.2483,298.2031
19:34:47:306,-1.1491,-0.7763,13.258,33.2035,-0.1491,0.3674,-0.1284,298.4844
19:34:47:327,-1.6208,-0.9954,11.758,32.7872,0.2237,0.3482,0.1057,298.7188
19:34:47:348,-0.3698,-0.513,6.7913,32.6329,0.4067,-0.0792,0.4889,298.8594
19:34:47:366,0.3616,-0.4878,6.8009,33.0156,0.0674,-0.4909,0.4093,298.8594
19:34:47:387,0.4957,-0.7763,8.4373,31.7574,-0.2442,-0.6715,0.2894,298.3438
19:34:47:406,0.0708,-0.835,9.6308,32.5213,-0.3518,-0.5783,0.2359,297.8125
19:34:47:429,-0.189,-0.8793,10.1396,32.5239,-0.2589,-0.4052,0.2913,297.2031
19:34:47:450,-0.3506,-0.7883,9.2417,33.5243,-0.0293,-0.2323,0.4205,297.2031
19:34:47:467,-0.1387,-0.3849,7.8495,33.3049,0.151,-0.2204,0.5856,296.8281
19:34:47:486,0.4849,-0.0138,6.9337,32.9168,0.2045,-0.3141,0.686,296.5
19:34:47:505,0.8524,0.5956,6.7637,32.7472,0.1262,-0.3684,0.6833,296.0312
19:34:47:526,1.0763,1.0469,7.0606,32.0728,0.0179,-0.2736,0.6074,295.4062
19:34:47:551,0.7651,1.1977,7.3132,31.7143,-0.0336,-0.1445,0.4979,294.6406
19:34:47:570,0.3844,1.2516,7.3874,31.7143,-0.0455,-0.0928,0.4649,293.875
19:34:47:586,0.2683,1.3821,7.5957,30.5388,-0.0541,-0.1524,0.4804,293.2344
19:34:47:607,0.2802,1.4778,8.2326,32.5555,-0.0602,-0.2664,0.4969,292.6719
19:34:47:627,0.4801,1.5556,9.0083,32.5213,-0.0583,-0.3634,0.5081,292.1406
19:34:47:653,0.6992,1.5856,9.863,32.8917,-0.0621,-0.4038,0.4977,291.5938
19:34:47:671,1.0236,1.5736,10.7872,31.3071,-0.0373,-0.3325,0.4678,291.0781
19:34:47:686,1.2451,1.5114,10.8219,32.8132,0.0176,-0.1911,0.3954,290.5
19:34:47:705,1.3636,1.2085,10.4496,32.9092,-0.0061,-0.1855,0.3041,289.9531
19:34:47:725,1.8748,0.6147,10.9907,31.4263,-0.1619,-0.3141,0.2226,289.2344
19:34:47:751,2.1465,-0.1024,12.7468,33.3342,-0.3089,-0.3764,0.1422,288.8438
19:34:47:770,2.1286,-0.7751,14.236,31.0865,-0.2522,-0.1876,0.1666,288.5469
19:34:47:786,2.7702,-1.2049,13.1946,30.827,-0.0037,0.1666,0.2948,288.375
19:34:47:806,3.583,-0.8027,11.0182,34.4012,0.1015,0.2529,0.3155,288.2344
19:34:47:825,4.2594,-0.4938,9.7002,32.2589,-0.0256,0.1357,0.1251,287.9844
19:34:47:851,4.1948,-0.7069,9.5231,32.8447,-0.2852,-0.055,-0.2312,287.6094
19:34:47:866,3.3209,-1.4407,10.7716,31.6072,-0.5297,-0.1876,-0.5338,287.3125
19:34:47:886,2.2159,-2.0273,12.262,32.06,-0.6104,-0.0246,-0.6179,287.375
19:34:47:909,1.4223,-2.2535,12.754,32.9829,-0.449,0.3394,-0.4928,287.8438
19:34:47:925,1.4989,-2.0081,11.2158,33.1597,-0.1334,0.5991,-0.2536,288.5156
19:34:47:947,2.4338,-1.4227,9.3076,31.5915,0.0828,0.4609,-0.1013,289.2031
19:34:47:967,3.4286,-1.0912,8.5654,33.1046,0.1619,0.1064,-0.1508,289.625
19:34:47:986,3.5268,-0.7536,8.1967,33.9883,0.1662,-0.0747,-0.3378,289.7812
19:34:48:007,2.9198,-0.568,7.6855,32.4224,0.1028,-0.0001,-0.5255,289.8281
19:34:48:026,2.1214,-0.4352,7.1528,32.2658,0.0205,0.148,-0.6203,290
19:34:48:047,1.6629,-0.2041,6.7051,32.7242,-0.0429,0.2521,-0.6352,290.6406
19:34:48:068,1.4079,0.1682,6.3412,33.0795,-0.1044,0.2694,-0.6198,291.2969
19:34:48:087,1.3349,0.574,6.4417,33.1816,-0.1601,0.1855,-0.6102,292.0156
19:34:48:106,1.2726,0.8254,6.9924,34.375,-0.1712,0.0388,-0.6334,292.7344
19:34:48:125,0.9075,1.0253,7.6424,32.8113,-0.1422,-0.0523,-0.6475,293.3906
19:34:48:148,0.8501,1.3007,8.1955,31.0141,-0.1081,-0.0795,-0.6014,294.0938
19:34:48:166,1.0871,1.6526,8.703,32.3923,-0.0943,-0.0451,-0.5793,294.8438
19:34:48:185,1.2068,1.9016,9.2824,32.6586,-0.11,0.0532,-0.6187,295.5312
19:34:48:207,1.1422,2.0716,9.8942,32.2597,-0.1257,0.1709,-0.6872,296.1875
19:34:48:225,0.6633,2.0872,10.4951,33.0016,-0.1185,0.2675,-0.7415,296.875
19:34:48:262,0.0324,1.7986,11.0242,31.4118,-0.0586,0.2761,-0.7276,297.5781
19:34:48:285,-0.4332,1.5497,11.4935,32.9882,0.0421,0.2715,-0.6073,298.3906
19:34:48:295,-0.438,1.3952,11.6371,33.5373,0.1585,0.2681,-0.4523,299.25
19:34:48:305,-0.2405,1.2599,11.6611,33.2066,0.2178,0.2556,-0.3252,300.0156
19:34:48:326,0.054,1.1259,11.8945,32.7064,0.2122,0.2633,-0.2392,300.8281
19:34:48:352,0.364,0.8637,11.8885,32.1062,0.187,0.3392,-0.2094,301.2031
19:34:48:373,0.3473,0.5656,11.6623,32.1062,0.0815,0.3642,-0.239,301.4844
19:34:48:386,-0.0035,0.258,12.529,33.076,-0.0799,0.3461,-0.2507,301.7188
19:34:48:407,-0.4189,-0.1706,13.4699,31.6591,-0.1047,0.4369,-0.2115,301.9844
19:34:48:427,-0.845,-0.7308,13.0808,31.1996,0.0368,0.5038,-0.0911,302.25
19:34:48:454,-0.8774,-1.0385,12.2896,32.0655,0.2109,0.36,0.0998,302.4844
19:34:48:466,-0.6463,-1.2492,11.7556,33.1123,0.3593,0.1972,0.2588,302.5469
19:34:48:486,-0.5948,-1.3928,10.8279,31.6642,0.5153,0.1392,0.3619,302.5469
19:34:48:506,-0.6224,-1.394,9.1855,32.2033,0.6,0.0532,0.4375,302.3438
19:34:48:526,-0.5278,-1.3282,7.8699,32.1543,0.498,-0.1436,0.4838,302.0156
19:34:48:552,-0.4871,-1.2252,7.8543,32.1539,0.2479,-0.3857,0.5073,301.5938
19:34:48:570,-0.2501,-1.0923,8.818,32.2313,0.0578,-0.5421,0.5283,301.0938
19:34:48:586,-0.1555,-0.9032,9.3363,31.9513,0.0413,-0.5572,0.5406,300.5781
19:34:48:606,-0.2166,-0.4758,9.304,31.4567,0.1467,-0.4787,0.5975,299.7188
19:34:48:627,0.127,0.1083,8.3295,32.0266,0.3204,-0.3642,0.6958,299.125
19:34:48:651,0.8584,0.6195,6.9589,30.7983,0.4,-0.3399,0.7283,298.5156
19:34:48:668,1.6282,0.7871,6.4525,31.6403,0.2964,-0.4137,0.6074,297.7344
19:34:48:686,1.1984,0.9715,7.2162,31.9652,0.0975,-0.3501,0.4103,296.9375
19:34:48:706,0.1091,1.3066,8.2015,29.6098,0.0357,-0.1125,0.3374,296.2656
19:34:48:727,-0.6344,1.4048,8.3966,30.619,0.176,0.0774,0.4135,295.8438
19:34:48:751,0.8537,1.7304,7.7382,31.9475,0.3611,-0.0342,0.7555,295.4688
19:34:48:774,1.9239,1.9483,8.3703,31.0491,0.2937,-0.1375,0.6671,295.4688
19:34:48:787,2.0076,1.8262,9.4189,29.7172,0.2386,-0.1474,0.4244,295
19:34:48:805,1.4366,1.3306,10.0055,30.1699,0.2666,-0.0779,0.2378,293.4688
19:34:48:882,0.789,0.8039,9.8546,29.5664,0.3151,-0.0267,0.2101,292.7188
19:34:48:882,0.9422,0.7117,9.6715,29.7291,0.269,-0.0227,0.3153,292
19:34:48:882,1.8233,0.8278,9.9085,29.4242,0.1387,-0.1144,0.3459,292
19:34:48:885,2.2411,0.817,11.0003,29.3466,-0.0085,-0.2318,0.2226,291.5938
19:34:48:905,1.8568,0.4591,12.0801,28.4786,-0.0637,-0.1655,0.1019,291.4062
19:34:48:926,1.4642,0.1024,12.0358,29.311,-0.029,0.0204,0.1238,291.0312
19:34:48:948,2.0555,-0.1873,11.2026,29.408,-0.0285,0.1152,0.2151,290.75
19:34:48:966,2.8133,-0.3681,10.4592,29.7046,-0.1334,0.095,0.1818,290.7031
19:34:48:986,2.8492,-0.4196,10.3359,28.6029,-0.3521,0.0577,0.0242,290.5625
19:34:49:005,2.4075,-0.6734,11.0972,27.977,-0.5385,0.1054,-0.1348,290.3125
19:34:49:024,1.8029,-0.8673,11.709,28.0662,-0.5518,0.2393,-0.2203,290.0938
19:34:49:045,1.3768,-0.9499,11.4935,26.6078,-0.416,0.3307,-0.1854,290.0625
19:34:49:065,1.6497,-0.7835,10.5753,29.5051,-0.2463,0.2875,-0.0967,290.2031
19:34:49:088,2.3189,-0.5058,9.8906,28.1345,-0.1614,0.1088,-0.0962,290.4375
19:34:49:104,2.8983,-0.4112,9.535,27.8425,-0.1561,-0.0022,-0.2014,290.625
19:34:49:124,2.848,-0.2735,9.2082,28.0662,-0.1957,0.0707,-0.3537,290.7188
19:34:49:145,2.2531,-0.0485,8.5666,28.7935,-0.2264,0.2596,-0.485,290.8125
19:34:49:164,1.6509,0.1467,7.6041,28.2382,-0.2208,0.393,-0.5487,291.2031
19:34:49:186,1.2978,0.252,6.5602,26.7468,-0.2274,0.3858,-0.5742,291.6719
19:34:49:204,0.9805,0.4483,6.1808,27.8044,-0.2945,0.2612,-0.5876,292.2656
19:34:49:227,0.6956,0.6434,6.6357,26.8717,-0.3236,0.132,-0.5913,292.875
19:34:49:248,0.6011,0.6997,7.0008,29.5419,-0.2565,0.0486,-0.5844,293.4844
19:34:49:265,0.3593,0.8422,7.1085,27.9244,-0.1883,-0.0081,-0.5836,294.1406
19:34:49:287,-0.2812,1.0732,7.3874,26.0473,-0.1862,-0.0099,-0.525,294.7969
19:34:49:305,-0.5182,1.4778,8.1572,27.9633,-0.2354,0.0934,-0.3359,295.4375
19:34:49:325,0.0157,2.2105,8.9233,27.068,-0.2434,0.2982,-0.1378,296.0781
19:34:49:347,0.3999,2.8832,9.134,25.9474,-0.2085,0.4148,-0.0925,296.5781
19:34:49:365,0.771,3.3393,9.31,26.0134,-0.2408,0.3781,-0.1604,296.8281
19:34:49:385,1.0141,3.1993,10.4604,28.3227,-0.3441,0.2007,-0.3268,296.9062
19:34:49:405,0.4251,2.4966,12.3997,25.4398,-0.3755,0.0529,-0.4632,297.0156
19:34:49:426,-0.365,1.7364,14.2887,24.6584,-0.2312,0.0239,-0.4099,297.2656
19:34:49:448,-0.6272,1.0672,15.1147,24.3369,0.1047,0.0697,-0.2025,297.7031
19:34:49:465,-0.2908,0.7476,14.5413,24.9927,0.4629,0.1517,0.0455,297.9531
19:34:49:486,0.3485,0.7009,12.9049,25.1507,0.6474,0.2793,0.1904,298.5781
19:34:49:505,0.4622,0.7045,11.2457,25.5598,0.5262,0.3736,0.1704,298.6719
19:34:49:525,0.03,0.4783,11.3079,25.8109,0.2021,0.345,0.1097,298.5312
19:34:49:545,-0.3782,-0.173,12.5948,25.1959,0.0096,0.2734,0.1136,298.3281
19:34:49:565,-0.7421,-0.6985,13.2089,25.7095,0.1332,0.1847,0.1941,298.1875
19:34:49:584,-0.8283,-1.0002,12.3638,26.1978,0.4762,0.0137,0.3241,298.0781
19:34:49:605,-0.62,-0.9008,10.6148,25.2456,0.7151,-0.125,0.4378,297.9062
19:34:49:625,-0.4045,-0.677,9.0155,24.6754,0.7001,-0.0321,0.4878,297.625
19:34:49:645,-0.1639,-0.5118,7.4317,24.6836,0.5374,0.1528,0.4668,297.25
19:34:49:664,-0.3279,-0.4268,6.1317,24.7556,0.2503,0.2106,0.3709,296.7656
19:34:49:685,-0.9396,-0.4339,6.0311,25.0261,-0.0945,-0.0065,0.2985,296.25
19:34:49:704,-1.4101,-0.5321,7.2318,24.1771,-0.3254,-0.3636,0.3275,295.7656
19:34:49:724,-1.2832,-0.5836,8.551,24.4934,-0.3947,-0.6044,0.429,295.4219
19:34:49:744,-0.6655,-0.6171,9.5374,24.8555,-0.3462,-0.6917,0.5131,294.875
19:34:49:764,-0.3782,-0.4411,10.0689,25.0757,-0.2559,-0.5881,0.5443,294.4219
19:34:49:785,-0.3566,-0.2376,10.1312,25.4748,-0.0972,-0.3053,0.5896,293.8594
19:34:49:805,-0.3147,-0.155,8.8838,26.1076,0.13,0.0476,0.67,293.2656
19:34:49:825,-0.195,0.1909,7.0774,25.757,0.289,0.2947,0.7869,292.5938
19:34:49:844,0.1653,0.5082,5.5367,23.7292,0.3614,0.3956,0.89,291.8594
19:34:49:864,0.7627,0.8194,4.3683,26.1072,0.3201,0.3213,0.9022,290.9531
19:34:49:887,1.287,1.2887,4.1134,26.1829,0.0671,0.0678,0.8045,289.9375
19:34:49:905,1.5887,1.7268,5.3248,25.92,-0.376,-0.2385,0.6308,288.9375
19:34:49:925,1.1457,1.8944,8.794,22.8174,-0.7806,-0.4896,0.4383,288.4531
19:34:49:945,0.5663,1.3821,12.3303,24.8197,-0.7814,-0.4797,0.3398,287.625
19:34:49:969,0.1174,0.7871,13.7991,24.6473,-0.3827,-0.2904,0.3866,287.0312
19:34:49:987,0.0672,0.8984,12.6978,24.0561,0.009,-0.0853,0.5515,286.625
19:34:50:004,1.0943,1.248,11.4648,24.8081,0.1068,-0.1548,0.6279,286.2344
19:34:50:024,2.4135,1.2121,11.7377,24.6831,-0.0264,-0.41,0.4734,285.7031
19:34:50:045,2.8157,0.4866,13.4974,24.775,-0.1425,-0.6084,0.1898,284.6875
19:34:50:064,2.3117,-0.3561,14.5114,24.3318,-0.0589,-0.4696,0.0138,284.1719
19:34:50:084,2.0711,-0.9092,13.586,25.227,0.1582,-0.0635,0.0561,283.9844
19:34:50:104,2.6493,-0.7105,11.0805,26.0567,0.2732,0.2036,0.1427,283.9844
19:34:50:124,3.3436,-0.2735,9.2729,24.8927,0.1643,0.1743,0.0332,283.9219
19:34:50:147,2.3165,-0.9212,8.9628,24.0561,-0.3422,-0.2677,-0.5979,283.75
19:34:50:171,1.099,-1.7759,10.1683,26.0033,-0.5087,-0.2992,-0.6866,283.75
19:34:50:187,0.1078,-2.1254,11.0278,26.5315,-0.4895,-0.0435,-0.5098,283.7188
19:34:50:205,0.145,-1.9818,10.4724,25.8779,-0.2836,0.2747,-0.1785,284.7344
19:34:50:224,1.2595,-1.4084,8.873,26.1345,-0.1081,0.2923,0.0894,285.5312
19:34:50:245,2.933,-0.8386,8.1272,26.0103,-0.098,-0.0161,0.1227,286.0781
19:34:50:265,3.826,-0.3083,8.6073,25.3693,-0.1752,-0.2816,-0.1082,286.2812
19:34:50:285,3.5028,-0.1419,8.9496,25.4214,-0.2226,-0.1745,-0.4653,286.1719
19:34:50:305,2.3381,-0.404,8.4708,25.5311,-0.2517,0.1789,-0.7362,286.0469
19:34:50:326,1.3397,-0.4339,7.5598,26.8518,-0.3132,0.4849,-0.8075,286.375
19:34:50:351,0.9506,-0.1909,7.4233,27.1599,-0.3798,0.5773,-0.7772,286.7031
19:34:50:367,0.8201,0.1646,7.7645,25.5222,-0.3276,0.516,-0.7498,287.9531
19:34:50:385,0.6944,0.3071,7.7944,27.5059,-0.1867,0.3709,-0.7418,288.3906
19:34:50:407,0.1821,0.4076,8.1308,25.8863,-0.1031,0.2524,-0.7071,289.2812
19:34:50:424,-0.1136,0.6075,8.7964,27.0938,-0.0338,0.2388,-0.5742,290.125
19:34:50:445,0.1486,1.1534,9.0251,25.0742,0.0506,0.3219,-0.4424,290.9219
19:34:50:467,0.443,1.5844,8.7916,25.0742,0.0882,0.3722,-0.4091,291.7188
19:34:50:486,0.5089,1.9052,8.9413,25.6739,0.013,0.3472,-0.4496,292.375
19:34:50:506,0.2479,1.9375,9.8175,26.5102,-0.094,0.3171,-0.5013,292.8594
19:34:50:524,-0.0933,1.6658,10.6926,26.1399,-0.1542,0.3024,-0.4864,293.3281
19:34:50:545,-0.5984,1.5772,11.9639,25.955,-0.1665,0.2612,-0.3809,293.8438
19:34:50:566,-0.7756,1.6514,13.2389,26.7877,-0.0418,0.3035,-0.1942,294.4062
19:34:50:586,-0.4249,1.6287,13.8266,27.4709,0.1944,0.4063,-0.0243,294.9219
19:34:50:605,-0.0358,1.3869,13.3418,26.3083,0.3228,0.6718,0.0239,295.4844
19:34:50:625,-0.1004,0.9415,12.6655,26.4264,0.2192,1.0598,0.0066,295.6094
19:34:50:646,-0.4261,0.4004,12.1854,27.8815,0.0887,1.2457,0.0045,295.6094
19:34:50:670,-0.8869,0.0772,12.2129,26.3931,0.1276,0.957,0.0308,295.6094
19:34:50:688,-1.0761,-0.2304,12.3267,26.9812,0.3654,0.4308,0.0958,295.5938
19:34:50:709,-0.9995,-0.4663,11.5737,26.7649,0.6535,0.0505,0.1488,295.5781
19:34:50:727,-1.0354,-0.8266,10.2294,26.2265,0.7545,-0.0725,0.1619,295.5312
19:34:50:750,-1.2712,-1.2587,9.3064,27.9944,0.6586,-0.0411,0.1877,295.4375
19:34:50:769,-1.5741,-1.3725,8.6683,26.2693,0.542,0.0721,0.2604,295.3594
19:34:50:784,-1.4639,-1.2887,7.4916,28.0117,0.4408,0.0894,0.3131,295.2344
19:34:50:806,-1.2808,-1.2109,6.5243,27.9606,0.2234,-0.0893,0.3009,295.0625
19:34:50:827,-1.2904,-1.0936,6.9888,27.0546,-0.0924,-0.403,0.2596,294.7656
19:34:50:852,-0.9923,-1.1666,8.6767,29.2345,-0.3465,-0.6459,0.2449,294.4688
19:34:50:871,-0.8031,-1.1331,10.6483,26.8591,-0.4285,-0.6925,0.2202,294.1719
19:34:50:888,-1.0198,-0.9463,11.7245,29.2696,-0.2506,-0.4084,0.2303,294.0312
19:34:50:962,-0.8786,-0.4962,10.61,29.8226,0.0658,0.0508,0.3115,293.625
19:34:50:962,0.443,0.3418,9.3172,29.4248,0.3286,0.2654,0.3707,293.375
19:34:50:963,1.961,1.3162,8.5522,29.4176,0.5947,0.0872,0.1861,293.0781
19:34:50:978,0.8309,1.7256,7.4066,27.6186,0.7904,-0.3903,-0.2014,292.6875
19:34:50:983,-1.2078,1.3593,6.9972,27.8893,0.7731,-0.7242,-0.2914,292.3594
19:34:51:004,-1.6555,1.1115,7.1181,29.4399,0.6655,-0.7069,-0.0323,292.4375
19:34:51:024,-1.0749,1.3916,7.0594,28.3256,0.5124,-0.5037,0.2798,292.9062
19:34:51:044,-0.1627,1.898,7.318,28.7369,0.302,-0.3101,0.4455,293.2031
19:34:51:067,0.4718,2.1709,8.2206,28.341,0.1292,-0.227,0.4354,293.1406
19:34:51:085,0.8632,2.2093,9.0251,28.1238,0.118,-0.2542,0.3424,292.7656
19:34:51:104,0.7806,2.1183,9.565,29.2727,0.1835,-0.3484,0.2098,292.2969
19:34:51:124,0.467,1.7987,10.2245,27.8205,0.261,-0.3468,0.1326,291.875
19:34:51:144,0.5627,1.3378,10.1946,27.986,0.3843,-0.2691,0.1262,291.5156
19:34:51:169,0.9865,1.1055,9.1232,28.8232,0.4418,-0.3383,0.0825,291.4219
19:34:51:187,1.3684,0.7021,9.0717,28.0588,0.2679,-0.5152,-0.0352,291.3125
19:34:51:207,1.4259,0.1562,10.1503,28.6869,-0.0013,-0.4808,-0.1495,291.2812
19:34:51:223,1.3828,-0.3418,10.6998,29.3392,-0.1949,-0.1796,-0.1838,291.375
19:34:51:247,1.5911,-0.4076,10.0186,30.0018,-0.3614,0.0966,-0.1434,291.6094
19:34:51:266,2.04,0.009,9.79,30.1891,-0.5675,0.002,-0.1553,291.8281
19:34:51:284,2.2339,0.0221,10.6184,31.9354,-0.7505,-0.2906,-0.3058,291.9688
19:34:51:304,1.5839,-0.41,11.7892,30.5782,-0.8559,-0.4169,-0.4691,292.125
19:34:51:325,0.3174,-0.72,12.8606,29.6865,-0.849,-0.3024,-0.4707,292.4844
19:34:51:344,-0.4129,-0.9846,13.0641,31.1579,-0.6687,-0.0291,-0.2557,293.0312
19:34:51:366,0.0648,-0.8003,11.9628,30.2427,-0.4059,0.0987,0.0543,293.3281
19:34:51:384,1.2152,-0.2316,11.1367,28.4002,-0.1997,-0.0345,0.2484,293.75
19:34:51:405,2.3476,0.1227,10.5968,28.6378,-0.049,-0.1716,0.2372,293.8438
19:34:51:424,2.6278,0.3741,9.5877,31.2591,0.0535,-0.0811,0.0956,293.625
19:34:51:444,2.3608,0.5692,8.1823,30.8124,0.0767,0.1134,-0.0608,293.3438
19:34:51:467,2.0591,0.7644,6.8044,30.9661,0.0248,0.2577,-0.1857,293.125
19:34:51:484,1.8389,0.9463,5.8228,29.9051,-0.0799,0.263,-0.2965,293.1875
19:34:51:503,1.5575,1.218,5.5008,31.3061,-0.2208,0.1823,-0.3963,293.375
19:34:51:524,1.4342,1.3509,5.7259,29.3159,-0.3491,0.1189,-0.4922,293.7031
19:34:51:545,0.9147,1.2468,6.5291,30.3191,-0.5478,0.1464,-0.6256,294.1406
19:34:51:571,0.2826,0.6004,6.5734,30.961,-0.681,0.1927,-0.5655,294.1406
19:34:51:591,-0.62,0.7141,6.7003,30.2753,-0.8669,0.1179,-0.301,294.6562
19:34:51:604,0.1246,1.7771,8.733,30.1065,-1.0011,-0.1562,-0.0187,295.3125
19:34:51:624,1.7491,2.1781,11.7437,31.5827,-0.8607,-0.2837,-0.0238,296.625
19:34:51:644,2.1046,2.1434,13.106,31.0216,-0.5148,-0.0867,-0.2275,296.9062
19:34:51:672,1.3181,1.8717,13.258,31.5365,-0.2069,0.1224,-0.3945,296.8906
19:34:51:687,0.2934,1.4431,13.0174,30.1455,0.0437,0.1719,-0.4299,296.8906
19:34:51:706,-0.4668,1.1941,12.6439,29.8537,0.2261,0.1259,-0.3489,297.5781
19:34:51:724,-0.5302,1.06,12.4643,30.6653,0.2881,0.0787,-0.2211,297.8281
19:34:51:744,-0.0765,0.75,12.4572,30.669,0.2312,0.1032,-0.178,298.2969
19:34:51:765,-0.2178,0.1766,12.5481,30.368,0.081,0.1448,-0.236,298.6094
19:34:51:784,-0.9743,-0.4447,13.2341,31.0204,-0.0573,0.1456,-0.2326,298.7188
19:34:51:804,-1.507,-0.8888,13.7392,29.5433,-0.0338,0.1216,-0.0765,298.9375
19:34:51:823,-1.537,-1.2312,13.3478,32.0097,0.1161,0.0564,0.1336,299.2188
19:34:51:844,-1.3011,-1.6035,12.5793,29.2936,0.3063,-0.1322,0.3379,299.4688
19:34:51:867,-0.7852,-1.74,11.843,29.831,0.453,-0.2347,0.5214,299.5469
19:34:51:887,-0.6128,-1.5377,10.7046,30.9536,0.5545,-0.0893,0.6202,299.3906
19:34:51:903,-0.6092,-1.3102,8.5331,29.8113,0.6035,0.0889,0.6687,299.0469
19:34:51:923,-0.3878,-1.3258,6.5674,29.7888,0.47,-0.0155,0.6828,298.4688
19:34:51:943,-0.2656,-1.2145,6.2119,32.7053,0.1707,-0.3575,0.6705,297.7812
19:34:51:968,-0.0262,-1.0732,7.2522,29.8367,-0.1081,-0.6337,0.6591,297.0625
19:34:51:987,0.1438,-1.0576,8.6192,30.8829,-0.2112,-0.7,0.6149,295.5469
19:34:52:003,-0.0047,-1.09,9.0083,30.996,-0.1446,-0.5319,0.6066,294.8125
19:34:52:023,0.0552,-1.06,8.3786,29.6389,-0.0234,-0.3301,0.6841,294.5
19:34:52:043,0.1294,-0.7548,7.6747,27.6259,0.0266,-0.2486,0.7792,293.8281
19:34:52:068,0.3976,-0.3645,7.5754,30.6279,0.0434,-0.2227,0.8777,293.1094
19:34:52:085,0.8465,0.0078,7.4329,29.8531,0.0956,-0.1849,0.9352,292.2812
19:34:52:103,1.3624,0.5417,7.1827,28.8595,0.1079,-0.1524,0.9275,291.375
19:34:52:123,1.7084,0.9332,7.1887,28.7328,0.0264,-0.1508,0.825,290.3438
19:34:52:143,1.5288,1.1355,7.8687,29.9747,-0.086,-0.1732,0.6745,289.2656
19:34:52:171,1.3193,1.1414,8.569,29.3403,-0.1305,-0.1503,0.5736,288.2969
19:34:52:187,1.3672,1.1582,8.8862,28.8387,-0.142,-0.1189,0.5051,287.4531
19:34:52:206,1.5839,1.1893,9.3351,28.8327,-0.1992,-0.0832,0.4343,286.75
19:34:52:223,1.7718,1.2264,10.209,30.3818,-0.2767,0.0042,0.3421,286.1719
19:34:52:245,2.2159,1.1402,11.0589,29.7939,-0.3382,0.2151,0.2007,285.625
19:34:52:268,2.2387,0.8302,11.5198,26.9054,-0.4716,0.5746,-0.0166,285.1875
19:34:52:285,1.6186,0.0221,12.6247,29.9079,-0.6253,0.7791,-0.2025,284.875
19:34:52:304,0.9937,-0.908,14.1139,28.094,-0.5273,0.7059,-0.2384,284.7656
19:34:52:328,0.886,-1.5892,14.7939,30.4005,-0.1036,0.4223,-0.1231,284.9062
19:34:52:343,1.5623,-1.6921,13.6028,27.7979,0.4232,0.1573,0.0412,285.1719
19:34:52:366,2.6864,-1.2432,11.0984,28.3429,0.6698,0.0257,0.0436,285.3906
19:34:52:394,3.3388,-0.8445,9.0753,28.4991,0.4645,-0.0185,-0.2099,285.4219
19:34:52:404,2.6349,-1.1007,9.0682,28.271,-0.0266,-0.014,-0.5759,285.3594
19:34:52:428,1.3552,-1.9806,10.804,28.86,-0.4306,0.0921,-0.7633,285.4219
19:34:52:443,0.1845,-2.7216,12.6499,28.356,-0.4647,0.3131,-0.6667,285.875
19:34:52:463,-0.0717,-2.7887,12.5733,27.2042,-0.0551,0.5557,-0.3303,286.6875
19:34:52:488,0.8141,-2.0991,10.0354,28.847,0.4208,0.5602,-0.0054,287.5312
19:34:52:508,2.4362,-1.4754,7.6436,29.9456,0.5675,0.2002,0.0532,288.0781
19:34:52:524,3.3472,-1.1067,6.8858,30.1404,0.3665,-0.2374,-0.1812,288.25
19:34:52:544,2.9617,-1.0421,7.8699,29.4446,0.0373,-0.37,-0.5189,288.1875
19:34:52:569,1.7431,-1.3018,8.8934,27.2341,-0.1332,-0.092,-0.7332,288.4062
19:34:52:584,0.5053,-1.1642,8.3655,27.2341,-0.0905,0.3078,-0.7074,289
19:34:52:603,0.1138,-0.726,6.9768,28.8667,-0.0133,0.4873,-0.5399,289.8438
19:34:52:624,0.5077,0.021,6.2334,29.2198,-0.017,0.4398,-0.3742,290.6094
19:34:52:644,1.384,0.7943,6.2418,28.9189,-0.0325,0.263,-0.3228,291.2188
19:34:52:670,2.0627,1.4718,6.674,29.9612,-0.0064,0.0066,-0.4435,291.6406
19:34:52:686,1.8963,1.8657,7.245,28.6238,0.0125,-0.2057,-0.6893,291.9844
19:34:52:704,1.032,1.7304,7.81,29.9228,-0.0163,-0.2267,-0.8842,292.4844
19:34:52:724,0.1988,1.6047,8.4337,27.6925,-0.0967,-0.1178,-0.9114,293.2812
19:34:52:745,-0.1364,1.6119,9.3734,29.1354,-0.1521,-0.0302,-0.8371,293.7812
19:34:52:770,-0.2106,1.6179,10.4652,28.5825,-0.1228,0.0066,-0.7681,294.7812
19:34:52:788,-0.4201,1.564,11.2361,29.6044,-0.0115,0.0231,-0.7202,295.7656
19:34:52:804,-0.7684,1.3066,11.4863,27.8702,0.123,0.0167,-0.6651,296.6875
19:34:52:824,-1.2054,1.0038,11.8538,29.6201,0.2344,0.014,-0.5564,297.1094
19:34:52:844,-1.5011,0.6818,11.9867,28.5888,0.3406,0.0625,-0.4051,298.2969
19:34:52:871,-1.7225,0.24,11.9316,30.3506,0.4024,0.1168,-0.2403,299.3125
19:34:52:889,-1.5801,-0.1383,11.5246,30.9744,0.3979,0.1911,-0.0595,299.7656
19:34:52:907,-1.1479,-0.2795,11.0901,30.9555,0.2884,0.2439,0.0793,300.0625
19:34:52:925,-0.7217,-0.5118,11.0972,30.7638,0.0828,0.2918,0.1477,300.1406
19:34:52:945,-0.1914,-0.6794,11.448,29.2337,-0.285,0.3272,0.1507,300.0625
19:34:52:969,-0.2429,-1.0469,12.511,32.2559,-0.3209,0.0287,0.099,300.0625
19:34:53:032,-0.62,-1.7113,13.5309,30.7836,-0.1427,-0.1197,0.1201,299.8906
19:34:53:033,-1.1264,-2.238,12.3686,31.0677,0.1891,0.0843,0.2908,299.6875
19:34:53:033,-1.1311,-1.9172,9.6009,32.0153,0.3694,0.2822,0.5928,299.3594
19:34:53:046,-0.2561,-1.2935,7.6783,31.3419,0.2879,0.1578,0.8234,299.3594
19:34:53:072,0.7292,-0.7739,7.251,31.6528,0.082,-0.1287,0.829,299.2188
19:34:53:087,1.3157,-0.507,7.9596,32.4728,-0.086,-0.3501,0.6511,298.2656
19:34:53:104,0.9853,-0.3035,8.2458,31.8856,-0.1486,-0.403,0.4154,296.4062
19:34:53:126,0.0875,-0.2532,8.1524,32.4447,-0.2019,-0.4251,0.2756,295.6562
19:34:53:144,-0.5529,-0.3118,8.2625,33.3463,-0.2586,-0.382,0.283,295.4219
19:34:53:169,-0.7912,-0.2472,8.466,31.4802,-0.2471,-0.2707,0.3917,295.0469
19:34:53:187,-0.4225,-0.2149,8.0877,32.0895,-0.1489,-0.1658,0.5318,294.9062
19:34:53:205,0.115,0.0245,7.5993,31.2268,-0.0812,-0.1719,0.6207,294.5625
19:34:53:223,0.4694,0.3837,8.0267,32.0417,-0.0344,-0.2579,0.633,294.1406
19:34:53:244,0.9279,0.7033,8.5498,32.2234,0.1449,-0.3461,0.5885,293.5312
19:34:53:269,1.8676,1.2276,8.8455,31.9506,0.363,-0.3868,0.4548,292.8281
19:34:53:289,2.5056,1.6957,9.1029,31.9716,0.5212,-0.3623,0.1573,292.0938
19:34:53:313,1.9478,1.7197,8.6588,32.9452,0.5718,-0.2513,-0.2129,291.4688
19:34:53:325,0.4466,1.4,8.0399,32.5842,0.4165,-0.1969,-0.4235,290.9688
19:34:53:344,-0.3842,0.8865,8.8228,31.8955,0.1505,-0.2462,-0.3652,290.7969
19:34:53:371,0.0408,0.8422,10.3874,33.9742,-0.0059,-0.1801,-0.1929,291.0469
19:34:53:386,0.8177,1.0193,11.436,33.3685,0.0141,-0.0523,-0.1287,291.5469
19:34:53:404,1.0631,0.7344,11.6527,32.4338,0.098,-0.0638,-0.1753,292.125
19:34:53:425,1.1362,0.1287,12.007,30.8461,0.1214,-0.1881,-0.1921,292.2812
19:34:53:444,1.0512,-0.5321,12.669,34.0565,0.1079,-0.2393,-0.1276,292.4531
19:34:53:468,1.2104,-1.005,12.7612,33.2276,0.1188,-0.0246,0.0575,292.6719
19:34:53:485,1.6952,-1.0121,11.606,33.5322,0.1097,0.2739,0.2854,292.875
19:34:53:504,2.7223,-0.4627,10.8087,35.1923,0.0141,0.2952,0.3765,292.9375
19:34:53:524,3.3759,0.0222,10.4029,33.6579,-0.0932,0.0859,0.2005,292.7344
19:34:53:545,3.3771,-0.2652,10.6747,33.4198,-0.1907,-0.1988,-0.0927,292.2969
19:34:53:568,2.7666,-0.8086,11.4037,33.0728,-0.2362,-0.3263,-0.3151,291.9531
19:34:53:587,2.0077,-1.2444,11.9196,34.1397,-0.1675,-0.21,-0.3697,291.8906
19:34:53:604,1.5444,-1.4251,11.2541,34.9929,0.0413,0.0508,-0.2752,292.1562
19:34:53:623,1.943,-1.303,9.1998,34.9582,0.2242,0.1368,-0.15,292.5625
19:34:53:645,2.8025,-1.1426,7.5119,34.1564,0.1923,-0.0712,-0.1628,292.9531
19:34:53:669,3.0084,-0.8015,7.1552,34.7633,-0.0687,-0.2885,-0.3332,293.1719
19:34:53:686,2.204,-0.7739,7.9369,35.302,-0.3553,-0.26,-0.5343,293.3125
19:34:53:704,0.7734,-0.9463,8.3822,34.7689,-0.4727,0.0356,-0.5721,293.8281
19:34:53:724,-0.2309,-0.6698,7.907,34.8001,-0.4242,0.3035,-0.3745,294.1094
19:34:53:744,-0.0466,-0.1287,7.0115,36.9741,-0.3113,0.3006,-0.1151,294.7969
19:34:53:770,0.7591,0.5381,6.8918,34.748,-0.2408,0.0833,0.0284,295.3125
19:34:53:787,1.4462,1.0995,6.9924,35.5063,-0.184,-0.0526,-0.0019,295.5781
19:34:53:804,1.6126,1.4575,7.2067,34.1858,-0.1864,-0.0792,-0.1452,295.5938
19:34:53:823,1.4618,1.4264,7.4473,34.5954,-0.2607,0.0004,-0.3066,295.5469
19:34:53:843,0.771,1.242,8.144,34.7448,-0.3787,0.0806,-0.4065,295.625
19:34:53:863,0.2395,1.0098,9.4931,34.1064,-0.4349,0.1328,-0.379,295.8906
19:34:53:886,0.1569,0.9499,10.9751,35.9026,-0.3148,0.2084,-0.2749,296.2812
19:34:53:904,0.3293,1.0912,11.2217,35.356,-0.0509,0.307,-0.1785,296.75
19:34:53:923,0.4861,1.2205,10.6687,35.7395,0.131,0.3666,-0.1306,297.125
19:34:53:944,0.2695,1.2348,10.6459,35.3386,0.1662,0.3645,-0.1154,297.375
19:34:53:971,-0.1711,1.0588,11.2433,36.7756,0.2155,0.3509,-0.0589,297.5312
19:34:53:988,-0.3327,0.9427,11.2936,36.9724,0.3305,0.3176,0.0625,297.7344
19:34:54:006,0.0253,0.8326,11.1403,36.6622,0.4019,0.2111,0.1512,297.8125
19:34:54:029,0.4778,0.4567,11.0158,35.5583,0.3284,0.1498,0.1251,297.75
19:34:54:042,0.4143,-0.2592,11.1296,37.3545,0.1158,0.2177,0.0295,297.5781
19:34:54:063,-0.1543,-0.8326,11.3822,39.5101,-0.1481,0.3991,0.021,297.4531
19:34:54:090,-0.3698,-0.8146,11.8275,38.1757,-0.3526,0.5717,0.1318,297.4219
19:34:54:116,-0.2225,-0.7201,11.8574,37.7666,-0.4583,0.5685,0.1983,297.375
19:34:54:122,-0.2836,-0.8565,12.5553,38.2636,-0.5124,0.3232,0.2199,297.2031
19:34:54:143,-0.5218,-1.1833,13.7093,38.5506,-0.3217,0.1006,0.2902,296.9531
19:34:54:173,-0.5601,-1.4623,12.8259,38.1995,0.1326,0.1296,0.4668,296.6719
19:34:54:189,-0.1411,-1.2169,10.1096,39.0259,0.5076,0.2127,0.6846,296.3125
19:34:54:209,0.7076,-0.914,7.3683,37.8221,0.575,0.0633,0.7848,295.7812
19:34:54:226,1.4821,-0.5094,6.5219,38.7304,0.3348,-0.2603,0.7259,295.4688
19:34:54:242,2.0484,-0.3633,7.1253,38.905,0.0354,-0.4616,0.5347,294.6406
19:34:54:264,1.9334,-0.5896,8.1069,38.7074,-0.1545,-0.4891,0.3065,293.7812
19:34:54:285,1.2822,-0.5716,8.4756,38.4203,-0.1878,-0.4057,0.1853,293.0781
19:34:54:304,0.6681,-0.4256,8.3571,37.1008,-0.1614,-0.296,0.172,292.4844
19:34:54:328,0.2886,-0.4687,7.9441,37.9155,-0.1127,-0.1943,0.2252,292.2656
19:34:54:344,0.7663,-0.0688,7.6472,37.3829,-0.02,-0.268,0.3898,292.0938
19:34:54:365,0.8764,-0.1682,7.9644,37.6381,0.017,-0.3431,0.3251,291.4531
19:34:54:388,0.4622,-0.4507,7.9692,39.016,0.0783,-0.3378,0.2854,291.4531
19:34:54:406,-0.0705,-0.4507,7.6257,40.2639,0.1214,-0.2984,0.3328,290.6719
19:34:54:423,-0.183,-0.1287,7.0738,39.7606,0.0714,-0.3208,0.4359,290.6719
19:34:54:442,0.1294,0.3442,7.4317,39.3825,-0.1364,-0.472,0.5054,290.3438
19:34:54:462,0.2934,0.835,9.3974,40.0735,-0.3611,-0.5738,0.5219,289.9844
19:34:54:488,0.6813,1.0983,11.3259,40.1115,-0.3654,-0.4555,0.5363,289.5156
19:34:54:506,0.9913,1.3581,12.1208,38.3646,-0.1582,-0.2662,0.4995,288.9375
19:34:54:522,1.0548,1.5209,11.4971,39.2641,0.0594,-0.1386,0.4202,288.3594
19:34:54:543,1.2379,1.3833,10.8518,37.4846,0.1158,-0.2289,0.3214,287.2031
19:34:54:563,1.4714,0.9032,11.2529,39.5617,0.025,-0.382,0.2087,286.9531
19:34:54:587,1.6066,0.337,12.2249,38.448,-0.0807,-0.3724,0.1256,286.5312
19:34:54:605,1.8137,-0.0664,12.9922,39.7361,-0.0999,-0.2044,0.1267,286.25
19:34:54:624,2.5835,-0.2975,12.7217,40.005,-0.0253,-0.0507,0.16,286.0781
19:34:54:643,3.4035,-0.2771,11.8418,38.9686,-0.0093,-0.0736,0.0934,285.9375
19:34:54:663,3.5615,-0.3849,11.843,39.322,-0.1023,-0.2161,-0.0938,285.8594
19:34:54:687,2.9294,-0.7895,12.6391,39.8453,-0.1824,-0.2704,-0.2547,285.6875
19:34:54:704,2.2734,-1.3545,13.4555,38.9968,-0.1241,-0.19,-0.2459,285.5781
19:34:54:723,1.8496,-1.7077,13.5609,38.9968,0.1257,-0.0169,-0.077,285.7031
19:34:54:746,1.9777,-1.503,12.5002,38.8372,0.5175,0.1011,0.16,285.9844
19:34:54:769,3.0419,-1.157,10.4173,37.7799,0.8586,0.0279,0.3057,286.2656
19:34:54:787,4.3875,-0.811,8.7102,38.4305,0.9673,-0.2217,0.2002,286.3438
19:34:54:804,4.9932,-0.5716,7.8794,40.1795,0.8008,-0.4201,-0.1689,286.1562
19:34:54:822,4.4282,-0.6674,8.0051,40.2,0.4807,-0.3114,-0.6427,285.6406
19:34:54:843,2.9713,-1.0959,7.895,39.7933,0.1907,0.1096,-1.0051,285.5938
19:34:54:862,1.5851,-1.4203,7.4233,40.35,-0.0112,0.5123,-1.1551,286.0469
19:34:54:884,0.6525,-1.5927,6.8811,40.1973,-0.0988,0.6817,-1.1649,286.9688
19:34:54:903,0.0265,-1.558,6.3795,41.191,-0.1225,0.651,-1.1101,288.2188
19:34:54:922,-0.3734,-1.3689,6.0395,40.4471,-0.134,0.5805,-1.0494,289.5312
19:34:54:942,-0.9492,-1.0588,5.7282,41.1463,-0.1822,0.5235,-0.9767,290.7344
19:34:54:964,-1.2856,-0.6051,5.8216,40.9303,-0.2871,0.4473,-0.8075,291.9375
19:34:54:984,-1.1778,0.0617,6.7985,40.0214,-0.4117,0.4058,-0.5878,293.0781
19:34:55:002,-0.6272,0.8493,8.1308,41.208,-0.4282,0.4635,-0.3846,294.0938
19:34:55:022,0.3293,1.576,8.8347,41.2348,-0.3369,0.4825,-0.276,294.8281
19:34:55:086,1.0416,2.1039,9.3255,39.5165,-0.2522,0.4438,-0.2952,295.3594
19:34:55:087,0.9494,2.2979,10.0342,41.3116,-0.1878,0.3839,-0.3817,295.6875
19:34:55:087,0.443,2.1554,10.5334,40.9184,-0.0892,0.3967,-0.387,295.9688
19:34:55:109,-0.0645,2.0405,10.5897,39.3285,0.0368,0.4151,-0.2738,296.3281
19:34:55:124,-0.1699,2.1255,10.4412,40.8484,0.1414,0.3307,-0.0943,296.9844
19:34:55:143,0.2108,2.2847,10.6759,41.6726,0.175,0.1392,0.0388,297.1406
19:34:55:163,0.3844,2.2296,11.2648,40.541,0.176,-0.0249,0.0567,297.3438
19:34:55:186,0.3174,1.9303,11.7784,41.9576,0.1577,-0.0832,0.0364,297.375
19:34:55:206,0.2299,1.5365,12.1483,41.7844,0.0799,-0.0129,0.0239,297.3125
19:34:55:222,0.0037,0.9727,12.7061,41.6232,-0.0389,0.1024,0.0021,297.2656
19:34:55:243,-0.6643,0.3478,13.252,41.9875,-0.0437,0.2236,0.0031,297.2344
19:34:55:263,-1.3802,-0.2484,12.6666,42.0482,0.0983,0.2713,0.1081,297.2344
19:34:55:289,-1.3011,-0.6722,11.448,42.6373,0.2234,0.0534,0.3089,297.2188
19:34:55:304,-0.687,-0.8158,11.8358,41.9683,0.2139,-0.2395,0.4505,297.1719
19:34:55:323,-0.2656,-0.9439,12.353,42.303,0.2674,-0.141,0.5121,296.9375
19:34:55:344,-0.1459,-0.9044,11.0266,43.0647,0.4029,0.128,0.5288,296.5312
19:34:55:363,-0.128,-0.7512,9.2286,42.128,0.4232,0.1637,0.5302,296
19:34:55:383,-0.1531,-0.6805,8.4876,43.828,0.3486,-0.0235,0.5174,295.4219
19:34:55:404,-0.3973,-0.5333,8.3738,45.5915,0.3217,-0.2446,0.5238,294.5469
19:34:55:430,-0.4943,-0.2364,8.0231,44.5396,0.3414,-0.3759,0.5853,293.9844
19:34:55:442,0.0839,0.1263,7.4198,44.953,0.33,-0.4816,0.649,293.4219
19:34:55:464,0.5987,0.5058,7.1815,45.4425,0.2075,-0.5897,0.601,292.7812
19:34:55:490,0.7327,0.6734,7.9381,46.8987,0.0019,-0.5706,0.495,292.125
19:34:55:508,0.637,0.568,8.7198,45.6673,-0.0826,-0.3719,0.4226,291.4844
19:34:55:525,0.3569,0.4435,8.8563,44.5915,-0.0288,-0.2076,0.4106,290.9688
19:34:55:546,0.0384,0.6734,8.7497,44.0711,0.0839,-0.1359,0.4974,290.5312
19:34:55:562,0.285,1.1582,8.8503,45.1427,0.232,-0.2025,0.6183,290.0781
19:34:55:583,0.8046,1.5449,9.0538,44.8888,0.4253,-0.3375,0.6434,289.5156
19:34:55:604,1.0416,1.8944,8.7186,44.0518,0.591,-0.4132,0.5975,288.8594
19:34:55:623,1.3002,2.1039,8.5678,45.7174,0.6426,-0.4592,0.5302,288.1562
19:34:55:643,1.5025,2.2117,8.7617,47.3525,0.6027,-0.4504,0.4183,287.5156
19:34:55:664,1.6102,2.2871,9.3495,47.0343,0.5137,-0.3232,0.3065,287.2188
19:34:55:690,1.627,2.3302,9.9588,47.9927,0.4831,-0.1106,0.2085,286.7344
19:34:55:705,1.4618,2.3086,9.6978,46.1306,0.5633,0.0902,0.148,286.3594
19:34:55:723,1.5456,2.4116,8.7102,47.1542,0.6117,0.1363,0.1131,285.9844
19:34:55:744,1.9753,2.2547,9.4393,47.965,0.2746,-0.2731,-0.0951,285.7969
19:34:55:763,1.773,1.3964,11.1715,50.1944,0.1627,-0.403,-0.2166,285.7969
19:34:55:788,1.4091,0.6889,11.9209,47.4296,0.1862,-0.2829,-0.1687,285.6094
19:34:55:807,1.7036,0.4232,11.0075,47.4562,0.2029,-0.1365,0.0053,285.6094
19:34:55:822,2.9318,0.4938,10.0079,49.483,0.0336,-0.1753,0.1211,286.0312
19:34:55:842,4.0559,0.7943,10.209,48.6622,-0.3257,-0.3354,0.034,286.2656
19:34:55:863,4.3145,0.8098,12.7253,50.2161,-0.5731,-0.558,-0.2219,286.2656
19:34:55:887,3.3352,0.0521,14.6586,48.9639,-0.3694,-0.545,-0.4762,286.1719
19:34:55:906,1.6294,-0.7069,13.7357,49.1437,0.1233,-0.263,-0.4754,286.1719
19:34:55:921,0.8764,-0.4926,10.6783,49.8815,0.4874,0.0327,-0.1804,286.5312
19:34:55:945,1.6629,0.2532,8.1667,51.5819,0.5204,-0.0294,0.1091,287.125
19:34:55:961,3.1461,1.0277,7.2641,50.6223,0.2751,-0.2081,0.1605,287.7031
19:34:55:982,3.9134,1.5712,7.5083,49.8221,-0.0895,-0.1871,-0.039,287.875
19:34:56:006,3.6345,1.7592,8.1596,49.7888,-0.3811,0.0739,-0.3492,287.6562
19:34:56:021,2.3704,1.6586,8.1021,50.2098,-0.5076,0.4106,-0.5878,287.5781
19:34:56:043,1.3181,1.6059,7.7944,49.1336,-0.5079,0.5251,-0.6281,287.8125
19:34:56:063,0.9781,1.6993,7.8758,50.4292,-0.4314,0.4526,-0.5607,288.0625
19:34:56:088,1.0117,1.8765,7.9776,48.0729,-0.3329,0.4348,-0.5015,288.6719
19:34:56:106,1.1074,1.9938,7.9022,50.7476,-0.2501,0.5211,-0.4786,289.3438
19:34:56:123,0.947,2.153,7.6759,49.3519,-0.1686,0.5885,-0.476,289.9375
19:34:56:146,0.7256,2.3242,7.573,50.3794,-0.1209,0.5573,-0.4467,290.4375
19:34:56:161,0.8153,2.4858,8.1332,51.1245,-0.0562,0.4452,-0.37,290.9219
19:34:56:182,1.0703,2.5744,8.7856,50.8572,0.0999,0.2939,-0.3037,291.4062
19:34:56:208,1.3121,2.7779,8.7605,50.9982,0.2743,0.2332,-0.2613,292.0312
19:34:56:226,1.6413,3.1825,8.1895,50.889,0.3401,0.2572,-0.2733,292.375
19:34:56:243,1.8317,3.4375,7.8232,49.4291,0.2336,0.2697,-0.3694,292.6562
19:34:56:264,1.7012,3.4423,8.6121,51.0308,0.0152,0.2747,-0.4861,292.9375
19:34:56:287,1.1374,3.3226,9.9708,51.0095,-0.1188,0.3533,-0.5521,293.25
19:34:56:303,0.4227,3.0568,11.0051,52.5596,-0.082,0.3634,-0.5186,293.7031
19:34:56:322,0.1306,2.8629,11.4097,51.4988,0.0732,0.2958,-0.3905,294.2812
19:34:56:342,0.0911,2.7731,11.3367,51.1072,0.2093,0.2007,-0.2597,294.8281
19:34:56:362,0.0767,2.748,11.0673,50.194,0.2298,0.1909,-0.1609,295.3125
19:34:56:386,0.194,2.5947,10.8602,50.505,0.118,0.2106,-0.1015,295.6562
19:34:56:405,0.3952,2.3433,11.0326,51.0617,-0.0732,0.202,-0.0994,295.875
19:34:56:422,0.4969,1.6945,11.5928,52.6028,-0.2695,0.1357,-0.1537,296
19:34:56:443,-0.0753,0.8733,12.7038,52.4777,-0.3649,0.0734,-0.179,296.0781
19:34:56:463,-0.7469,0.1347,13.2185,50.0791,-0.1832,0.1884,-0.08,296.1875
19:34:56:488,-0.9336,-0.179,11.3151,51.1309,0.1808,0.3656,0.1248,296.2656
19:34:56:505,-0.7708,0.1658,8.7737,51.0702,0.3499,0.2835,0.3062,296.4844
19:34:56:523,-0.4009,0.3909,7.5287,50.3122,0.2549,-0.0752,0.36,296.4375
19:34:56:543,-0.2142,0.2245,7.9728,51.1074,0.0376,-0.4401,0.339,296.1562
19:34:56:562,-0.1112,0.1083,9.0598,51.1309,-0.1286,-0.5783,0.3589,295.7656
19:34:56:588,0.1665,0.2281,9.8271,49.3384,-0.2125,-0.5463,0.4055,295.4062
19:34:56:604,0.5675,0.6387,10.1886,50.6862,-0.2067,-0.386,0.4378,295.1094
19:34:56:623,0.8728,0.9068,9.5638,51.5722,-0.0961,-0.1508,0.4111,294.7344
19:34:56:641,0.9422,0.9643,7.877,50.93,0.0093,-0.0041,0.364,294.2969
19:34:56:664,1.0859,1.0229,6.3855,51.3098,-0.0152,-0.0648,0.328,293.8281
19:34:56:689,1.2463,1.2264,6.1185,50.7019,-0.1934,-0.2742,0.2655,293.4062
19:34:56:705,1.1565,1.2767,7.3288,50.8348,-0.388,-0.3607,0.1746,293.0156
19:34:56:724,0.8524,1.175,8.1201,50.4387,-0.4442,-0.1844,0.1163,292.6875
19:34:56:746,0.5472,1.1678,8.3595,50.7893,-0.396,-0.0102,0.1286,292.4844
19:34:56:761,0.4754,1.2612,8.2565,49.9892,-0.3036,0.0207,0.1856,292.3438
19:34:56:782,0.613,1.5664,8.1045,51.7283,-0.2144,-0.0345,0.2497,292.125
19:34:56:807,0.9051,1.8621,8.0937,51.5027,-0.1494,-0.1655,0.2737,291.9219
19:34:56:829,1.1936,2.1219,8.3008,51.3088,-0.1212,-0.2885,0.2673,291.625
19:34:56:842,1.3157,2.3601,8.7844,51.3088,-0.1465,-0.3282,0.2338,291.3281
19:34:56:862,1.6844,2.6151,9.4249,50.7296,-0.1792,-0.2904,0.1906,291.0625
19:34:56:894,2.0759,2.8485,9.9169,52.0526,-0.1774,-0.2105,0.0926,290.8281
19:34:56:905,1.9203,2.7659,9.863,52.7255,-0.1667,-0.1676,-0.0608,290.6406
19:34:56:924,1.5264,2.3649,10.0306,52.3011,-0.2258,-0.2014,-0.1497,290.5469
19:34:56:942,1.633,1.8358,10.6663,51.8316,-0.3225,-0.2944,-0.1559,290.625
19:34:56:962,1.9933,1.1905,11.9472,51.9554,-0.4338,-0.4022,-0.1146,290.8281
19:34:56:985,2.775,0.6925,13.3981,52.0075,-0.4192,-0.3879,0.0098,290.9219
19:34:57:005,3.8691,0.3729,13.6112,52.7154,-0.2171,-0.3919,0.1267,291.125
19:34:57:023,4.8256,0.5764,12.8366,52.7648,-0.0261,-0.4715,0.0979,291.2188
19:34:57:043,5.0674,0.4603,11.5581,50.4082,-0.025,-0.533,-0.1756,291.1562
19:34:57:063,3.9302,-0.1323,11.4731,50.2722,-0.2708,-0.5397,-0.4816,291.0156
19:34:57:090,2.4937,-0.7619,12.942,50.4518,-0.4394,-0.362,-0.5591,291.25
19:34:57:168,1.6677,-0.8948,13.3358,48.9033,-0.2365,-0.0454,-0.4027,291.8438
19:34:57:169,1.955,-0.5034,11.8574,49.9183,0.2293,0.067,-0.1931,292.5312
19:34:57:169,3.5938,0.6806,7.5071,47.7693,0.6176,-0.4909,-0.337,292.9688
19:34:57:170,3.6261,0.671,7.166,48.8316,0.3148,-0.6457,-0.6981,292.9688
19:34:57:185,2.7487,0.2376,7.8208,47.4588,-0.0948,-0.4574,-1.0483,293.3438
19:34:57:207,1.3947,-0.2771,8.5402,46.3346,-0.4147,-0.0603,-1.2483,293.7031
19:34:57:222,0.0001,-0.7225,8.9066,46.3613,-0.5441,0.3251,-1.2528,294.5469
19:34:57:241,-1.1156,-0.7512,8.5821,46.5562,-0.466,0.5307,-1.0691,295.7969
19:34:57:261,-1.507,-0.495,7.7142,45.7634,-0.293,0.4841,-0.7719,297.1719
19:34:57:282,-1.2485,0.0928,6.9924,44.5969,-0.1481,0.2635,-0.481,298.6094
19:34:57:306,-0.5482,0.7009,6.8104,44.1157,-0.0599,0.0257,-0.2544,299.8125
19:34:57:322,0.2443,1.3964,7.0307,44.8739,0.0405,-0.2728,-0.1162,300.9531
19:34:57:342,1.0631,2.1039,7.7944,44.4902,0.2493,-0.7855,-0.0698,301.3594
19:34:57:362,1.7383,2.4654,8.478,43.4243,0.4392,-1.0459,-0.1322,301.5625
19:34:57:388,2.1513,2.724,8.5402,43.7041,0.4003,-0.6632,-0.2118,301.6875
19:34:57:406,2.4542,2.9167,8.1715,44.7962,0.1334,0.0641,-0.301,301.8281
19:34:57:422,2.2411,2.9467,8.2589,42.991,-0.1952,0.6572,-0.4049,301.9531
19:34:57:441,1.6653,2.7168,9.1077,44.8674,-0.3622,0.923,-0.46,302.2188
19:34:57:462,1.0655,2.4152,9.6499,44.6799,-0.2961,0.9573,-0.4339,302.5469
19:34:57:488,0.6202,2.1817,9.717,43.8324,-0.1822,0.7975,-0.3343,302.9531
19:34:57:506,0.528,1.9746,10.4329,43.1893,-0.1294,0.4478,-0.1934,303.4219
19:34:57:523,0.7016,1.7268,11.6886,42.2463,-0.0477,0.0883,-0.056,303.8594
19:34:57:544,0.9829,1.4479,12.5601,42.6057,0.0264,0.0255,0.0614,304.1719
19:34:57:561,1.2367,1.418,12.3027,42.9836,0.0471,0.3235,0.1453,304.3594
19:34:57:582,1.1074,1.3234,11.0446,41.6481,-0.0378,0.5626,0.1597,304.3594
19:34:57:604,0.8177,1.2324,10.4293,42.0189,-0.2216,0.503,0.1733,304.1719
19:34:57:622,0.5723,1.1606,10.798,40.1524,-0.4293,0.2825,0.1712,303.9531
19:34:57:641,0.6932,0.5417,11.9556,39.942,-0.5585,-0.0179,0.1565,303.8281
19:34:57:661,0.5999,-0.0916,13.6854,40.1481,-0.518,-0.1562,0.1768,303.6094
19:34:57:681,0.0492,-0.5046,14.0229,40.8582,-0.2088,0.1283,0.2636,303.4062
19:34:57:708,-0.2094,-0.756,11.1248,42.1384,0.1731,0.4612,0.4165,303.2344
19:34:57:726,-0.2154,-0.671,8.0482,41.2765,0.2543,0.3333,0.5584,303
19:34:57:741,0.1162,-0.7763,7.081,41.622,-0.0032,-0.0952,0.6391,302.6094
19:34:57:761,0.1976,-0.9212,8.6252,37.9962,-0.3553,-0.3775,0.6756,302.0312
19:34:57:781,0.3676,-1.0493,10.294,38.3117,-0.4924,-0.3162,0.7552,301.3281
19:34:57:806,0.7507,-1.0768,10.9153,38.1578,-0.3574,-0.113,0.8303,300.625
19:34:57:823,0.6082,-0.7165,9.4895,38.947,-0.1513,0.1405,0.8881,299.8281
19:34:57:842,0.9003,-0.1981,8.0686,38.4747,-0.1875,0.3815,0.9565,298.9219
19:34:57:862,1.0416,0.2664,7.6975,38.6344,-0.4828,0.7427,0.9408,297.9844
19:34:57:890,0.6094,0.4076,8.7892,39.5788,-0.7928,1.1216,0.8974,297.4688
19:34:57:907,0.5747,0.1718,9.9959,37.7548,-0.7811,1.3981,0.8977,295.7969
19:34:57:925,0.6465,0.1514,9.9816,39.2166,-0.4296,1.4718,0.9078,294.7031
19:34:57:941,0.6346,0.331,8.6169,38.1998,0.0067,1.3176,0.9043,293.6875
19:34:57:963,0.637,0.5501,6.82,37.9566,0.2677,0.9517,0.8727,292.6094
19:34:57:988,0.9315,0.835,5.8396,38.2452,0.3441,0.2753,0.8071,291.5469
19:34:58:005,1.1721,1.1271,6.0742,39.1968,0.2733,-0.5357,0.6428,290.5625
19:34:58:023,1.2511,1.0397,7.652,38.9017,0.0836,-0.9756,0.4418,289.625
19:34:58:044,1.2439,0.7608,9.3016,38.9637,-0.1121,-0.8704,0.2742,288.8125
19:34:58:061,0.8979,0.5752,10.5957,39.0098,-0.2402,-0.4845,0.1584,288.25
19:34:58:083,0.6346,0.1203,11.1595,39.1425,-0.2666,-0.2347,0.0966,287.875
19:34:58:106,0.7327,-0.4938,12.1794,39.4631,-0.2242,-0.3394,0.1009,287.6406
19:34:58:122,1.2666,-0.9547,13.2077,38.3787,-0.0754,-0.5357,0.1363,287.4844
19:34:58:147,1.7108,-1.1247,13.6303,38.6887,0.1156,-0.6084,0.1645,287.3906
19:34:58:162,2.277,-1.1199,12.8582,38.1011,0.2338,-0.4164,0.1768,287.1719
19:34:58:180,2.7068,-0.8853,11.1619,37.2907,0.171,-0.1668,0.0814,287
19:34:58:205,2.6996,-0.726,9.8606,38.3365,-0.1079,-0.0768,-0.1295,286.8281
19:34:58:222,2.2279,-0.8015,10.5346,36.5851,-0.4634,-0.2518,-0.3846,286.7344
19:34:58:241,1.3325,-1.3844,12.9887,38.7289,-0.5686,-0.3279,-0.5426,286.875
19:34:58:267,0.2659,-1.7879,14.3294,36.4327,-0.2117,-0.0361,-0.4504,287.2969
19:34:58:289,0.364,-1.6311,12.0226,37.0265,0.3886,0.3237,-0.1846,287.9062
19:34:58:309,1.6653,-0.993,8.5534,37.5315,0.6924,0.2833,-0.0323,288.4219
19:34:58:324,3.2275,-0.5117,6.7362,38.3321,0.5348,-0.1396,-0.1814,288.625
19:34:58:348,3.9589,-0.4926,7.6903,37.6934,0.1148,-0.4606,-0.5841,288.6562
19:34:58:360,3.012,-0.9068,9.5386,36.4835,-0.1763,-0.2686,-1.0027,288.75
19:34:58:383,1.2475,-1.248,9.8151,36.5668,-0.134,0.1959,-1.1804,289.1875
19:34:58:406,0.212,-1.2971,7.895,37.0435,0.0402,0.5927,-1.0896,290.0625
19:34:58:425,-0.0562,-0.7763,5.9318,36.8418,0.0522,0.6545,-0.8981,291.3594
19:34:58:442,0.285,-0.1371,5.399,37.0161,-0.0575,0.4212,-0.7604,292.6719
19:34:58:461,0.6849,0.3178,6.1017,37.351,-0.1321,0.1256,-0.7362,294.2344
19:34:58:481,0.552,0.513,6.9912,37.5807,-0.1281,0.0217,-0.7569,295.0938
19:34:58:506,0.2731,0.7404,7.1277,36.9869,-0.0991,0.0862,-0.7231,295.9375
19:34:58:523,0.3006,1.0002,7.2198,37.7571,-0.155,0.1317,-0.6669,296.75
19:34:58:543,0.4837,1.3258,9.4955,37.7044,-0.2557,0.096,-0.6318,297.5781
19:34:58:564,0.2407,1.3114,10.543,38.0636,-0.1427,0.0731,-0.676,298.3281
19:34:58:589,-0.1579,1.2528,10.4328,37.0585,-0.0067,0.1786,-0.6861,299.0312
19:34:58:607,-0.6511,1.1546,10.2976,38.2164,-0.0123,0.2502,-0.6691,299.7188
19:34:58:625,-1.2748,0.9822,10.8255,38.1074,-0.0583,0.2705,-0.5937,300.4844
19:34:58:641,-1.6902,0.8673,11.5569,39.8482,0.0533,0.0156,-0.439,301.2656
19:34:58:660,-1.677,0.7919,12.5888,38.4983,0.3947,-0.6837,-0.2549,302
19:34:58:681,-1.191,0.4124,13.44,37.8018,0.841,-1.3655,-0.0949,302.6719
19:34:58:704,-0.6451,0.1024,13.2472,39.9777,1.0099,-1.3682,0.0234,303.4844
19:34:58:722,-0.3159,0.003,12.6786,38.6025,0.7619,-0.6803,0.1416,303.6406
19:34:58:740,-0.0143,0.2783,12.3554,38.7864,0.3625,0.1853,0.2676,303.6562
19:34:58:761,0.0444,0.5022,11.5797,39.1016,0.1553,0.6329,0.3075,303.6094
19:34:58:781,-0.2333,0.3681,10.8087,39.3696,0.1425,0.3762,0.3142,303.4062
19:34:58:804,-0.2692,-0.1047,11.6144,40.5658,0.2045,-0.2768,0.3632,303.0469
19:34:58:822,-0.1615,-0.5956,12.6259,40.34,0.3555,-0.4683,0.4391,302.8594
19:34:58:840,-0.2238,-1.0433,11.7006,40.4091,0.4953,-0.1788,0.527,302.5
19:34:58:861,-0.3542,-1.1594,9.9133,40.1876,0.4269,0.1072,0.6537,302.1094
19:34:58:880,-0.0322,-1.2492,9.1256,40.7364,0.225,0.1568,0.7802,301.6406
19:34:58:904,0.036,-1.1821,9.1544,41.0609,0.0716,0.0505,0.8657,301.0469
19:34:58:921,0.1031,-0.9439,9.45,39.536,0.0445,-0.0331,0.9701,300.2969
19:34:58:941,0.3748,-0.6482,9.2561,40.2969,0.1534,-0.015,1.0567,299.4375
19:34:58:961,0.5304,-0.319,8.211,40.2969,0.2804,0.0721,1.1102,298.4531
19:34:58:988,0.8788,0.0545,7.0103,42.0444,0.29,0.1664,1.1419,296.1875
19:34:59:006,1.1146,0.2963,6.1903,42.0215,0.175,0.2612,1.1206,295.5625
19:34:59:023,1.2128,0.3226,5.897,43.7082,-0.0543,0.3807,1.0708,294.2656
19:34:59:041,1.0021,0.4399,6.5159,41.5202,-0.2977,0.5136,1.0293,292.9531
19:34:59:060,0.9075,0.5309,7.1588,42.5874,-0.3715,0.5797,1.0247,291.7344
19:34:59:080,1.0548,0.7751,7.3491,42.7203,-0.3103,0.4833,1.0375,290.5
19:34:59:106,1.5216,1.1534,7.4844,43.4768,-0.236,0.2257,1.0101,289.2812
19:34:59:124,2.0208,1.5712,8.0279,42.9024,-0.1854,-0.0472,0.8788,288.125
19:34:59:144,2.2207,1.6933,8.6432,44.1875,-0.1529,-0.2717,0.658,286.9062
19:34:59:160,1.8484,1.5078,9.5841,44.5381,-0.1412,-0.427,0.4274,285.7969
19:34:59:227,1.3421,1.2396,10.5968,44.7947,-0.0826,-0.4382,0.2969,284.9062
19:34:59:228,1.1817,1.0241,10.7321,45.8961,0.024,-0.3466,0.2466,284.3438
19:34:59:228,1.2379,1.0672,10.2868,46.1882,0.0394,-0.2843,0.2106,283.9688
19:34:59:243,1.6473,0.8446,10.5573,45.1715,-0.0679,-0.3096,0.1283,283.6875
19:34:59:264,1.8736,0.3394,11.4899,46.8206,-0.184,-0.2792,0.0122,283.4531
19:34:59:288,1.7084,-0.3645,12.359,46.2714,-0.2048,-0.1668,-0.0328,283.3594
19:34:59:307,2.0615,-0.7356,11.8071,47.0898,-0.1361,0.0031,0.0532,283.2188
19:34:59:322,2.9198,-0.4352,10.64,46.3271,-0.155,-0.0392,0.0916,283.25
19:34:59:340,3.8871,-0.3633,10.4065,47.0761,-0.3249,-0.3192,-0.069,283.2656
19:34:59:360,3.9984,-0.7871,11.8275,47.2608,-0.5752,-0.6265,-0.3609,283.1562
19:34:59:381,2.8875,-1.4742,14.1319,46.4699,-0.6882,-0.5642,-0.5737,283.1094
19:34:59:404,1.1098,-1.9507,15.6199,46.183,-0.4245,0.0417,-0.4981,283.375
19:34:59:421,0.716,-1.8286,12.9755,45.2535,0.1768,0.7749,-0.1308,283.9688
19:34:59:440,1.9753,-0.9607,8.5402,44.7788,0.6085,0.8359,0.1725,284.6562
19:34:59:461,3.7243,0.1347,5.6253,46.0253,0.5995,0.1232,0.1262,285.0156
19:34:59:480,4.8005,0.6028,6.1341,45.2687,0.2325,-0.7437,-0.2789,284.9375
19:34:59:507,4.5216,0.0712,8.6923,45.7077,-0.126,-0.97,-0.7942,284.6719
19:34:59:525,2.9067,-0.5764,10.0426,43.7321,-0.2538,-0.4947,-1.1391,284.7344
19:34:59:540,1.2295,-0.7643,9.4596,45.2402,-0.2195,0.2396,-1.162,285.3906
19:34:59:560,0.5975,-0.6231,7.6735,43.502,-0.1747,0.7341,-0.9545,287.2656
19:34:59:580,0.7579,0.1754,6.6991,42.1813,-0.134,0.7264,-0.7316,288.5312
19:34:59:608,1.4414,0.8206,6.3603,44.0906,0.0242,0.3855,-0.6432,289.5938
19:34:59:624,1.6354,1.3007,5.7235,42.7502,0.1531,0.0383,-0.717,290.4219
19:34:59:641,1.4103,1.5509,5.502,42.9077,0.0754,-0.1359,-0.8392,291.1406
19:34:59:661,1.1194,1.5269,6.4214,42.2041,-0.1446,-0.19,-0.9319,291.9219
19:34:59:681,0.8261,1.5676,8.0698,41.5073,-0.3233,-0.1029,-0.9436,292.8906
19:34:59:706,0.7483,1.8046,9.6691,42.7899,-0.3356,0.0529,-0.9032,293.9531
19:34:59:722,0.7423,1.9243,10.3514,42.7425,-0.2037,0.1954,-0.8824,294.9844
19:34:59:740,0.6406,1.7999,10.2772,42.9633,-0.0932,0.2654,-0.889,296.0156
19:34:59:760,0.3006,1.5197,10.5969,42.1494,-0.0743,0.2729,-0.8749,296.5156
19:34:59:780,-0.0753,1.1391,11.0374,42.6381,-0.0543,0.2883,-0.8038,297.5312
19:34:59:805,-0.5362,0.9212,11.2098,41.5196,-0.0115,0.311,-0.6714,298.4844
19:34:59:824,-0.7672,0.7129,11.5318,40.9904,0.0024,0.2817,-0.4888,299.4531
19:34:59:840,-0.5398,0.3549,11.9556,42.2047,0.025,0.2958,-0.3074,300.2969
19:34:59:860,-0.1866,-0.1083,11.7078,41.3129,0.0091,0.3717,-0.1865,301.1719
19:34:59:881,-0.1627,-0.398,11.8047,39.8033,-0.1449,0.3722,-0.1101,301.5312
19:34:59:906,-0.3734,-0.5692,12.918,40.0477,-0.2818,0.3978,-0.0142,301.7344
19:34:59:922,-0.4823,-0.7201,13.1826,39.5634,-0.2384,0.4068,0.1174,301.8438
19:34:59:941,-0.1543,-1.1845,13.8039,38.3082,0.1233,-0.0275,0.4079,301.8281
19:34:59:963,-0.2609,-1.2923,12.3602,37.2566,0.4884,0.1248,0.5235,301.3906
19:34:59:989,-0.3303,-1.1486,9.0993,37.4252,0.6967,0.3,0.6237,300.9219
19:35:00:007,-0.1495,-0.8757,6.3316,38.5873,0.4999,0.2188,0.6743,300.3438
19:35:00:023,0.0791,-0.6506,5.8408,38.4499,0.0365,-0.1655,0.6236,300.3438
19:35:00:041,0.0576,-0.8745,7.4832,35.821,-0.38,-0.6443,0.5062,299.6562
19:35:00:065,-0.1866,-1.1977,9.8726,36.3558,-0.6021,-0.8973,0.4665,298.9375
19:35:00:089,-0.3303,-1.151,12.0334,35.5225,-0.5577,-0.7045,0.5286,298.2344
19:35:00:106,-0.6092,-0.9978,12.1399,36.081,-0.2511,-0.1913,0.637,297.1562
19:35:00:123,-0.6798,-0.7009,9.8966,35.3728,0.135,0.2468,0.8204,296.5625
19:35:00:140,-0.0861,-0.3394,7.3479,37.21,0.3593,0.3016,0.9957,296.2031
19:35:00:160,0.6501,-0.003,5.7366,36.3975,0.3646,0.006,1.0732,295.3906
19:35:00:180,1.1912,0.5046,6.164,34.6076,0.204,-0.399,1.0631,294.3906
19:35:00:207,1.3481,0.8793,7.9177,36.1797,0.1398,-0.5056,0.98,293.7969
19:35:00:225,1.2822,0.9176,8.1572,33.7612,0.2288,-0.2771,0.8881,292.5781
19:35:00:244,1.3457,1.0912,7.3958,34.8834,0.2442,-0.0747,0.8338,291.375
19:35:00:264,1.5216,1.3557,7.4892,35.9038,0.1257,-0.1437,0.7507,290.3281
19:35:00:279,1.5875,1.4587,8.7007,35.1571,0.0266,-0.3343,0.6439,289.3281
19:35:00:300,1.6665,1.4671,10.2042,33.7546,0.0605,-0.4212,0.5448,288.375
19:35:00:325,1.8149,1.2887,10.9787,34.8217,0.2005,-0.3381,0.433,287.5625
19:35:00:341,1.6892,1.1594,10.4724,34.4135,0.2831,-0.1525,0.3097,286.8438
19:35:00:363,1.4773,0.9463,10.1898,31.9658,0.1832,-0.1157,0.2087,286.2344
19:35:00:379,1.5408,0.5094,11.0518,32.5819,0.0093,-0.1793,0.136,285.7656
19:35:00:400,1.4678,-0.1742,12.5613,33.2773,-0.081,-0.1929,0.1017,285.2969
19:35:00:421,1.5252,-0.829,13.2413,32.8314,0.0165,-0.0403,0.1789,285.1094
19:35:00:441,2.1836,-0.9978,11.9173,33.2354,0.1734,0.1293,0.3291,285
19:35:00:459,3.2383,-0.7069,10.3179,32.4629,0.1385,0.0249,0.3485,284.875
19:35:00:481,3.7482,-0.4806,10.1252,33.6763,-0.102,-0.1735,0.1667,284.5625
19:35:00:505,3.5543,-0.7691,11.0266,33.2498,-0.3979,-0.2225,-0.0946,284.1406
19:35:00:522,2.69,-1.3449,12.5924,31.8036,-0.5457,-0.1221,-0.2621,283.8438
19:35:00:542,1.6342,-1.722,13.7979,32.346,-0.3819,0.1248,-0.2216,283.8281
19:35:00:560,1.0069,-1.6143,12.6547,30.3916,0.1177,0.4449,0.0045,284.0781
19:35:00:580,1.5516,-0.8613,9.2956,31.2128,0.5779,0.5139,0.258,284.375
19:35:00:606,2.921,-0.2029,6.2442,29.587,0.6738,0.1701,0.2915,284.5156
19:35:00:623,4.0188,0.1347,5.2853,31.3033,0.3747,-0.3186,0.0567,284.3125
19:35:00:640,4.4629,0.173,6.2957,30.5468,-0.0908,-0.5112,-0.3292,283.9375
19:35:00:664,3.5675,-0.1048,7.646,29.212,-0.4573,-0.1631,-0.7348,283.7188
19:35:00:689,1.9574,-0.3107,7.8699,30.4786,-0.6234,0.3978,-0.9378,283.8906
19:35:00:709,1.111,-0.3837,7.3455,29.312,-0.6216,0.65,-0.9069,284.9688
19:35:00:724,0.9207,0.015,6.9445,29.6426,-0.5689,0.4707,-0.807,285.4844
19:35:00:740,1.1493,0.4495,7.4748,30.0455,-0.5215,0.1458,-0.7726,286.5469
19:35:00:759,1.0823,0.5561,8.3319,28.1063,-0.4274,-0.0406,-0.8211,287.5156
19:35:00:780,0.4694,0.5944,8.818,26.4556,-0.2887,0.001,-0.8203,288.3438
19:35:00:800,0.279,0.7416,8.4971,27.7596,-0.1664,0.1229,-0.7287,289.25
19:35:00:823,0.5592,1.0912,8.3092,27.3283,-0.1497,0.1357,-0.6347,290.2031
19:35:00:840,0.9817,1.2767,9.0239,27.4449,-0.1766,0.009,-0.6283,291.0938
19:35:00:859,0.9135,1.3294,10.1946,28.3153,-0.1742,-0.0536,-0.6786,291.8281
19:35:00:884,0.5472,1.2755,11.0601,28.2053,-0.1049,0.1059,-0.7122,292.5312
19:35:00:907,-0.0574,0.9236,10.9632,26.2583,-0.013,0.3392,-0.6922,293.2812
19:35:00:922,-0.6224,0.7105,10.8961,26.9829,0.0439,0.4167,-0.5588,294.0469
19:35:00:940,-0.8462,0.6782,11.1176,27.8631,0.1145,0.3051,-0.3737,294.8594
19:35:00:959,-0.8139,0.6961,11.9352,27.606,0.1878,0.0923,-0.1865,295.5781
19:35:00:982,-0.468,0.5992,12.9144,29.1772,0.3079,-0.0275,-0.0145,296.2812
19:35:01:009,0.1055,0.4196,12.8917,28.615,0.437,0.038,0.1062,296.5
19:35:01:021,0.528,0.2149,12.0142,27.8401,0.3925,0.1842,0.1475,296.5156
19:35:01:039,0.716,0.0916,12.1818,27.3883,0.1665,0.2343,0.144,296.4219
19:35:01:063,0.6825,-0.2795,13.1515,29.1105,-0.0253,0.2113,0.0995,296.25
19:35:01:078,0.1138,-0.8493,14.0014,29.1105,-0.0938,0.1347,0.1025,296.0781
19:35:01:099,-0.4739,-1.163,15.1135,28.3533,0.0149,0.0124,0.2394,295.9688
19:35:01:119,-0.5123,-1.3797,15.4332,27.9872,0.4336,0.0486,0.4671,295.8438
19:35:01:139,-0.2848,-1.2252,12.4835,27.9729,1.0149,0.2883,0.6958,295.5781
19:35:01:160,0.1797,-0.7572,8.1895,28.9686,1.2986,0.3443,0.8423,295.0469
19:35:01:179,0.7184,-0.2304,5.1082,26.9909,1.1569,0.1189,0.8189,294.3125
19:35:01:205,0.8692,0.1323,4.0367,28.4552,0.7308,-0.2773,0.6676,293.8594
19:35:01:219,0.7806,0.3262,5.0088,29.1544,0.2509,-0.5727,0.5102,292.9219
19:35:01:288,0.7016,0.161,6.7985,27.9981,-0.0535,-0.6238,0.381,292.0938
19:35:01:288,0.4382,-0.2496,7.9058,28.4633,-0.1332,-0.525,0.3001,292.0938
19:35:01:288,-0.0717,-0.2735,8.2553,29.4503,-0.09,-0.3618,0.3238,290.8906
19:35:01:308,0.0217,-0.082,7.9728,29.7274,-0.0048,-0.2177,0.4245,290.5781
19:35:01:318,0.3281,0.0676,7.2952,29.5324,0.0549,-0.1554,0.4756,290.25
19:35:01:341,0.6561,0.7955,7.0032,29.8243,0.0027,-0.2467,0.5549,289.7812
19:35:01:363,1.2116,1.1426,7.3994,30.0735,-0.0197,-0.2568,0.5701,289.7812
19:35:01:379,1.6797,1.5975,7.7777,28.8466,-0.0341,-0.2036,0.5355,289.25
19:35:01:399,1.9622,1.9854,7.9034,30.4184,-0.0511,-0.1287,0.4287,288.7188
19:35:01:423,1.9634,2.2045,8.0387,30.8693,-0.0969,-0.1349,0.2833,287.4688
19:35:01:440,1.8413,2.2368,8.6516,30.2912,-0.1704,-0.1711,0.1611,286.9062
19:35:01:458,1.688,2.0764,9.5494,29.4065,-0.2285,-0.1876,0.0793,286.4219
19:35:01:478,1.3852,1.8298,10.4233,29.0115,-0.2256,-0.1309,0.0479,286.1094
19:35:01:498,1.4426,1.6825,10.6112,31.5014,-0.18,-0.0616,0.0548,285.9531
19:35:01:522,1.5983,1.5473,10.6531,30.7846,-0.1689,-0.0827,0.0287,285.875
19:35:01:538,1.9598,1.175,10.9739,31.3885,-0.2064,-0.2188,-0.0347,285.8125
19:35:01:559,2.1681,0.5788,12.0729,30.654,-0.2663,-0.3215,-0.1042,285.7656
19:35:01:578,2.2016,-0.0724,12.8426,32.3209,-0.2341,-0.1903,-0.1047,285.7812
19:35:01:600,2.4075,-0.3669,11.9819,31.8761,-0.1755,0.0529,-0.0501,285.875
19:35:01:623,2.6816,-0.0712,10.7908,33.3103,-0.2333,0.0689,-0.0635,286.0469
19:35:01:640,2.7666,-0.1945,10.6495,32.3742,-0.4187,-0.0827,-0.2153,286.1406
19:35:01:659,2.4889,-0.8745,11.8047,32.7776,-0.6322,-0.2334,-0.3703,286.1562
19:35:01:680,1.9729,-1.3593,13.4567,34.5802,-0.6807,-0.2366,-0.42,286.2344
19:35:01:707,1.2846,-1.6334,14.6706,34.3707,-0.4756,-0.0462,-0.337,286.4844
19:35:01:725,1.4295,-1.7962,13.5501,34.0733,-0.0399,0.3011,-0.1268,286.9219
19:35:01:747,2.0927,-1.3378,10.6304,33.8074,0.3265,0.4212,0.0468,287.4375
19:35:01:758,3.0683,-0.8841,8.4373,34.9187,0.4285,0.2375,0.0681,287.8438
19:35:01:779,3.6285,-0.4794,7.4138,34.8722,0.3454,0.0289,-0.0882,287.9688
19:35:01:801,3.413,-0.228,7.0127,35.3102,0.1803,-0.0046,-0.321,287.9062
19:35:01:821,2.7654,-0.1514,6.6919,34.7959,0.0213,0.1109,-0.525,287.8125
19:35:01:840,1.9083,-0.2005,6.3412,37.6529,-0.1196,0.2521,-0.6448,288.0312
19:35:01:859,1.0799,-0.0928,6.3459,36.1038,-0.2426,0.316,-0.6499,288.5156
19:35:01:880,0.6489,0.2388,6.6847,36.5792,-0.2653,0.2979,-0.5575,289.1875
19:35:01:904,0.8848,0.6949,7.0187,38.1204,-0.2005,0.2039,-0.4485,289.9375
19:35:01:923,1.1553,1.1391,7.1073,37.5265,-0.1286,0.1389,-0.4105,290.5938
19:35:01:940,1.2104,1.4276,7.1061,37.4036,-0.1246,0.1032,-0.4259,291.1562
19:35:01:958,1.2583,1.6119,7.5682,38.1215,-0.2064,0.1048,-0.4488,291.6406
19:35:01:982,1.4821,1.7376,8.4301,38.9575,-0.285,0.1187,-0.485,292.0781
19:35:02:006,1.4965,1.8046,9.4967,38.1955,-0.3044,0.152,-0.5553,292.5781
19:35:02:021,1.1541,1.6969,10.44,38.4423,-0.2386,0.2396,-0.6105,293.1094
19:35:02:039,0.7746,1.5425,10.8315,41.3474,-0.0748,0.349,-0.5913,293.6719
19:35:02:059,0.5352,1.497,10.3048,40.2383,0.102,0.3035,-0.5348,294.3438
19:35:02:083,0.4574,1.5987,9.9325,39.7017,0.1816,0.0931,-0.4781,295.0312
19:35:02:107,0.1545,1.6909,10.4257,40.43,0.1696,-0.2012,-0.4941,295.6719
19:35:02:121,-0.6906,1.1869,11.3869,41.2816,0.1507,-0.3732,-0.5418,295.9375
19:35:02:140,-1.8829,0.3094,12.2872,42.2871,0.0663,-0.1748,-0.4509,296.7656
19:35:02:159,-2.5677,-0.3094,12.7241,43.6757,-0.0719,0.349,-0.1146,297.375
19:35:02:179,-1.7429,-0.817,12.0298,42.947,-0.1729,0.7099,0.323,297.9531
19:35:02:198,0.1534,-0.5992,11.8849,43.0901,-0.3246,0.5727,0.6077,298.2969
19:35:02:221,1.451,-0.3466,13.3981,43.3891,-0.4202,0.1903,0.5589,298.1562
19:35:02:238,1.1769,-0.6674,14.8956,45.0116,-0.2171,-0.0688,0.3898,297.5938
19:35:02:258,0.0983,-1.2013,14.4012,45.4674,0.2424,0.0441,0.3861,296.875
19:35:02:278,-0.4356,-1.2635,11.0769,46.2705,0.6615,0.3461,0.5864,296.3281
19:35:02:301,-0.0885,-0.9427,7.5383,45.2996,0.7153,0.4119,0.7715,295.9219
19:35:02:322,0.6621,-0.7835,5.8671,45.6215,0.3672,0.1165,0.8034,295.4062
19:35:02:339,1.2774,-0.7919,7.239,47.0329,-0.1342,-0.2345,0.7201,294.625
19:35:02:358,1.3409,-0.9942,9.5877,48.0838,-0.4,-0.2949,0.6167,293.7031
19:35:02:379,1.0583,-1.2444,11.0996,48.528,-0.3404,-0.1783,0.5861,292.875
19:35:02:398,0.5316,-1.1594,10.8542,48.7051,-0.0687,-0.0265,0.6524,291.7656
19:35:02:425,0.4311,-0.7703,9.3818,47.7699,0.2043,0.0103,0.8079,291.0938
19:35:02:441,0.9853,-0.1323,8.0614,49.6714,0.3353,-0.0097,0.9328,290.3906
19:35:02:459,1.7227,0.4148,7.0391,50.0225,0.355,-0.0441,0.9256,289.4688
19:35:02:479,1.9562,0.8266,6.4621,49.5807,0.2631,-0.1138,0.7954,288.4062
19:35:02:498,1.6557,1.0768,6.6177,50.4153,0.1276,-0.1359,0.6356,287.4062
19:35:02:521,1.3445,0.9571,6.8811,49.4392,0.0562,-0.117,0.5224,286.5
19:35:02:540,0.8967,0.8769,7.1301,50.558,0.02,-0.149,0.4644,285.7812
19:35:02:563,1.0201,0.9786,7.5826,51.4291,0.0075,-0.2246,0.462,285.1875
19:35:02:579,1.6198,1.3102,8.5223,50.0851,0.0104,-0.3112,0.3874,284.7031
19:35:02:601,1.6078,1.3617,9.3591,53.1082,0.0607,-0.2848,0.2391,284.1719
19:35:02:623,1.0476,1.1247,9.699,53.0629,0.1454,-0.1705,0.1382,283.9531
19:35:02:640,0.6286,1.0217,9.2501,53.0579,0.1803,-0.0094,0.1557,283.5938
19:35:02:659,0.6022,0.9894,8.9437,54.4779,0.0844,-0.0286,0.2165,283.4219
19:35:02:680,1.0416,0.6722,9.7577,54.8036,-0.1145,-0.2699,0.2559,283.2812
19:35:02:705,1.9239,-0.0569,11.9759,54.2872,-0.2964,-0.5434,0.2548,282.9531
19:35:02:722,2.4087,-0.5896,14.5198,55.3425,-0.2924,-0.5351,0.2631,282.6719
19:35:02:739,3.2802,-0.7081,12.1052,56.4712,0.3217,0.2319,0.2886,282.4062
19:35:02:759,3.613,-0.1012,9.2453,55.0294,0.2487,0.1528,0.1682,282.4062
19:35:02:779,4.0176,0.1562,8.6767,56.6699,-0.1673,-0.2321,-0.1244,282.125
19:35:02:804,3.838,-0.392,10.8207,57.2304,-0.6581,-0.5056,-0.4898,281.8125
19:35:02:824,2.7008,-1.2145,14.0481,56.8651,-0.845,-0.3351,-0.7103,281.2656
19:35:02:840,1.3397,-1.7675,15.4595,57.6114,-0.486,0.2156,-0.6408,281.4062
19:35:02:858,1.1769,-1.8417,12.9384,56.7397,0.1436,0.5466,-0.3543,282
19:35:02:884,2.3081,-1.0864,9.7589,58.05,0.4983,0.2705,-0.1199,282.8594
19:35:02:897,3.9398,-0.5453,8.4792,58.565,0.4914,-0.2568,-0.1758,283.5625
19:35:02:920,4.2031,-0.2616,8.6564,60.0101,0.3076,-0.4236,-0.4765,283.9375
19:35:02:943,3.2526,-0.3513,8.721,59.2878,0.1526,-0.1346,-0.737,284.0625
19:35:02:959,2.125,-0.3358,7.8495,57.8019,0.1257,0.2462,-0.8107,284.4844
19:35:02:978,1.6294,-0.1778,6.3962,59.9516,0.1119,0.4425,-0.7479,285.2031
19:35:02:999,1.7419,0.3514,5.5702,57.7248,0.024,0.4303,-0.6619,286.1094
19:35:03:023,1.9179,0.8398,5.5463,59.8842,-0.0599,0.2921,-0.6669,287
19:35:03:041,1.6162,1.1043,5.8216,61.64,-0.0818,0.1458,-0.7303,287.7344
19:35:03:058,1.1541,1.2743,6.0586,61.1962,-0.0911,0.0612,-0.7553,288.0938
19:35:03:078,0.7124,1.5197,6.3902,61.343,-0.1286,0.0335,-0.7183,288.8438
19:35:03:099,0.5472,1.7376,7.0187,61.3254,-0.2024,0.039,-0.6432,289.6719
19:35:03:122,0.6861,1.9399,8.0147,60.5603,-0.2708,0.0723,-0.5687,290.4844
19:35:03:142,0.7986,2.1027,9.0179,62.9105,-0.2815,0.0793,-0.5577,291.3125
19:35:03:158,0.5125,2.0848,9.8151,61.8065,-0.2514,0.087,-0.5833,292.0469
19:35:03:178,0.1055,1.7711,10.6028,62.5349,-0.2178,0.075,-0.5692,292.9688
19:35:03:198,-0.2273,1.3892,11.4803,62.535,-0.2008,0.0811,-0.4864,293.625
19:35:03:226,-0.286,1.0277,12.5709,64.0664,-0.1715,0.1035,-0.3455,294.2812
19:35:03:244,-0.0729,0.6171,13.4867,64.2694,-0.0487,0.1232,-0.1881,294.8594
19:35:03:259,0.194,0.3765,13.4567,63.3332,0.1337,0.1871,-0.0485,295.3438
19:35:03:279,0.558,0.2747,12.371,63.573,0.2053,0.2814,0.0551,295.6406
19:35:03:354,1.032,0.3394,11.5964,64.7113,0.0807,0.2694,0.1011,295.7656
19:35:03:354,1.4606,0.4208,11.9747,64.4979,-0.122,0.1781,0.0876,295.75
19:35:03:355,1.5133,0.3166,12.608,66.462,-0.2234,0.0295,0.0239,295.6406
19:35:03:363,1.3397,-0.0305,13.3011,65.0882,-0.1686,-0.1761,-0.0059,295.5312
19:35:03:379,1.4881,-0.3154,13.8314,64.4522,0.0578,-0.1596,0.0226,295.4531
19:35:03:396,1.5013,-0.5956,12.2297,66.553,0.4035,0.1373,0.025,295.4531
19:35:03:418,0.9901,-0.6638,9.2513,66.7937,0.5995,0.2905,0.0029,295.4375
19:35:03:438,0.6394,-0.8445,7.0175,65.3275,0.5148,0.1717,-0.0056,295.4219
19:35:03:464,0.1162,-0.9702,6.2634,64.4405,0.2527,-0.0915,0.0082,295.4062
19:35:03:477,-0.2321,-0.9463,6.6512,63.4427,-0.0104,-0.3285,0.0883,295.4062
19:35:03:498,-0.1807,-0.8769,7.7202,67.304,-0.1606,-0.5085,0.1959,295.4219
19:35:03:528,0.0193,-0.6746,8.5223,66.9267,-0.1545,-0.5602,0.2923,295.3906
19:35:03:540,0.1845,-0.3346,8.812,66.3807,-0.0767,-0.5173,0.3539,295.25
19:35:03:557,0.1545,-0.1299,8.5869,66.6961,0.0043,-0.3817,0.3882,295
19:35:03:577,0.0133,-0.0138,8.2326,66.2191,0.065,-0.2989,0.458,294.6562
19:35:03:598,0.1102,0.1957,8.0243,67.0709,0.1265,-0.2856,0.56,294.25
19:35:03:621,0.3568,0.4567,7.9022,66.9855,0.1992,-0.2749,0.6543,293.7812
19:35:03:638,0.7615,0.7715,7.5754,67.4287,0.2735,-0.2915,0.719,293.25
19:35:03:661,1.3409,1.0983,7.306,67.6637,0.282,-0.3383,0.7078,292.5625
19:35:03:678,1.785,1.3857,7.3419,68.1851,0.1755,-0.3572,0.6159,291.7812
19:35:03:697,2.0735,1.5197,8.2206,69.8029,0.0181,-0.374,0.4764,291
19:35:03:721,2.18,1.3928,9.3231,68.0874,-0.0676,-0.3303,0.3201,290.25
19:35:03:739,1.8257,1.3114,10.2018,67.9765,-0.0621,-0.1873,0.193,289.6406
19:35:03:759,1.621,1.1414,10.3155,68.5462,0.0216,-0.0185,0.1278,289.1875
19:35:03:777,1.5839,1.0313,9.7278,68.1617,0.0501,0.0108,0.0862,288.8594
19:35:03:799,1.9274,0.8757,10.0127,68.7811,-0.0685,-0.1183,0.0351,288.7031
19:35:03:823,2.5152,0.3597,11.2265,68.6797,-0.2248,-0.2552,-0.0648,288.6094
19:35:03:845,2.4757,-0.3035,12.8737,67.0855,-0.3257,-0.2459,-0.1418,288.5781
19:35:03:858,2.4961,-1.0205,13.9643,68.1817,-0.274,-0.0563,-0.0672,288.6719
19:35:03:877,3.2119,-1.412,13.0593,68.8021,-0.0929,0.2015,0.0886,288.8594
19:35:03:899,3.9194,-1.0157,11.0948,68.9194,-0.0463,0.2316,0.1041,288.9375
19:35:03:925,4.1744,-0.9487,10.4257,70.5343,-0.2397,0.0356,-0.0746,288.8438
19:35:03:942,3.4382,-1.3294,11.8885,69.182,-0.4772,-0.0347,-0.2712,288.7656
19:35:03:957,2.4135,-1.7759,12.9575,69.789,-0.4157,0.2175,-0.2778,288.7188
19:35:03:977,2.0101,-1.7532,11.8239,70.3055,-0.0927,0.4617,-0.0999,288.9375
19:35:03:997,2.7846,-1.327,9.6212,68.1549,0.1811,0.3546,0.0724,289.2969
19:35:04:025,4.1744,-1.0959,8.3248,69.2272,0.2498,-0.0102,0.0439,289.5312
19:35:04:042,4.7921,-0.7284,7.6759,69.3421,0.1417,-0.2275,-0.2027,289.5312
19:35:04:059,4.2534,-0.5106,7.6209,70.4421,-0.0868,-0.1599,-0.5399,289.4062
19:35:04:077,3.0156,-0.4699,7.5622,70.3835,-0.2796,0.1176,-0.77,289.6406
19:35:04:097,1.9933,-0.3214,7.0654,70.4274,-0.3646,0.3661,-0.8278,290.25
19:35:04:124,1.4378,-0.0078,6.5315,69.3373,-0.408,0.4726,-0.7892,291.125
19:35:04:139,1.1074,0.6674,6.6752,69.6992,-0.3603,0.2729,-0.6738,292.0781
19:35:04:158,0.9722,0.9092,6.9517,70.857,-0.2661,0.1387,-0.6398,292.9375
19:35:04:177,0.7663,1.2205,7.3503,69.1642,-0.2045,0.0643,-0.586,292.9375
19:35:04:197,0.7208,1.5305,7.7645,69.3791,-0.1811,0.05,-0.5071,293.7656
19:35:04:217,1.1493,1.7807,8.296,68.6435,-0.1902,0.0396,-0.4429,294.5312
19:35:04:238,1.524,1.9674,9.0694,69.3795,-0.233,0.0377,-0.4664,295.9062
19:35:04:257,1.5863,1.9495,10.0246,69.9987,-0.2642,0.0889,-0.5556,296.4844
19:35:04:277,1.1122,1.649,10.8806,69.6354,-0.2493,0.1781,-0.6443,296.9844
19:35:04:297,0.5771,1.0912,11.4336,70.1937,-0.2024,0.2204,-0.6278,297.5
19:35:04:318,0.3185,0.7428,12.207,68.3709,-0.1332,0.1794,-0.5058,298.1406
19:35:04:338,0.309,0.574,12.997,69.8347,0.0013,0.1387,-0.338,299.2344
19:35:04:357,0.5065,0.4806,13.1934,68.3713,0.2,0.2135,-0.1673,299.875
19:35:04:377,0.8022,0.5154,12.1148,69.2108,0.3672,0.3413,-0.0347,300.3594
19:35:04:396,1.1625,0.6135,10.8327,68.3293,0.3419,0.3403,0.0242,300.6406
19:35:04:418,1.5348,0.4782,10.7633,68.8827,0.1401,0.2063,0.0069,300.7188
19:35:04:438,1.7168,0.2352,11.7748,68.1824,-0.0698,0.018,-0.0677,300.7656
19:35:04:457,1.6677,-0.4663,13.2604,67.5451,-0.1814,-0.2004,-0.1681,300.7344
19:35:04:477,0.9662,-1.2168,14.922,66.7501,-0.1334,-0.2587,-0.1915,300.7344
19:35:04:500,0.139,-1.9698,15.2679,69.341,0.1814,0.0529,-0.0568,300.7969
19:35:04:523,-0.304,-2.1195,12.5134,67.9296,0.6128,0.4793,0.2268,300.9844
19:35:04:541,0.0324,-1.5317,9.0215,67.077,0.8085,0.5381,0.4852,301.2031
19:35:04:558,0.5639,-1.0684,6.7218,67.9296,0.7172,0.1757,0.5438,301.2656
19:35:04:576,0.7711,-0.981,6.249,68.9587,0.4447,-0.3724,0.4452,301.0312
19:35:04:597,0.528,-1.1007,7.4006,67.6554,0.1385,-0.7375,0.3483,299.8594
19:35:04:621,0.2431,-1.1259,8.9018,67.4283,-0.0546,-0.7176,0.3472,299.4062
19:35:04:638,-0.0011,-1.072,9.7637,68.2151,-0.0831,-0.5226,0.4093,299.2031
19:35:04:656,-0.183,-0.8146,9.6954,66.4728,0.0386,-0.2904,0.5224,298.8594
19:35:04:677,-0.1028,-0.4818,8.654,68.6012,0.2048,-0.1258,0.6487,298.4531
19:35:04:697,0.1917,-0.0748,7.3659,68.7212,0.3087,-0.0616,0.7414,297.9531
19:35:04:721,0.4825,0.2017,6.3555,66.1121,0.3444,-0.0883,0.7826,297.2969
19:35:04:743,0.7363,0.5237,5.7055,67.2191,0.3023,-0.2001,0.8008,296.4844
19:35:04:757,1.0799,0.9152,5.988,65.9201,0.2019,-0.341,0.809,295.6562
19:35:04:777,1.5779,1.2576,6.6752,64.7849,0.1364,-0.3863,0.7741,294.75
19:35:04:797,1.8113,1.5509,7.057,65.9557,0.1044,-0.3612,0.6777,293.8281
19:35:04:820,1.7551,1.6406,7.5107,65.0695,0.0298,-0.3588,0.5672,292.9375
19:35:04:839,1.6545,1.5987,8.4421,65.9706,-0.0836,-0.3703,0.5022,292.1562
19:35:04:858,1.6665,1.6634,9.7733,64.6834,-0.1601,-0.3554,0.4881,291.4531
19:35:04:878,2.0089,1.7184,11.1355,65.2206,-0.1172,-0.3021,0.4684,290.875
19:35:04:898,2.4925,1.7376,11.5019,64.7614,0.0376,-0.2081,0.3975,290.625
19:35:04:923,2.7762,1.5616,11.0494,64.8684,0.1238,-0.2217,0.2577,289.8281
19:35:04:940,3.0108,1.011,11.1619,65.097,0.0378,-0.3759,0.1099,289.3281
19:35:04:957,3.0851,0.2017,12.5553,64.5874,-0.119,-0.4329,0.0087,288.9688
19:35:04:978,3.1186,-0.6949,13.6973,64.5965,-0.1558,-0.2092,0.0127,288.7656
19:35:04:997,3.4621,-1.1893,13.1084,64.8976,-0.0626,0.1624,0.1224,288.75
19:35:05:023,4.0248,-0.999,11.2625,65.103,-0.0093,0.3501,0.1629,288.7812
19:35:05:042,4.1636,-0.8745,9.7912,63.782,-0.1111,0.2745,0.0098,288.7188
19:35:05:057,3.4621,-1.0971,9.6224,62.2139,-0.355,0.1022,-0.2065,288.5156
19:35:05:077,2.6816,-1.6358,11.1056,64.3723,-0.5337,0.0292,-0.317,288.375
19:35:05:097,1.9478,-2.0189,12.1016,63.7244,-0.4517,0.1885,-0.2664,288.5
19:35:05:122,1.9789,-2.2224,11.6383,62.1991,-0.1561,0.3301,-0.0938,288.8438
19:35:05:141,2.854,-1.977,9.9612,63.4779,0.1244,0.2516,0.0497,289.2188
19:35:05:157,4.1241,-1.6119,8.788,61.483,0.2178,-0.0536,0.0308,289.4375
19:35:05:177,4.6592,-1.236,8.4157,63.1805,0.1473,-0.2166,-0.1711,289.3906
19:35:05:198,4.0451,-1.0493,8.0949,60.9633,0.0288,-0.0781,-0.4105,289.3438
19:35:05:224,2.9139,-0.8194,7.2929,62.4633,-0.0543,0.1783,-0.5362,289.5312
19:35:05:242,2.1717,-0.4866,6.2023,61.0867,-0.1398,0.368,-0.5252,290.0156
19:35:05:259,2.0148,0.0425,5.5882,63.1997,-0.2458,0.356,-0.4483,290.6094
19:35:05:278,2.3321,0.6853,5.7701,62.1392,-0.3097,0.1869,-0.3963,291.2188
19:35:05:298,2.5009,1.236,6.17,63.4694,-0.3012,0.0028,-0.4366,291.6875
19:35:05:323,2.6194,1.5856,6.4082,63.4694,-0.265,-0.1005,-0.5141,292.1562
19:35:05:340,2.8061,1.8058,6.5423,61.3131,-0.2743,-0.1183,-0.6278,292.6719
19:35:05:360,2.7534,1.7376,7.0103,61.6927,-0.3776,-0.1359,-0.7846,293.2344
19:35:05:411,2.2554,1.6131,8.3152,61.9323,-0.5246,-0.1349,-0.9114,293.5938
19:35:05:412,1.6377,1.3569,9.978,62.4195,-0.5941,-0.0424,-0.953,294.4062
19:35:05:424,1.0643,1.1247,11.4983,61.8221,-0.5108,0.1293,-0.9023,295.4062
19:35:05:440,0.7902,0.9822,12.0836,59.24,-0.2892,0.3336,-0.7884,296.4531
19:35:05:458,0.5759,0.9619,11.8059,61.422,-0.0876,0.4532,-0.6627,297.5625
19:35:05:477,0.5867,0.8266,11.4001,60.5282,0.0301,0.4454,-0.5372,298.9844
19:35:05:499,0.6729,0.677,11.3714,58.7796,0.0687,0.3253,-0.4406,299.7031
19:35:05:528,0.8297,0.2963,11.9879,60.5997,0.0487,0.1877,-0.374,300.3281
19:35:05:542,0.8453,-0.4734,12.7612,58.9421,-0.0357,0.3797,-0.2288,300.8281
19:35:05:558,0.9195,-0.4878,12.9503,59.6003,-0.1087,0.4625,-0.1391,300.8281
19:35:05:579,0.9817,-0.5249,13.0904,58.6316,-0.1534,0.4476,-0.1031,301.5938
19:35:05:597,0.5639,-0.7584,13.3514,58.6861,-0.1574,0.283,-0.0941,301.5938
19:35:05:624,-0.0394,-1.0576,14.4144,56.9447,-0.0341,0.0348,0.0074,302.0156
19:35:05:643,0.0384,-1.3856,14.6514,58.0246,0.38,0.002,0.2548,302.1406
19:35:05:658,0.5173,-1.1558,11.7688,57.9489,0.8519,0.1434,0.5001,302.25
19:35:05:676,1.4019,-0.8027,8.5127,59.223,0.9609,0.0273,0.5786,302.2344
19:35:05:698,1.8604,-0.6363,7.051,57.1314,0.6716,-0.2675,0.4529,301.375
19:35:05:724,1.3217,-0.6698,8.0877,57.2141,0.2762,-0.5037,0.2766,300.4375
19:35:05:742,0.7914,-1.0553,9.7158,57.5107,0.1438,-0.4707,0.2481,300.4375
19:35:05:758,0.3425,-1.1618,9.8056,57.0283,0.3023,-0.284,0.3235,300.0625
19:35:05:776,-0.0693,-1.0014,8.4421,57.6525,0.5023,-0.092,0.4772,299.7969
19:35:05:798,-0.0897,-0.6494,6.9613,57.6397,0.5974,0.0132,0.6721,299.5
19:35:05:826,0.309,-0.2544,5.818,57.2143,0.6149,0.0074,0.8167,299.3125
19:35:05:844,0.7746,0.155,5.162,57.2034,0.5385,-0.1495,0.8766,298.7656
19:35:05:859,1.044,0.653,5.7677,56.8983,0.3992,-0.3279,0.8564,297.9844
19:35:05:877,1.1326,0.9595,7.4832,56.2696,0.3385,-0.3588,0.7922,297.0312
19:35:05:897,1.3385,1.0062,8.2876,55.575,0.424,-0.2006,0.7363,296.0781
19:35:05:916,1.3576,1.1666,7.8579,57.2737,0.4839,-0.0837,0.6833,295.1094
19:35:05:941,1.2834,1.5305,7.476,55.3738,0.3824,-0.1421,0.6362,294.2188
19:35:05:959,1.5671,1.837,7.9644,56.8381,0.1928,-0.2358,0.5746,293.4062
19:35:05:979,1.8556,1.9543,9.0993,55.6441,0.0301,-0.2646,0.4471,292.625
19:35:05:997,1.785,1.752,10.0917,54.3841,-0.0397,-0.1543,0.3192,291.5469
19:35:06:018,1.53,1.6167,10.4053,56.5788,-0.0381,0.038,0.2583,291
19:35:06:042,1.6545,1.3653,10.1563,56.4042,-0.0479,0.0918,0.2417,290.5938
19:35:06:058,2.107,0.9727,10.3335,55.1945,-0.1284,-0.0499,0.2218,290.2812
19:35:06:076,2.611,0.3286,11.4169,56.4685,-0.225,-0.2171,0.1927,290
19:35:06:101,2.9893,-0.3693,12.7313,55.7419,-0.2221,-0.1951,0.2149,289.7344
19:35:06:123,3.6297,-0.9846,12.4883,56.2849,-0.0972,0.0209,0.3081,289.5156
19:35:06:141,4.4509,-0.7931,10.7549,56.4438,-0.0519,0.1781,0.3379,289.3281
19:35:06:157,4.9561,-0.5297,9.5087,55.8685,-0.2309,0.0758,0.1533,289.0625
19:35:06:177,4.6305,-0.7464,10.1479,54.2974,-0.5816,-0.1202,-0.1705,288.6562
19:35:06:197,3.534,-1.6526,12.2728,55.4738,-0.8123,-0.0243,-0.391,288.3438
19:35:06:217,2.0196,-2.1733,13.3203,55.0218,-0.6759,0.405,-0.3532,288.3594
19:35:06:239,1.4187,-2.3278,11.5617,54.3594,-0.2815,0.7389,-0.0909,288.7656
19:35:06:258,2.1848,-1.7651,9.2525,54.7308,-0.041,0.5679,0.189,289.25
19:35:06:277,3.7973,-1.0229,8.369,54.7831,-0.0032,0.0316,0.2244,289.4219
19:35:06:297,4.4617,-0.4004,8.7162,54.7067,-0.0708,-0.3037,-0.0105,289.4219
19:35:06:317,4.0619,0.0198,8.6504,54.606,-0.1406,-0.141,-0.3212,289.125
19:35:06:340,2.7822,0.2879,7.6987,54.513,-0.1816,0.1781,-0.5324,288.9844
19:35:06:357,1.882,0.5225,6.7422,55.4392,-0.2083,0.3474,-0.5335,289.1875
19:35:06:376,1.9909,1.0122,6.3124,56.7848,-0.2266,0.3195,-0.4565,289.7031
19:35:06:397,2.4051,1.503,6.5423,54.5408,-0.2136,0.1781,-0.4491,290.3438
19:35:06:417,2.7367,1.7137,6.8463,55.9682,-0.1563,0.059,-0.5444,290.875
19:35:06:440,2.5619,1.8848,7.0355,53.6995,-0.123,-0.014,-0.6904,291.375
19:35:06:459,2.0974,1.8418,7.5562,55.2352,-0.1659,-0.0624,-0.7969,291.9375
19:35:06:476,1.7108,1.8489,8.6204,54.7711,-0.204,-0.0446,-0.8123,292.6406
19:35:06:496,1.8006,1.813,9.4141,52.9009,-0.1545,0.0132,-0.7801,293.4688
19:35:06:518,1.9658,1.8777,9.9253,53.603,-0.0895,0.0747,-0.7865,294.4062
19:35:06:542,1.9023,1.807,10.3646,53.1258,-0.0943,0.1509,-0.8395,295.3125
19:35:06:559,1.3744,1.4958,11.2217,55.258,-0.1313,0.2545,-0.8834,296.1719
19:35:06:576,0.5544,1.1522,11.9783,55.6102,-0.0828,0.3925,-0.8395,297.5781
19:35:06:600,-0.1723,0.8877,12.0573,55.0855,0.037,0.4902,-0.6936,298.5938
19:35:06:624,-0.3902,0.8063,11.6599,54.7696,0.1031,0.5632,-0.4896,299.5
19:35:06:644,-0.0286,0.92,11.0506,54.2037,0.0397,0.6843,-0.3276,300.2812
19:35:06:659,0.6262,0.8398,10.7082,54.2454,-0.1641,0.7967,-0.3005,300.8281
19:35:06:676,0.8728,0.5453,10.78,55.8158,-0.4139,0.8159,-0.3982,301.1875
19:35:06:700,0.2898,-0.1383,11.6587,55.2662,-0.644,0.6319,-0.5327,301.5
19:35:06:726,-0.8869,-1.1438,13.1299,54.9805,-0.7108,0.4494,-0.5572,301.9375
19:35:06:742,-1.6722,-2.2224,13.9918,55.185,-0.5164,0.3389,-0.3796,302.5312
19:35:06:759,-1.8997,-2.7958,13.7081,55.0502,-0.1899,0.3488,-0.0885,303.1094
19:35:06:779,-2.2061,-2.6833,12.4284,53.8358,0.1207,0.4569,0.2026,303.3438
19:35:06:798,-2.2097,-2.7001,10.0306,56.6488,0.3276,0.4651,0.4729,303.6094
19:35:06:826,-1.9021,-2.6282,7.9896,55.04,0.3188,0.2441,0.7211,303.5625
19:35:06:843,-1.6603,-2.414,6.9768,57.2117,0.1673,-0.1543,0.9089,303.1875
19:35:06:858,-1.3514,-2.2296,7.47,57.1339,-0.0013,-0.6257,1.0878,302.5156
19:35:06:876,-0.5601,-1.904,8.6073,56.1225,-0.028,-0.9005,1.2538,301.1094
19:35:06:896,-0.0035,-1.3857,8.8168,56.0447,0.0724,-0.9117,1.332,299.8594
19:35:06:917,0.5651,-1.0337,8.2458,56.696,0.146,-0.7706,1.3534,298.4219
19:35:06:942,1.0033,-0.6039,7.2713,57.2293,0.0394,-0.3927,1.2679,296.9062
19:35:06:957,1.1601,-0.4555,7.4233,56.8741,0.0256,-0.2851,1.2415,296.9062
19:35:06:976,1.1996,-0.2556,7.5502,56.4441,0.1364,-0.2723,1.2317,295.4375
19:35:06:996,1.3098,-0.0138,7.0953,58.0864,0.3228,-0.3269,1.2466,293.9531
19:35:07:019,1.8137,0.2951,6.2215,56.9245,0.3987,-0.4102,1.2292,291.1562
19:35:07:042,2.3177,0.7943,5.8803,58.2012,0.2397,-0.4515,1.115,291.1562
19:35:07:059,2.8289,1.157,6.7182,57.5099,-0.0386,-0.4286,0.9059,289.7344
19:35:07:076,2.9282,1.2576,8.1763,57.3173,-0.2772,-0.3106,0.6271,286.9844
19:35:07:097,2.6349,1.1462,9.3207,56.0004,-0.3774,-0.1261,0.3805,286.9844
19:35:07:118,2.4506,0.9236,9.869,56.0904,-0.3678,-0.0092,0.201,284.6875
19:35:07:141,2.4997,0.6842,9.8954,56.0043,-0.3526,-0.0614,0.0426,283.7656
19:35:07:158,2.8576,0.1371,10.3096,57.8143,-0.4626,-0.2571,-0.1378,283.4531
19:35:07:175,2.9294,-0.6638,11.9065,56.1466,-0.6527,-0.3919,-0.3282,283.3125
19:35:07:196,2.3129,-1.5951,14.1917,55.6076,-0.7441,-0.2646,-0.419,283.3125
19:35:07:216,2.1322,-2.4558,14.922,55.0365,-0.563,0.1267,-0.2773,283.4844
19:35:07:240,2.939,-2.5756,13.1563,55.4737,-0.3031,0.4015,-0.0331,283.875
19:35:07:257,4.0248,-1.9207,11.1703,56.3627,-0.208,0.3333,0.0218,284.375
19:35:07:275,4.4868,-1.8034,10.1982,55.4363,-0.3302,0.0785,-0.2129,284.7031
19:35:07:296,3.6273,-2.299,11.0829,55.9745,-0.5393,-0.1351,-0.5034,284.7656
19:35:07:317,2.374,-3.0927,12.7876,55.7446,-0.5606,-0.1498,-0.6033,284.7344
19:35:07:340,1.3935,-3.3525,13.1694,54.2193,-0.334,0.0369,-0.4597,284.9844
19:35:07:359,1.5049,-3.1167,12.0226,54.35,-0.0096,0.1674,-0.2033,285.5469
19:35:07:376,2.3955,-2.5097,10.5238,54.5636,0.2011,0.1261,-0.0491,286.25
19:35:07:399,3.17,-2.1434,9.474,55.092,0.3001,0.0428,-0.0824,286.9375
19:35:07:415,3.0707,-1.6406,8.5797,55.092,0.3097,0.0574,-0.2075,287.0469
19:35:07:482,2.6206,-1.1474,7.7669,53.8454,0.2698,0.1421,-0.3186,287.1094
19:35:07:483,2.1669,-0.8074,7.0056,54.5938,0.2264,0.2228,-0.3979,287.2656
19:35:07:483,1.7467,-0.3944,6.4716,53.6001,0.1795,0.2292,-0.423,287.5469
19:35:07:498,1.8401,0.1873,6.7829,51.4877,0.1654,0.194,-0.42,287.9688
19:35:07:514,2.3488,0.5345,7.3012,52.6546,0.2658,0.1791,-0.5071,288.4375
19:35:07:536,2.2734,0.6794,6.7099,52.085,0.3534,0.1919,-0.6757,288.9062
19:35:07:557,1.7551,0.9332,6.8487,51.1056,0.2836,0.1959,-0.8017,289.4219
19:35:07:576,1.1422,0.9116,7.6185,50.1914,0.2471,0.1357,-0.8525,290.0938
19:35:07:597,0.6765,0.9152,8.369,50.2277,0.2807,0.0119,-0.7838,290.9531
19:35:07:620,0.7196,1.09,9.1951,48.6477,0.3468,-0.0979,-0.6563,291.8594
19:35:07:642,0.9303,1.3102,9.9265,49.2912,0.4677,-0.1471,-0.5671,292.8125
19:35:07:659,0.9231,1.4551,9.7242,48.2483,0.5723,-0.1271,-0.53,293.6406
19:35:07:677,0.7962,1.4383,9.7924,48.3068,0.5262,-0.1106,-0.5101,294
19:35:07:697,0.6214,1.3366,10.3,48.0225,0.4109,-0.0025,-0.4661,294.9062
19:35:07:716,0.3987,1.0205,10.859,47.0745,0.298,0.1501,-0.4014,295.5
19:35:07:740,0.2766,0.5393,11.4935,46.1859,0.2264,0.3014,-0.2853,296.0312
19:35:07:759,0.2707,0.2604,11.8394,48.0213,0.2671,0.3885,-0.1141,296.5312
19:35:07:775,0.5053,0.1526,11.1966,48.8515,0.3723,0.3759,0.0324,296.9219
19:35:07:795,0.7782,0.07,10.0582,49.578,0.3316,0.2436,0.1006,297.1562
19:35:07:816,1.0177,-0.0605,10.3275,49.2594,0.0892,0.0209,0.1065,297.1719
19:35:07:839,1.39,-0.4806,11.6754,48.99,-0.1609,-0.121,0.0631,297.0781
19:35:07:856,1.0691,-1.0995,13.1383,50.2781,-0.2983,-0.1863,-0.0094,296.9531
19:35:07:876,0.0133,-1.643,14.8238,51.2682,-0.1718,-0.0875,0.0396,296.8438
19:35:07:896,-0.7529,-2.1111,13.5669,53.248,0.326,0.2566,0.2782,296.8281
19:35:07:917,-0.6942,-1.7603,9.3423,53.6512,0.7004,0.4393,0.5728,296.8438
19:35:07:943,0.1414,-1.3054,6.1664,54.5988,0.583,0.1879,0.7432,296.6875
19:35:07:957,1.0224,-1.1498,5.8863,57.9292,0.1137,-0.3242,0.7211,295.8281
19:35:07:976,1.3983,-1.2576,8.223,58.2855,-0.3204,-0.6726,0.6114,294.9688
19:35:07:996,1.4031,-1.57,10.543,58.8788,-0.4583,-0.6912,0.5299,294.2031
19:35:08:017,0.9841,-1.4874,11.5497,57.4053,-0.3193,-0.4134,0.5299,293.5312
19:35:08:040,0.8692,-1.0229,10.2066,58.6325,-0.1582,0.088,0.6114,292.9688
19:35:08:058,1.2092,-0.1658,8.569,60.3592,-0.2916,0.6798,0.6466,292.375
19:35:08:076,1.5779,0.3705,7.9525,62.9112,-0.6051,1.2846,0.5576,291.7031
19:35:08:097,1.518,0.6566,7.6388,61.5972,-0.8245,1.6998,0.417,290.9531
19:35:08:116,1.1469,0.75,7.2258,64.2755,-0.8229,1.6809,0.3094,290.2812
19:35:08:142,0.965,0.7428,6.9241,63.1125,-0.6413,1.2327,0.2758,290
19:35:08:160,0.6908,0.7727,6.808,65.9874,-0.4197,0.5914,0.2796,289.5781
19:35:08:178,0.4778,0.8996,7.4748,66.87,-0.2149,-0.0185,0.3118,289.2031
19:35:08:196,0.5412,0.8398,8.1201,67.5667,-0.024,-0.3807,0.3414,288.875
19:35:08:217,0.5113,0.7991,8.6552,68.6402,0.0296,-0.4784,0.3501,288.5312
19:35:08:241,0.4538,0.7691,9.693,71.4538,-0.0165,-0.3546,0.3701,288.1406
19:35:08:257,0.6082,0.8661,10.4795,70.9438,-0.0101,-0.1365,0.3778,287.5469
19:35:08:275,0.7052,0.9667,10.4472,72.5704,0.0626,-0.0528,0.3358,287.1406
19:35:08:295,0.9961,0.7644,10.2126,72.155,0.1015,-0.2188,0.2649,286.7031
19:35:08:317,1.5037,0.2209,10.8135,74.1998,0.0506,-0.5668,0.1669,286.3281
19:35:08:343,2.0603,-1.145,13.41,74.5259,0.0155,-0.88,0.0612,286.0469
19:35:08:362,2.7451,-1.3473,13.3514,76.3896,0.1606,-0.6292,0.0932,285.75
19:35:08:376,3.2419,-0.9822,11.0446,75.9192,0.208,-0.2558,-0.0027,285.75
19:35:08:397,3.188,-0.6183,9.1484,79.3675,-0.0205,-0.2177,-0.2565,285.5781
19:35:08:415,2.9737,-0.9092,9.7541,80.1433,-0.416,-0.5271,-0.579,285.5781
19:35:08:442,2.2004,-1.8884,12.9192,79.8889,-0.6658,-0.6731,-0.8169,285.8906
19:35:08:462,1.0356,-2.7515,15.3242,79.7513,-0.4458,-0.3253,-0.7924,286.5
19:35:08:479,0.6585,-2.9898,13.6674,79.7352,0.1121,0.2348,-0.5101,286.5
19:35:08:499,1.6976,-2.5373,10.0893,79.8168,0.4589,0.3421,-0.228,287.4375
19:35:08:515,3.2059,-1.9962,7.7765,80.4405,0.47,0.0066,-0.2086,288.6875
19:35:08:536,3.8093,-1.6107,6.8595,82.9616,0.289,-0.3208,-0.4419,289.0625
19:35:08:558,3.3149,-1.4886,6.5818,83.3527,0.0336,-0.3793,-0.7298,289.2656
19:35:08:575,2.1657,-1.4838,6.3938,82.4455,-0.1739,-0.2582,-0.9199,289.6094
19:35:08:595,1.2655,-1.388,5.988,82.0124,-0.3073,-0.1245,-0.9652,289.9062
19:35:08:615,0.8118,-1.1726,5.8791,81.9647,-0.4946,-0.0265,-0.9386,290.7031
19:35:08:640,0.6226,-0.7787,6.8882,84.5874,-0.6597,0.0473,-0.8645,291.75
19:35:08:659,0.4287,-0.4782,8.1548,83.734,-0.5832,0.0971,-0.7708,292.8594
19:35:08:675,0.4634,-0.1454,8.5654,84.2366,-0.2946,0.1,-0.6382,293.8906
19:35:08:695,0.7196,0.4172,7.9357,84.0955,-0.0458,0.05,-0.5332,294.8906
19:35:08:715,0.9734,0.835,8.1093,84.0713,0.0013,-0.0949,-0.5204,295.7812
19:35:08:738,0.7615,0.9918,9.1232,86.5877,-0.0402,-0.1327,-0.5487,296.5
19:35:08:759,0.6094,1.0134,10.0749,86.8675,-0.025,-0.0241,-0.526,297.1094
19:35:08:776,0.6178,1.1199,10.5107,85.651,0.0301,0.0835,-0.4861,297.7031
19:35:08:796,0.7232,1.1319,11.1918,87.6127,0.0903,0.1251,-0.4584,298.5938
19:35:08:816,0.8848,1.0134,11.6539,86.5502,0.1904,0.201,-0.4496,299.1719
19:35:08:841,0.7112,0.7703,11.5067,87.5918,0.2826,0.2739,-0.4443,299.7188
19:35:08:858,0.6753,0.5453,11.1715,87.3939,0.3217,0.304,-0.4017,300.2344
19:35:08:876,0.6908,0.2592,11.0829,88.3767,0.2796,0.2907,-0.3804,300.7344
19:35:08:895,0.6873,-0.1347,11.175,87.2962,0.1768,0.3261,-0.3663,301.2188
19:35:08:917,0.8165,-0.5489,11.0781,89.0869,0.0357,0.3687,-0.3455,301.6719
19:35:08:941,0.6897,-0.6339,11.5737,88.1065,-0.175,0.3208,-0.345,302.0781
19:35:08:959,0.2623,-0.9343,12.5074,88.4266,-0.3278,0.2303,-0.3503,302.4844
19:35:08:984,-0.6475,-1.5353,13.434,87.0697,-0.339,0.1112,-0.2728,302.8906
19:35:08:994,-1.2078,-2.3481,14.254,89.2995,-0.1457,0.0356,-0.0315,303.2812
19:35:09:015,-1.1192,-2.9479,13.1395,86.4309,0.2256,0.0952,0.3123,303.6406
19:35:09:037,-0.3554,-2.9646,10.5609,86.2071,0.4802,0.006,0.6415,303.8438
19:35:09:060,0.7663,-2.8677,9.292,86.2427,0.4325,-0.3468,0.7928,303.6875
19:35:09:080,1.3612,-2.7827,9.4405,85.5804,0.2727,-0.5759,0.7946,303.1562
19:35:09:095,1.2104,-2.4654,9.8463,85.1164,0.1915,-0.5975,0.7792,301.8438
19:35:09:116,1.0248,-2.1039,9.6416,85.1887,0.2554,-0.4973,0.8372,301.3906
19:35:09:140,0.9135,-1.4862,8.6264,86.141,0.4005,-0.3897,0.9201,300.5312
19:35:09:156,0.783,-0.7751,7.215,86.8496,0.4927,-0.3202,1.001,299.6094
19:35:09:175,0.9111,0.021,6.1556,82.9466,0.489,-0.3199,1.0711,298.5938
19:35:09:195,1.4366,0.9451,5.7845,84.1404,0.4245,-0.4084,1.091,297.5
19:35:09:216,2.1262,1.6921,6.0802,83.3544,0.3654,-0.5511,0.9794,296.3438
19:35:09:243,2.4554,2.0728,6.7889,84.3005,0.3119,-0.6307,0.7509,295.0938
19:35:09:262,2.5164,2.0046,7.7765,83.4677,0.2743,-0.5706,0.4838,293.875
19:35:09:278,2.2746,1.7137,8.6037,82.94,0.2658,-0.3602,0.2372,292.9375
19:35:09:294,1.8137,1.3557,9.0322,84.0937,0.2716,-0.0371,0.0654,292.2344
19:35:09:315,1.4606,1.0936,8.7701,81.7561,0.2613,0.2513,-0.0057,291.8281
19:35:09:340,1.5384,0.999,8.727,82.0576,0.1739,0.3483,-0.0113,291.6562
19:35:09:357,1.8353,0.8984,9.5697,83.2015,0.1244,0.2468,-0.036,291.625
19:35:09:374,1.9825,0.4926,10.2054,82.3498,0.1875,0.0819,-0.0965,291.6094
19:35:09:395,2.034,-0.1395,10.3072,81.7454,0.2117,-0.0518,-0.1314,291.6406
19:35:09:415,1.9466,-0.8924,10.5968,81.6857,0.0961,-0.1226,-0.1071,291.7344
19:35:09:442,1.9406,-1.7412,11.4432,81.2892,-0.1089,-0.1434,0.0037,291.875
19:35:09:463,1.8712,-2.2739,12.5709,80.7037,-0.2482,0.0191,0.2239,292
19:35:09:481,2.2291,-2.2895,12.2189,82.0466,-0.1662,0.2782,0.5291,292
19:35:09:546,3.2921,-1.7699,9.8187,81.494,-0.0847,0.3594,0.7288,291.7656
19:35:09:547,4.2091,-1.2683,8.1572,81.494,-0.3183,0.1312,0.6647,291.1562
19:35:09:547,4.3767,-1.157,9.4464,79.9154,-0.7505,-0.2339,0.3946,290.3438
19:35:09:560,3.7662,-1.722,12.62,79.053,-0.9079,-0.3415,0.1478,289.5938
19:35:09:574,2.9462,-2.0991,14.4168,80.6824,-0.5673,-0.113,0.0684,289.1719
19:35:09:596,2.7594,-2.2775,12.6212,80.2127,-0.0288,0.1807,0.123,289.0938
19:35:09:617,3.4609,-1.9674,9.9193,80.4846,0.2264,0.1655,0.177,289.0312
19:35:09:643,4.4545,-1.4766,8.5007,80.1782,0.184,-0.0456,0.0551,288.9531
19:35:09:659,4.3959,-0.823,8.3786,80.6322,-0.0099,-0.1407,-0.2238,288.75
19:35:09:677,3.5196,-0.3669,8.6504,80.1782,-0.1238,-0.0132,-0.4842,288.5938
19:35:09:695,2.4913,-0.228,7.9118,77.5735,-0.0836,0.1418,-0.6414,288.8438
19:35:09:715,1.7658,0.0473,6.9768,79.0455,-0.1084,0.2138,-0.6754,289.4062
19:35:09:742,1.4785,0.7536,7.4844,79.0406,-0.2013,0.2697,-0.6456,290.1094
19:35:09:761,1.2726,0.9786,7.8531,77.7422,-0.1467,0.3384,-0.652,290.1094
19:35:09:778,1.1685,1.2288,7.8854,77.9455,-0.0645,0.4106,-0.6211,290.8906
19:35:09:795,1.1003,1.4898,8.0506,76.0799,-0.0075,0.4502,-0.5801,291.625
19:35:09:815,1.2044,1.7376,8.2493,76.9662,0.0535,0.4862,-0.5497,292.3438
19:35:09:836,1.2403,1.6909,8.1835,77.5976,0.0908,0.4676,-0.5716,293.0938
19:35:09:859,0.9231,1.5485,8.545,76.6694,0.036,0.4058,-0.5844,294.4688
19:35:09:877,0.7351,1.1594,9.5733,77.1482,-0.0274,0.364,-0.53,295.0625
19:35:09:894,0.4634,0.9092,10.6878,77.6834,-0.0083,0.3893,-0.4009,295.7188
19:35:09:914,0.2982,0.8362,11.3091,75.7096,0.11,0.3967,-0.1987,296.375
19:35:09:935,0.6082,0.7512,11.4432,75.9288,0.2812,0.267,0.0117,296.9531
19:35:09:957,1.2655,0.513,11.2936,77.6563,0.4061,-0.0012,0.1483,297.5625
19:35:09:975,1.9263,0.1706,11.5629,75.9825,0.4104,-0.2022,0.177,297.6562
19:35:09:995,2.0508,-0.3298,11.9855,77.0987,0.3558,-0.1429,0.1395,297.5625
19:35:10:016,1.7204,-0.4375,11.5497,76.6805,0.2879,0.1514,0.1472,297.3594
19:35:10:034,1.7168,-0.1131,10.5047,76.248,0.1702,0.3552,0.2085,297.1875
19:35:10:054,1.9155,0.1957,9.8307,75.5003,-0.0192,0.3134,0.1842,297.1094
19:35:10:075,1.6366,0.1167,9.9205,74.892,-0.2144,0.0894,0.0844,296.9531
19:35:10:094,1.3229,-0.2664,11.0529,74.081,-0.3467,-0.1026,0.0415,296.7031
19:35:10:114,0.8979,-0.7009,11.9089,76.1588,-0.3015,-0.006,0.0322,296.4844
19:35:10:135,0.2671,-0.8709,10.6603,76.2227,-0.0999,0.2015,0.0793,296.3906
19:35:10:160,-0.0502,-1.1307,8.5283,72.7891,-0.0668,0.0971,0.1235,296.3438
19:35:10:178,-0.1579,-1.6418,8.0937,72.6126,-0.2519,-0.2499,0.1312,296.2969
19:35:10:201,-0.4177,-2.1207,9.0478,73.8654,-0.433,-0.6164,0.1547,296.2031
19:35:10:213,-0.766,-2.1733,10.5538,72.2112,-0.4389,-0.855,0.262,296.0625
19:35:10:235,-0.942,-1.9255,11.2038,73.3289,-0.2293,-0.8033,0.4564,295.8438
19:35:10:256,-0.4021,-1.5389,10.0665,73.8802,0.0748,-0.6092,0.6932,295.625
19:35:10:277,0.9195,-0.9224,8.9868,73.9347,0.221,-0.5668,0.83,295.2344
19:35:10:293,2.0388,-0.3071,9.4105,73.2885,0.3236,-0.598,0.7592,294.5625
19:35:10:320,1.6976,0.2508,9.0861,73.1932,0.5867,-0.5186,0.5712,293.6719
19:35:10:342,0.7124,0.0341,7.2905,72.6502,0.8317,-0.4544,0.4751,292.7812
19:35:10:358,0.0492,-0.173,5.4673,71.3313,0.8245,-0.4052,0.5704,292
19:35:10:374,0.1534,0.1155,4.5587,70.7138,0.5606,-0.3136,0.7792,291.4062
19:35:10:394,0.7998,0.5297,4.7059,70.8193,0.1534,-0.2198,0.9472,290.8438
19:35:10:415,1.6725,1.078,6.0467,70.7704,-0.2218,-0.1748,1.0093,290.0469
19:35:10:434,2.3752,1.3126,7.9118,72.0343,-0.3907,-0.2182,0.9326,289.0312
19:35:10:459,2.5811,1.3222,9.5674,72.3849,-0.3457,-0.2891,0.7874,287.9688
19:35:10:476,2.538,1.2899,10.4317,72.7191,-0.2011,-0.2464,0.6479,286.8594
19:35:10:495,2.4817,1.2707,10.3323,70.6776,-0.0935,-0.2323,0.5315,285.9062
19:35:10:516,3,0.9379,10.5047,71.4727,-0.1449,-0.3967,0.4202,285.4844
19:35:10:534,4.0978,0.3442,11.9867,70.9032,-0.3193,-0.6206,0.2676,284.2031
19:35:10:558,4.5024,-0.246,14.2971,71.1417,-0.4509,-0.5663,0.0804,283.9531
19:35:10:575,4.5144,-1.0552,15.5157,69.6033,-0.3521,-0.0859,-0.0168,283.5781
19:35:10:594,4.7981,-1.8944,13.8003,70.1457,-0.1084,0.4231,0.0191,283.4219
19:35:10:614,5.5798,-2.0536,11.5605,70.9188,-0.0226,0.4697,0.1331,283.4531
19:35:10:635,6.3639,-1.394,10.938,68.4583,-0.0362,0.1144,0.1552,283.4844
19:35:10:657,6.82,-1.0732,11.2217,70.1838,0.0157,-0.2739,-0.0065,283.3906
19:35:10:675,6.8356,-1.4275,11.2241,69.2249,0.1281,-0.3817,-0.2118,283.2188
19:35:10:696,6.5938,-1.7591,10.5765,67.5002,0.2184,-0.2659,-0.3316,283.125
19:35:10:714,6.5866,-1.582,9.4177,70.3552,0.2173,-0.1474,-0.4121,283.2344
19:35:10:734,6.5949,-1.3809,8.7186,67.3819,0.131,-0.1961,-0.6086,283.5312
19:35:10:759,5.9485,-1.2887,8.3032,67.8483,0.0152,-0.2294,-0.8877,283.9375
19:35:10:777,4.67,-1.0576,7.7837,66.6719,-0.1103,-0.1242,-1.1428,284.4844
19:35:10:796,3.285,-0.7751,7.1731,66.1706,-0.2477,0.0409,-1.3322,285.2969
19:35:10:814,2.0627,-0.6351,6.8068,64.4301,-0.3699,0.2012,-1.4358,287.1562
19:35:10:835,1.1326,-0.592,6.6057,65.8364,-0.4322,0.3,-1.4613,288.7031
19:35:10:859,0.4814,-0.586,6.6644,64.7618,-0.4141,0.2705,-1.4246,290.2969
19:35:10:875,-0.0238,-0.5932,6.7841,64.4153,-0.339,0.1631,-1.3356,292.0156
19:35:10:893,-0.4775,-0.4615,7.1696,64.0355,-0.2455,0.1046,-1.1889,293.6719
19:35:10:914,-0.6403,-0.1754,7.4114,64.7603,-0.1124,0.0867,-0.9804,295.2188
19:35:10:934,-0.1268,0.3765,7.2725,64.1552,0.0149,0.0561,-0.7535,296.5312
19:35:10:960,0.7615,0.896,7.1528,62.5246,0.0426,-0.0547,-0.6227,297.6719
19:35:10:974,1.597,1.1845,7.7873,61.5442,-0.0652,-0.1623,-0.6075,298.5312
19:35:10:993,2.0041,1.2432,9.2214,61.691,-0.2117,-0.141,-0.6667,299.2031
19:35:11:015,1.8987,1.0804,10.8578,60.8014,-0.2618,0.0244,-0.721,299.9062
19:35:11:034,1.7108,0.8936,11.8406,60.6766,-0.1843,0.3163,-0.7122,300.6875
19:35:11:058,1.3469,0.6243,11.7137,60.5214,-0.1012,0.6228,-0.6587,301.5
19:35:11:075,1.026,0.2771,11.4576,60.2574,-0.0898,0.7933,-0.53,301.9219
19:35:11:094,0.9614,0.0664,11.6826,60.661,-0.0751,0.8018,-0.3511,302.7188
19:35:11:114,1.0009,-0.0449,11.7963,59.5477,0.0173,0.7253,-0.1713,303.4062
19:35:11:136,1.3672,-0.1275,10.6004,59.0581,0.1161,0.6207,-0.0201,304.0781
19:35:11:160,1.8664,-0.1514,11.0865,60.1401,-0.1238,0.2998,0.1382,304.2656
19:35:11:176,2.1693,-0.3956,12.1674,60.5785,-0.3252,0.226,0.0668,304.2656
19:35:11:194,1.5037,-0.9631,13.7632,59.6576,-0.4376,0.1815,-0.0307,304.1719
19:35:11:214,0.2599,-1.7436,15.1291,59.3334,-0.2772,0.3424,0.0266,304.0156
19:35:11:236,-0.4572,-2.4164,13.8458,59.6062,0.164,0.658,0.2993,303.9531
19:35:11:259,-0.5015,-2.1482,10.5968,60.2244,0.5036,0.8018,0.6404,303.9688
19:35:11:277,-0.0083,-1.886,7.7525,57.5623,0.5249,0.5637,0.8604,303.9688
19:35:11:294,0.3209,-1.7388,6.6285,60.2437,0.2985,0.1562,0.9659,303.6406
19:35:11:313,0.4239,-1.5185,6.911,59.0771,0.0434,-0.207,1.0431,302.8906
19:35:11:333,0.7244,-1.4252,7.9788,58.108,-0.07,-0.4595,1.1193,301.9531
19:35:11:360,0.8381,-1.2743,8.4529,58.9118,-0.0088,-0.5578,1.1613,300.8438
19:35:11:375,0.7208,-1.078,8.3679,59.789,0.0708,-0.5455,1.2141,298.4375
19:35:11:392,1.0595,-0.7943,7.9225,59.4085,0.1316,-0.4158,1.2876,297.7969
19:35:11:413,1.6581,-0.5022,7.3802,60.3813,0.1531,-0.3024,1.294,296.4375
19:35:11:433,2.0544,-0.428,7.1097,59.1827,0.1004,-0.2835,1.2274,294.2656
19:35:11:457,1.937,-0.2688,7.7765,60.0773,0.061,-0.309,1.1845,293.5781
19:35:11:476,2.107,-0.0616,8.2422,59.2023,0.1675,-0.321,1.1933,292.1406
19:35:11:493,2.5212,0.2616,7.9884,59.1788,0.3081,-0.2837,1.1803,290.7656
19:35:11:514,2.9929,0.6494,7.2677,60.2212,0.326,-0.2502,1.0964,289.4844
19:35:11:534,3.3975,0.9667,7.2486,58.9477,0.1931,-0.3026,0.9302,288.1094
19:35:11:560,3.5507,1.0816,8.1919,59.3489,0.0045,-0.3634,0.7105,287.4219
19:35:11:626,3.449,0.9786,9.5039,60.25,-0.1015,-0.3197,0.5033,286.1719
19:35:11:627,3.2957,0.9068,10.3287,58.9653,-0.1009,-0.149,0.3483,285.1406
19:35:11:627,3.2251,0.738,10.1491,60.1433,-0.0599,-0.0022,0.2167,284.3438
19:35:11:643,3.1521,0.4375,9.9289,60.1433,-0.1124,-0.051,0.1046,283.7812
19:35:11:662,3.4059,-0.0269,10.6795,59.0892,-0.2256,-0.2161,0.0218,283.3906
19:35:11:675,3.5088,-0.6638,12.0142,60.1655,-0.285,-0.3548,-0.052,283.1562
19:35:11:693,3.6022,-1.2959,12.8905,59.9287,-0.2274,-0.3165,-0.0334,283.0312
19:35:11:715,3.9913,-1.74,12.3578,60.3461,-0.1097,-0.1375,0.054,283.0625
19:35:11:734,4.5443,-1.479,10.7968,59.5815,-0.1236,0.0039,0.0681,283.1406
19:35:11:759,4.7634,-1.4048,10.3036,59.2077,-0.3113,-0.0845,-0.0848,283.1562
19:35:11:774,4.3061,-1.7532,11.4636,59.2263,-0.5103,-0.2118,-0.2893,283.0625
19:35:11:793,3.3508,-2.3385,13.2245,60.1204,-0.502,-0.1141,-0.3742,283.0781
19:35:11:821,2.5906,-2.621,13.4017,59.4393,-0.2085,0.2068,-0.2563,283.3125
19:35:11:833,2.8396,-2.3864,11.2756,60.0956,0.1481,0.3738,-0.0576,283.7656
19:35:11:854,4.0798,-1.9519,9.5793,59.9856,0.273,0.1568,0.0023,284.1719
19:35:11:875,5.0698,-1.655,9.2046,60.0169,0.2021,-0.1202,-0.1942,284.3438
19:35:11:894,4.6724,-1.406,9.4524,59.1709,0.0716,-0.0544,-0.5101,284.3281
19:35:11:914,3.1305,-1.3402,9.0334,60.7925,0.0088,0.2939,-0.7513,284.375
19:35:11:933,1.8269,-1.1965,8.1201,60.194,0.0136,0.6055,-0.7703,284.7656
19:35:11:959,1.2559,-0.8326,6.9613,59.1895,0.0269,0.7381,-0.6478,285.5156
19:35:11:976,1.1553,-0.2771,6.8044,60.6819,0.0133,0.6313,-0.5138,286.4219
19:35:11:993,1.3433,0.0796,7.1229,62.1671,0.0895,0.4977,-0.4374,287.5469
19:35:12:013,1.19,0.2376,6.9864,59.8508,0.2051,0.3922,-0.4288,288.1406
19:35:12:033,0.8572,0.4016,6.9684,61.0112,0.2429,0.3706,-0.4099,288.6406
19:35:12:060,0.3353,0.562,7.4006,60.4943,0.233,0.438,-0.3495,289.0938
19:35:12:077,0.4299,0.8793,7.7119,59.3489,0.2642,0.479,-0.228,289.3281
19:35:12:093,0.8764,1.3126,7.8447,60.319,0.2991,0.4196,-0.1628,289.7656
19:35:12:113,1.3433,1.716,8.2601,60.0568,0.2748,0.2881,-0.1987,290.0781
19:35:12:133,1.6222,1.9435,9.2405,60.4253,0.2085,0.1978,-0.3228,290.2656
19:35:12:159,1.4043,1.7208,10.3598,60.7908,0.1673,0.2404,-0.4792,290.4531
19:35:12:180,0.7699,1.1977,11.2636,60.4719,0.164,0.4215,-0.5503,290.7344
19:35:12:195,0.0193,0.6949,11.5725,61.5065,0.1915,0.6817,-0.4746,291.1719
19:35:12:213,-0.1842,0.5489,11.5054,61.8904,0.2085,0.8143,-0.277,291.7656
19:35:12:234,-0.0059,0.659,11.4875,61.8248,0.2202,0.8244,-0.0863,292.6094
19:35:12:259,0.1952,0.6411,11.0865,63.6777,0.2389,0.7688,0.0191,292.875
19:35:12:278,0.1282,0.4459,10.5382,60.9785,0.1699,0.6231,0.107,292.9531
19:35:12:293,0.1928,0.4651,10.8794,60.4234,0.0027,0.4271,0.2378,292.9219
19:35:12:313,0.5699,0.5884,11.5114,62.3918,-0.1361,0.2774,0.3185,292.7969
19:35:12:333,0.7663,0.2664,12.2022,62.5803,-0.2218,0.0825,0.2977,292.5156
19:35:12:353,0.2515,-0.1718,13.3478,60.5594,-0.1965,-0.0502,0.2633,292.125
19:35:12:376,-0.5721,-0.677,13.3598,61.7708,0.0586,0.0862,0.3398,291.7656
19:35:12:393,-0.9025,-0.8218,10.6938,61.9027,0.3468,0.2798,0.5022,291.4844
19:35:12:414,-0.6619,-0.7021,8.3092,62.9589,0.355,0.2127,0.5946,291.0938
19:35:12:436,-0.4799,-0.7584,7.2605,62.2081,0.1244,-0.0635,0.5589,290.5312
19:35:12:461,-0.7193,-0.8673,7.9716,61.8848,-0.1449,-0.4702,0.4971,289.8906
19:35:12:476,-0.8965,-0.847,9.8056,63.9638,-0.2211,-0.7493,0.5342,289.5625
19:35:12:493,-0.5266,-0.7272,10.4472,61.3443,-0.0432,-0.6537,0.6298,288.9844
19:35:12:518,-0.2046,-0.5369,9.0478,62.3123,0.1931,-0.4124,0.702,288.4219
19:35:12:533,0.9219,0.167,6.3124,62.0912,0.2487,-0.2539,0.7661,287.4531
19:35:12:554,1.2619,0.5489,6.5291,62.9463,0.0466,-0.411,0.6697,286.6719
19:35:12:576,1.2511,0.8493,7.403,60.6736,0.1143,-0.7274,0.552,285.8125
19:35:12:594,1.1661,0.9511,7.6005,61.1758,0.2916,-0.8728,0.4463,285.8125
19:35:12:613,1.026,0.8266,7.154,62.7602,0.3414,-0.7064,0.3763,284.25
19:35:12:635,0.8094,0.8398,6.887,62.9723,0.1976,-0.3879,0.3704,283.6562
19:35:12:657,0.7782,1.0241,7.233,64.6494,-0.0269,-0.1777,0.4165,283.2188
19:35:12:674,1.0835,1.2276,8.3667,62.6936,-0.1707,-0.1682,0.4729,282.8125
19:35:12:693,1.6066,1.4706,9.4943,62.9838,-0.1641,-0.2614,0.49,282.4219
19:35:12:717,1.9933,1.6215,10.2916,61.4772,-0.0756,-0.3461,0.437,281.9688
19:35:12:731,2.1106,1.6131,10.4664,62.9938,-0.012,-0.3719,0.3267,281.4375
19:35:12:754,2.1453,1.236,10.6376,63.3121,-0.0676,-0.3983,0.2191,280.9062
19:35:12:775,2.3045,0.6853,11.3606,63.8056,-0.2125,-0.4526,0.1483,280.0938
19:35:12:798,2.7427,-0.0976,12.7409,63.6971,-0.3678,-0.5069,0.1123,279.9531
19:35:12:812,3.3113,-0.9595,14.2061,64.162,-0.4264,-0.4443,0.1198,279.7812
19:35:12:833,3.7841,-1.4455,14.4072,63.6601,-0.3806,-0.1788,0.1358,279.6875
19:35:12:859,3.6561,-1.3701,13.3298,64.8155,-0.3579,0.1525,0.0708,279.5938
19:35:12:876,3.0072,-1.6239,12.4739,64.0956,-0.408,0.3536,-0.0307,279.4844
19:35:12:893,2.4985,-1.9148,12.037,63.8233,-0.4221,0.4548,-0.0659,279.375
19:35:12:913,2.0196,-2.068,12.0992,63.146,-0.3369,0.4636,-0.0408,279.3438
19:35:12:934,1.931,-2.1985,11.6084,63.3738,-0.0698,0.4782,0.0657,279.3906
19:35:12:959,2.6002,-1.8836,9.7733,63.0421,0.2485,0.4004,0.1691,279.4844
19:35:12:975,3.8237,-1.4766,7.9321,62.0779,0.3822,0.1237,0.1126,279.5312
19:35:12:993,4.4761,-0.9966,7.0499,62.38,0.2554,-0.1807,-0.1567,279.4531
19:35:13:012,4.1409,-0.8661,7.3156,63.3728,-0.0463,-0.2113,-0.537,279.25
19:35:13:033,2.9007,-1.0864,7.8603,62.8068,-0.3041,0.0542,-0.8395,279.1094
19:35:13:058,1.5168,-1.2037,7.7298,62.0038,-0.412,0.4066,-0.9276,279.2656
19:35:13:077,0.4466,-1.06,7.1312,61.6604,-0.4171,0.581,-0.8131,280.3438
19:35:13:094,0.218,-0.592,6.7697,61.0912,-0.3457,0.4769,-0.5806,281.3906
19:35:13:112,0.5843,0.0377,6.6991,61.9786,-0.2306,0.2534,-0.3918,282.3594
19:35:13:134,0.9937,0.5776,6.8607,61.9246,-0.1257,0.0609,-0.301,283.1719
19:35:13:158,1.1912,0.92,7.1157,60.6661,-0.0621,-0.0363,-0.2805,283.7031
19:35:13:173,1.3265,1.1786,7.3515,61.7,-0.0194,-0.0289,-0.2696,284.0938
19:35:13:193,1.6437,1.4132,7.312,60.0987,-0.0008,-0.0049,-0.2997,284.4062
19:35:13:213,1.7251,1.5616,7.4892,61.4692,-0.0442,-0.0169,-0.3718,284.7188
19:35:13:232,1.5743,1.5401,8.2505,59.9073,-0.1036,-0.0571,-0.4408,285.0312
19:35:13:254,1.3876,1.3869,9.128,58.9548,-0.1233,-0.0952,-0.4717,285.4062
19:35:13:274,1.2834,1.1319,10.1551,60.6777,-0.1137,-0.0848,-0.4462,285.875
19:35:13:292,1.3181,1.0517,11.0039,60.5734,-0.0921,0.0217,-0.3977,286.4062
19:35:13:313,1.3349,1.0816,11.6132,61.048,-0.0245,0.1016,-0.3657,286.6719
19:35:13:332,1.2415,0.9044,11.9244,61.3663,0.0623,0.0324,-0.3452,287.3906
19:35:13:352,1.354,0.726,12.5577,59.069,0.0956,-0.0656,-0.2968,287.8281
19:35:13:376,1.4522,0.4615,13.495,59.039,0.1449,-0.0643,-0.2565,288.2344
19:35:13:394,1.3756,0.2185,13.4376,57.0506,0.2397,0.1363,-0.2216,288.5781
19:35:13:413,1.1481,0.167,12.1962,57.6989,0.2032,0.4018,-0.1612,288.8906
19:35:13:433,1.4067,0.3514,11.8586,58.2098,0.0277,0.5091,-0.0653,289.1719
19:35:13:453,1.7239,0.2185,11.7126,56.3538,0.0154,0.3602,-0.0863,289.3906
19:35:13:478,1.2678,-0.2963,10.798,57.0267,0.2469,-0.1498,-0.1822,289.5
19:35:13:496,0.8201,-1.0026,9.7385,55.7065,0.4197,-0.8214,-0.2592,289.5625
19:35:13:512,0.5735,-1.7663,10.191,55.1969,0.1771,-0.8086,-0.3037,289.7031
19:35:13:532,0.3042,-2.2021,10.5801,55.2586,-0.135,-0.109,-0.309,289.9688
19:35:13:552,-0.0753,-2.3098,9.5302,54.2294,-0.2836,0.4713,-0.2629,290.3125
19:35:13:576,-0.219,-2.1434,8.1883,53.6627,-0.347,0.4987,-0.1615,290.6719
19:35:13:593,-0.3662,-1.8286,7.7885,54.2151,-0.384,0.0497,-0.0336,291.125
19:35:13:613,-0.3195,-1.795,8.5642,54.2524,-0.3723,-0.4699,0.1517,291.3125
19:35:13:672,-0.0705,-1.6538,9.5039,51.9467,-0.306,-0.5961,0.3816,291.3438
19:35:13:672,0.0731,-1.242,9.8475,52.2763,-0.2122,-0.2835,0.6135,291.1719
19:35:13:674,0.2419,-0.7727,8.873,52.6544,-0.1217,0.1826,0.829,290.75
19:35:13:693,0.8752,-0.4483,7.7118,52.1606,-0.094,0.3879,0.9917,290.0469
19:35:13:714,1.6497,-0.1718,7.2953,51.5614,-0.1113,0.2955,1.034,289.1562
19:35:13:732,1.8113,0.2747,7.707,51.5614,-0.0661,0.013,0.9661,288.0156
19:35:13:754,1.6425,0.2448,8.3307,49.355,0.1071,-0.2755,0.8596,286.8438
19:35:13:776,1.3959,-0.0066,8.1751,49.355,0.2668,-0.3564,0.7962,285.7812
19:35:13:794,1.2798,-0.0329,7.7298,50.7131,0.2461,-0.2558,0.8039,284.7969
19:35:13:821,1.7838,0.1897,8.0219,47.9545,0.0573,-0.1255,0.8183,284.3281
19:35:13:832,2.2303,0.4435,8.9484,49.6951,-0.1489,0.0316,0.7446,283.4219
19:35:13:859,2.3644,0.4699,9.8786,48.3563,-0.2442,0.1094,0.6223,282.5312
19:35:13:877,2.3536,0.4519,10.8925,50.3075,-0.1918,0.0678,0.5027,281.625
19:35:13:893,2.2387,0.2604,11.3151,47.5293,-0.016,-0.0273,0.3858,280.5
19:35:13:914,2.265,-0.1024,11.0841,47.5089,0.1404,-0.149,0.2942,279.9688
19:35:13:933,2.8085,-1.1881,11.4671,47.9236,0.0029,-0.2214,0.1515,279.5312
19:35:13:960,2.8684,-1.807,12.1579,46.2788,-0.1366,-0.0494,0.1214,279.1875
19:35:13:977,2.8875,-2.0369,11.849,45.244,-0.2189,0.2012,0.1523,278.9375
19:35:13:993,3.1653,-1.8453,11.3917,45.8516,-0.2876,0.2785,0.1541,278.6406
19:35:14:013,2.9438,-1.8633,11.2253,45.6522,-0.3129,0.1584,0.0529,278.4688
19:35:14:032,2.6505,-2.0943,11.6216,44.1628,-0.3185,-0.0576,0.0125,278.3125
19:35:14:052,2.7115,-2.4379,12.845,45.5304,-0.2655,-0.153,-0.0291,278.3125
19:35:14:075,2.1034,-2.7791,13.3131,44.4534,-0.0405,0.0385,-0.0485,278.2656
19:35:14:094,2.1238,-2.8808,11.7305,41.6651,0.2458,0.3384,0.067,278.25
19:35:14:112,2.8612,-2.5085,9.6356,43.2354,0.3731,0.3847,0.1363,278.2812
19:35:14:132,3.5304,-2.1721,8.2505,43.9977,0.2977,0.2399,0.0537,278.2656
19:35:14:152,3.5711,-1.6083,8.1069,44.393,0.0919,0.1259,-0.1375,278.1094
19:35:14:175,3.2227,-1.078,8.6312,41.7333,-0.0525,0.2396,-0.3652,278.0625
19:35:14:194,2.4925,-0.7488,8.2278,42.7622,-0.0301,0.4684,-0.5708,278.1094
19:35:14:211,1.5707,-0.5237,7.0858,41.4567,0.0346,0.5877,-0.6752,278.3906
19:35:14:232,1.202,-0.2328,6.2574,40.5596,0.0477,0.544,-0.6651,278.6406
19:35:14:252,1.1398,0.1251,6.2298,41.4657,0.0237,0.393,-0.648,279.2656
19:35:14:277,1.0009,0.252,6.7973,39.8668,0.0402,0.2782,-0.6603,280.0469
19:35:14:295,0.7615,0.4052,7.2438,38.9883,0.13,0.2771,-0.6435,280.8281
19:35:14:312,0.6262,0.6315,7.1947,38.7301,0.2205,0.3394,-0.6043,281.5156
19:35:14:333,0.728,0.9774,7.1851,39.1402,0.2389,0.357,-0.5641,282.2812
19:35:14:355,1.0296,1.2959,7.5957,39.8919,0.2109,0.2841,-0.5668,283.0156
19:35:14:376,1.1182,1.4994,8.4014,38.8606,0.1792,0.1522,-0.6443,283.7344
19:35:14:393,0.8824,1.3426,9.4417,39.1449,0.1443,0.0801,-0.7479,284.3438
19:35:14:412,0.3712,0.9236,10.5179,39.0426,0.1097,0.1091,-0.7956,285.3594
19:35:14:433,-0.5003,0.4328,11.5952,37.9159,0.1119,0.2393,-0.7031,286.125
19:35:14:452,-0.9456,0.1383,12.2477,38.1139,0.2088,0.3283,-0.4331,287.0312
19:35:14:475,-0.766,0.1574,12.3183,36.8478,0.3526,0.2518,-0.1053,287.9062
19:35:14:495,-0.1352,0.1443,12.5374,38.6364,0.4932,0.0172,0.1552,288.5938
19:35:14:513,0.5376,0.0365,12.3099,37.2075,0.6501,-0.268,0.3163,288.875
19:35:14:532,0.6765,0.4352,11.946,36.2158,0.8421,-0.8262,0.4058,288.8594
19:35:14:552,0.364,0.9786,11.9771,37.9298,1.0251,-1.5389,0.4628,288.6094
19:35:14:578,0.5747,1.2695,12.2117,37.7441,1.0394,-1.7637,0.5645,288.2344
19:35:14:592,1.5468,1.1821,12.0944,36.7508,0.8381,-1.3631,0.6045,287.7969
19:35:14:611,2.271,0.7392,11.9783,36.1299,0.5715,-0.7575,0.527,287.3125
19:35:14:633,2.3153,0.3657,12.2596,37.4545,0.4953,-0.4672,0.3832,286.7344
19:35:14:655,1.8664,-0.1347,11.5019,34.7718,0.6783,-0.3796,0.2332,286.125
19:35:14:676,1.4306,-0.5513,9.4967,35.628,0.8088,-0.3809,0.1246,285.6094
19:35:14:694,1.196,-0.6051,7.9956,36.1677,0.6261,-0.3471,0.0322,285.4219
19:35:14:714,0.7291,-0.6614,7.81,35.8767,0.24,-0.2547,-0.0403,285.0938
19:35:14:737,0.6023,-0.8589,8.7497,35.9789,-0.1241,-0.0765,-0.0089,285
19:35:14:751,0.6849,-0.8589,9.7697,35.9315,-0.2876,0.1722,0.0737,285.0156
19:35:14:772,0.6657,-0.3873,9.9923,35.5494,-0.2117,0.4412,0.1768,285.0625
19:35:14:794,0.9758,0.0162,8.8096,35.1457,0.004,0.6561,0.2652,285.0469
19:35:14:812,1.2978,0.4052,7.0079,35.8732,0.1433,0.7576,0.2942,284.8906
19:35:14:835,1.7024,0.6542,5.6792,34.9109,0.134,0.6814,0.2684,284.5781
19:35:14:851,1.6904,0.9559,5.5451,37.9484,0,0.5107,0.1973,284.2031
19:35:14:872,1.6701,1.1905,6.1065,35.4483,-0.114,0.4271,0.1403,283.7969
19:35:14:893,1.5456,1.2564,6.5279,34.1073,-0.1883,0.4505,0.0774,283.4688
19:35:14:914,1.3624,1.3461,6.9002,35.4524,-0.2911,0.5549,0.0513,283.25
19:35:14:931,1.1074,1.394,7.5287,37.1707,-0.4218,0.6497,0.0439,283.0938
19:35:14:952,0.7794,1.309,8.5019,34.693,-0.539,0.699,0.0772,282.9844
19:35:14:976,0.7627,1.3234,9.4632,34.0819,-0.5673,0.7317,0.1669,282.8281
19:35:14:993,0.9769,1.5676,10.1575,33.2514,-0.5137,0.7115,0.2218,282.6719
19:35:15:019,1.3193,1.5425,10.3598,34.2632,-0.4152,0.618,0.197,282.125
19:35:15:043,1.8101,1.0624,11.3008,33.8902,-0.3212,0.0686,0.0154,281.8438
19:35:15:056,1.6713,0.5046,12.201,33.9628,-0.2573,-0.2166,-0.0941,281.6875
19:35:15:076,1.1314,0.1107,12.8259,34.7703,-0.1675,-0.3453,-0.1037,281.6406
19:35:15:097,0.8285,-0.1335,12.5709,32.7448,-0.0706,-0.2635,0.0079,281.75
19:35:15:115,1.1876,-0.3286,11.4169,33.9462,-0.0583,-0.1852,0.1584,281.8906
19:35:15:142,2.2052,-0.3214,10.9009,33.6217,-0.1776,-0.345,0.2383,281.9062
19:35:15:155,3.3604,-0.6985,12.347,31.902,-0.3169,-0.6166,0.148,281.8281
19:35:15:177,3.6273,-1.2252,13.9799,32.0147,-0.2293,-0.5908,-0.0184,281.5781
19:35:15:195,3.2119,-1.6873,14.0325,33.8027,0.0863,-0.3168,-0.1263,281.3594
19:35:15:215,3.249,-1.8034,12.0705,32.429,0.4421,-0.0363,-0.1063,281.3125
19:35:15:244,4.2486,-1.552,9.6619,31.7601,0.6003,0.0026,-0.1404,281.4219
19:35:15:256,5.4709,-1.3533,7.9465,31.1317,0.4416,-0.1695,-0.3716,281.625
19:35:15:277,6.0084,-1.1522,7.9967,31.597,0.0445,-0.2973,-0.7791,281.7969
19:35:15:296,5.6002,-1.2408,9.1579,30.6117,-0.2887,-0.116,-1.2576,282.2031
19:35:15:313,4.1205,-1.4024,9.1328,30.7195,-0.3633,0.3477,-1.639,283.125
19:35:15:333,2.5164,-1.4922,7.5718,30.8131,-0.3057,0.6857,-1.7932,283.125
19:35:15:355,1.53,-1.3162,6.0742,30.0081,-0.3073,0.7075,-1.7591,286.3281
19:35:15:376,1.0931,-0.8865,5.7474,30.9964,-0.3268,0.4902,-1.6606,286.3281
19:35:15:393,1.0201,-0.5644,5.7857,29.4396,-0.2754,0.1933,-1.5852,288.3594
19:35:15:411,0.868,-0.3454,5.8911,30.2029,-0.2269,-0.043,-1.5412,290.3281
19:35:15:432,0.4299,-0.1012,6.1592,27.7277,-0.2248,-0.1301,-1.4821,292.1094
19:35:15:452,0.0827,0.161,6.401,28.9797,-0.2527,-0.0848,-1.3751,293.9062
19:35:15:476,0.0839,0.5812,6.7087,28.4916,-0.3057,-0.0331,-1.251,295.6719
19:35:15:496,0.1306,1.005,7.5347,27.5558,-0.3838,-0.0523,-1.1625,297.375
19:35:15:513,0.4538,1.3066,8.8706,28.8796,-0.4088,-0.0446,-1.1231,299.5781
19:35:15:532,0.5197,1.5628,9.7242,27.0099,-0.3723,0.0801,-1.1617,300.9531
19:35:15:553,0.194,1.5963,10.3874,29.3008,-0.3409,0.2558,-1.2331,302.2344
19:35:15:574,-0.4033,1.552,10.7609,27.8743,-0.347,0.4164,-1.255,303.4531
19:35:15:591,-0.8774,1.2683,11.6228,28.9946,-0.3885,0.4841,-1.1719,304.125
19:35:15:611,-1.021,0.8601,12.7469,28.5246,-0.3537,0.5227,-0.9804,305.5312
19:35:15:633,-0.6236,0.5525,13.361,26.0095,-0.2053,0.5501,-0.721,306.8906
19:35:15:651,0.3317,0.4675,12.9013,26.7077,-0.0975,0.5717,-0.4896,308.2188
19:35:15:677,1.1781,0.5632,12.7085,26.1216,-0.1792,0.5051,-0.378,309.3281
19:35:15:814,1.4283,0.5297,13.0665,25.8975,-0.3273,0.3653,-0.3532,310.1406
19:35:15:815,1.8879,0.0844,13.5657,25.9281,-0.3811,0.0489,-0.3631,310.6875
19:35:15:815,2.6816,-0.8422,14.5341,24.5398,-0.24,-0.3804,-0.4669,311.1094
19:35:15:815,2.8827,-1.6215,15.2847,23.6038,0.1372,-0.6028,-0.6456,311.5
19:35:15:815,2.4218,-2.3002,14.606,24.2707,0.6514,-0.3839,-0.8059,311.875
19:35:15:816,1.597,-2.7144,10.9416,24.6892,1.0357,0.1315,-0.8667,312.7031
19:35:15:816,1.2786,-2.803,7.1564,23.4021,0.9318,0.4204,-0.8344,313.5625
19:35:15:830,1.3157,-2.6594,5.6385,23.4021,0.4144,0.3094,-0.8275,314.5312
19:35:15:852,1.281,-2.6199,6.7721,23.0783,-0.1095,-0.0083,-0.8898,315.5625
19:35:15:877,0.795,-2.6606,8.9257,23.1962,-0.2677,-0.312,-0.9338,316.5625
19:35:15:894,0.0935,-2.4283,9.863,23.0475,-0.0565,-0.467,-0.8864,317.5
19:35:15:915,-0.4991,-1.9639,9.0646,23.3426,0.2125,-0.4534,-0.7271,318.5312
19:35:15:931,-0.4512,-1.2851,7.6532,20.8019,0.2946,-0.377,-0.5093,319.5781
19:35:15:950,0.1426,-0.7045,6.9529,20.3965,0.1989,-0.3327,-0.3585,320.5156
19:35:15:978,0.7339,-0.1682,6.9289,21.1555,0.0639,-0.3122,-0.3202,321.1875
19:35:15:993,1.2666,0.2843,7.1468,20.0961,-0.0226,-0.3066,-0.3862,321.6875
19:35:16:011,1.4402,0.4567,7.3467,20.4136,-0.0639,-0.3248,-0.5306,322.0469
19:35:16:031,1.1589,0.2209,7.6197,21.7649,-0.1081,-0.3037,-0.6651,322.4219
19:35:16:052,0.6645,-0.0485,8.1835,19.8499,-0.1521,-0.1772,-0.668,322.9375
19:35:16:073,0.461,0.0952,8.4971,20.3413,-0.1558,-0.0411,-0.5732,323.625
19:35:16:093,0.7052,0.2364,8.5343,20.8182,-0.168,0.0281,-0.485,324.7344
19:35:16:113,0.9961,0.3729,9.0406,20.0902,-0.2099,0.0585,-0.4366,325.0781
19:35:16:131,1.1984,0.5333,9.6009,20.2066,-0.1835,0.1027,-0.4587,325.6719
19:35:16:152,0.9111,0.4555,9.5266,18.9398,-0.1246,0.1094,-0.5087,326.1875
19:35:16:176,0.8333,0.2723,9.62,19.4865,-0.1425,-0.0302,-0.5047,326.6562
19:35:16:194,1.0512,-0.0892,10.7944,17.8152,-0.2325,-0.2622,-0.464,327.2188
19:35:16:211,1.4785,-0.5848,12.9659,17.1854,-0.2349,-0.3967,-0.3354,327.7969
19:35:16:231,2.119,-0.5824,14.2767,18.4814,-0.0522,-0.2624,-0.1556,328.3281
19:35:16:251,3.2203,-0.246,13.2317,18.1347,0.2059,-0.043,-0.023,328.7969
19:35:16:276,4.7287,0.0449,11.3989,17.4614,0.2506,-0.21,-0.0821,329.0625
19:35:16:293,6.0874,-0.1538,11.102,18.5054,-0.0485,-0.749,-0.3966,329.1406
19:35:16:310,6.1017,-1.3641,14.3905,17.8051,-0.4466,-1.0957,-0.8379,329.1562
19:35:16:330,4.7777,-2.8282,17.7388,16.7705,-0.3297,-0.7128,-1.0731,329.3906
19:35:16:351,3.4561,-3.5955,17.0792,16.7818,0.4424,0.0734,-0.934,330.0781
19:35:16:375,3.7686,-3.4387,11.7916,17.9151,1.293,0.5962,-0.6075,331.75
19:35:16:392,5.2614,-2.6701,6.4836,16.2976,1.62,0.3991,-0.4954,332.7969
19:35:16:410,6.4525,-1.5676,3.7961,18.0806,1.3241,-0.2733,-0.774,333.5
19:35:16:431,6.7314,-1.1486,3.7255,17.5605,0.6839,-0.7626,-1.3218,334.0312
19:35:16:452,5.6863,-1.3677,5.0016,17.3005,0.0655,-0.7644,-1.8933,334.9219
19:35:16:477,3.9984,-1.8788,5.5559,16.1731,-0.322,-0.3692,-2.2784,336.4375
19:35:16:497,2.6541,-2.2954,5.2458,16.2263,-0.6133,0.0862,-2.4222,338.5156
19:35:16:513,1.7623,-2.3326,5.1824,17.806,-0.8748,0.3778,-2.418,341.1406
19:35:16:529,0.8896,-2.2188,5.9521,17.4207,-1.0322,0.3666,-2.3492,343.9219
19:35:16:551,0.1581,-2.0596,7.1959,19.0512,-1.0157,0.1954,-2.2108,345.3281
19:35:16:576,-0.3135,-1.7747,8.0973,17.1077,-0.8764,0.0928,-1.9974,347.9375
19:35:16:595,-0.45,-1.3282,8.5271,17.4823,-0.7236,0.0697,-1.7309,350.5781
19:35:16:611,0.0001,-0.6985,8.7832,17.2568,-0.5966,0.0481,-1.4613,353.0156
19:35:16:631,0.6023,0.0796,8.9784,18.3671,-0.5206,0.0263,-1.3,355.1719
19:35:16:650,1.0679,0.6351,9.3722,18.624,-0.4799,0.0231,-1.2547,356.9062
19:35:16:672,1.366,0.9092,9.8822,16.2132,-0.4256,0.0883,-1.2848,359.2031
19:35:16:693,1.1398,1.0253,9.9839,18.1609,-0.3545,0.1983,-1.3538,0.5781
19:35:16:709,0.6022,1.1103,10.1515,18.618,-0.3132,0.2588,-1.3378,2.0625
19:35:16:736,0.6059,1.309,10.446,18.9358,-0.277,0.2995,-1.2275,3.625
19:35:16:751,0.5807,1.4347,10.5418,18.5038,-0.2567,0.3517,-1.1484,3.625
19:35:16:771,0.2802,1.0301,11.0326,17.7926,-0.3401,0.3506,-1.0709,6.5312
19:35:16:795,0.048,0.416,11.3786,18.8378,-0.3404,0.3014,-0.9886,6.5312
19:35:16:814,-0.14,-0.1095,11.4241,18.4553,-0.3806,0.1994,-0.8704,9.1719
19:35:16:830,-0.1663,-0.4747,12.2249,19.2785,-0.5175,0.0327,-0.7023,10.3594
19:35:16:851,-0.104,-0.6482,13.8518,19.8961,-0.5779,-0.0992,-0.5287,10.3594
19:35:16:876,-0.2393,-0.9379,15.0154,18.6538,-0.3691,-0.2518,-0.3694,11.5156
19:35:16:894,-0.1902,-1.2971,15.177,19.1899,-0.0179,-0.2768,-0.1718,13.2969
19:35:16:912,-0.0801,-1.4491,14.1199,21.0624,0.286,0.0324,0.0367,14.125
19:35:16:931,0.0695,-1.412,11.7185,21.1178,0.4898,0.4028,0.2141,14.4062
19:35:16:950,0.3521,-1.3342,9.4261,20.1643,0.5654,0.4452,0.3312,14.4688
19:35:16:970,0.619,-1.2492,7.8256,21.0518,0.5033,0.1528,0.3746,14.3281
19:35:16:996,0.7483,-1.1941,7.7741,20.0751,0.3507,-0.2539,0.3661,14.2031
19:35:17:012,0.8273,-1.1283,8.4876,20.4285,0.2501,-0.4694,0.356,13.875
19:35:17:030,0.8477,-1.0528,8.6216,21.3253,0.2072,-0.4329,0.3371,13.4688
19:35:17:050,0.5963,-0.9367,8.5115,20.1685,0.1582,-0.3152,0.3288,13.0312
19:35:17:071,0.5125,-0.7859,8.2912,21.0518,0.1502,-0.1972,0.3813,12.5938
19:35:17:094,0.5963,-0.6327,7.7968,20.6275,0.1718,-0.1479,0.4487,12.1875
19:35:17:112,0.8728,-0.5405,7.5107,21.1449,0.1771,-0.1956,0.5256,11.8125
19:35:17:130,1.1613,-0.2843,7.725,22.2849,0.1808,-0.256,0.605,11.3594
19:35:17:151,1.5815,0.1407,7.8256,21.7991,0.2354,-0.2251,0.6676,10.8281
19:35:17:171,2.022,0.4423,7.4557,21.4446,0.289,-0.1642,0.6649,10.2344
19:35:17:194,2.362,0.7955,6.8703,21.8715,0.2562,-0.1343,0.5962,8.75
19:35:17:212,2.6457,1.072,6.9002,23.141,0.1076,-0.2073,0.4601,8.3594
19:35:17:230,2.5356,1.1474,7.8723,22.0421,-0.0783,-0.2667,0.2764,7.6562
19:35:17:252,2.1154,0.8482,8.946,23.8179,-0.1963,-0.2339,0.123,7.0312
19:35:17:275,1.4522,0.5812,9.9672,25.4202,-0.2229,-0.1399,0.0708,6.5938
19:35:17:294,1.2451,0.3394,10.379,24.3859,-0.123,-0.06,0.1102,6.375
19:35:17:312,1.3145,0.1981,9.9241,24.9923,-0.021,-0.1202,0.1592,6.2812
19:35:17:330,1.8592,-0.082,10.051,26.2831,-0.0381,-0.3663,0.1922,6.1875
19:35:17:350,2.52,-0.6171,11.1559,25.8806,-0.1222,-0.5703,0.1866,6.0312
19:35:17:370,2.8947,-1.1774,12.5098,26.8782,-0.1728,-0.525,0.1864,5.8281
19:35:17:393,3.1892,-1.7675,12.7373,26.8633,-0.1233,-0.2081,0.217,5.5781
19:35:17:410,3.3053,-1.7053,11.2146,28.2848,-0.0831,0.107,0.2322,5.3281
19:35:17:430,3.6584,-1.5221,10.0618,29.1884,-0.1625,0.0542,0.1733,5.1094
19:35:17:452,4.0571,-1.5592,9.7266,28.5344,-0.3366,-0.2302,-0.0131,4.8438
19:35:17:478,3.9649,-1.9339,11.1296,28.396,-0.5574,-0.5397,-0.2536,4.6094
19:35:17:497,3.437,-2.6642,13.0473,29.8358,-0.6557,-0.5114,-0.4078,4.5156
19:35:17:516,2.4518,-3.1717,14.5497,29.3397,-0.4914,-0.1005,-0.3524,4.5469
19:35:17:531,2.3979,-3.3297,13.0605,29.5102,-0.008,0.4252,-0.0938,5.0469
19:35:17:551,3.2012,-2.7204,9.6488,28.9504,0.4205,0.5259,0.1328,5.5156
19:35:17:572,4.3288,-1.9004,7.1743,32.0035,0.5111,0.1448,0.1411,5.8125
19:35:17:594,4.9633,-1.1175,6.5243,30.3121,0.3087,-0.2201,-0.0989,5.8125
19:35:17:612,4.7861,-0.7368,6.8739,30.0991,0.049,-0.2555,-0.4669,5.6094
19:35:17:630,3.7937,-0.6913,6.9445,31.2256,-0.0993,-0.101,-0.8113,5.5312
19:35:17:650,2.4901,-0.7667,6.4513,30.1856,-0.2056,0.096,-0.9889,5.8281
19:35:17:670,1.718,-0.7679,6.1939,31.433,-0.338,0.2412,-0.986,6.5625
19:35:17:694,1.4654,-0.6231,6.5518,31.1543,-0.4424,0.2609,-0.8989,7.5781
19:35:17:711,1.5109,-0.2855,7.3347,31.3781,-0.429,0.1797,-0.8099,8.75
19:35:17:730,1.7503,0.0868,7.8016,30.5884,-0.3204,0.0838,-0.7492,9.8906
19:35:17:750,1.864,0.3933,8.1284,31.3879,-0.1942,-0.0084,-0.7173,10.9062
19:35:17:770,2.0412,0.5537,8.0925,32.0693,-0.0836,-0.0182,-0.6749,11.7812
19:35:17:794,2.3644,0.8685,7.8316,33.1597,-0.0767,0.0276,-0.643,12.625
19:35:17:811,2.8037,1.2085,7.986,32.331,-0.1888,0.0923,-0.6805,13.7812
19:35:17:889,2.8839,1.3593,8.8922,33.0858,-0.3321,0.1754,-0.8187,14.5156
19:35:17:890,2.3584,1.1091,10.1982,33.2632,-0.376,0.2758,-0.9708,15.3125
19:35:17:890,1.4725,0.5609,11.1224,34.3677,-0.278,0.3789,-1.0235,16.2812
19:35:17:890,0.6406,0.0832,11.3331,34.9593,-0.1111,0.4319,-0.9194,17.3906
19:35:17:916,0.2946,0.0473,11.4779,33.1635,0.0016,0.4124,-0.7122,18.625
19:35:17:929,0.5065,0.0365,11.8418,32.3324,0.0668,0.3629,-0.5183,19.7188
19:35:17:955,0.8776,-0.1981,12.2357,32.3324,0.0991,0.3229,-0.395,20.5312
19:35:17:980,0.9327,-0.7943,12.4272,33.9447,0.085,0.4795,-0.2235,21.6406
19:35:17:997,0.6789,-0.6171,12.4368,36.0814,0.0437,0.5344,-0.089,22.0312
19:35:18:013,0.8165,-0.4196,12.5314,35.3739,0.0445,0.5719,0.037,22.1719
19:35:18:034,0.9482,-0.3896,12.0789,33.4355,0.0977,0.5456,0.0825,22.4062
19:35:18:061,0.7615,-0.6746,11.7173,32.4504,0.1555,0.3094,0.0732,22.4688
19:35:18:073,0.3233,-1.2145,12.0801,34.4665,0.2517,0.0968,0.0692,22.4531
19:35:18:095,-0.0585,-2.0057,11.3319,33.3124,0.441,0.1418,0.1065,22.3594
19:35:18:114,-0.535,-2.5289,9.3926,32.4697,0.5633,0.2156,0.1818,22.2812
19:35:18:132,-0.511,-2.9754,7.6735,33.0338,0.457,0.075,0.3062,22.1719
19:35:18:151,-0.2154,-3.0412,6.9541,32.9915,0.1553,-0.2302,0.4189,22.1719
19:35:18:171,-0.0609,-2.5025,8.0853,31.1045,-0.1949,-0.5407,0.5193,21.625
19:35:18:195,0.6908,-1.9926,9.6823,33.6992,-0.3052,-0.5911,0.605,21.1406
19:35:18:212,1.1386,-1.4706,9.8546,32.6533,-0.1443,-0.463,0.5842,20.5312
19:35:18:230,1.0715,-0.9786,8.5977,32.5032,0.0389,-0.3288,0.5922,19.8125
19:35:18:249,1.3073,-0.5824,7.6508,33.6707,0.0921,-0.2403,0.6596,19.8125
19:35:18:270,1.4869,-0.3286,7.1061,31.1955,0.1246,-0.169,0.7022,19.1094
19:35:18:298,1.5504,-0.0425,6.5004,31.5212,0.1462,-0.1522,0.7283,18.4375
19:35:18:317,1.5623,0.2999,6.2095,29.4392,0.0732,-0.1929,0.6966,17.6719
19:35:18:336,1.5384,0.5345,6.5183,29.6761,-0.0573,-0.2542,0.5938,16.8438
19:35:18:349,1.293,0.4699,7.4185,30.1796,-0.168,-0.2947,0.4641,15.2344
19:35:18:371,0.959,0.2759,8.2218,31.647,-0.2226,-0.2667,0.4053,14.8594
19:35:18:394,0.8548,0.1742,9.213,29.9602,-0.2192,-0.2611,0.426,13.9844
19:35:18:413,1.0428,0.2316,10.1767,31.0879,-0.1172,-0.2811,0.486,13.7656
19:35:18:430,1.5444,0.2149,10.6795,29.0995,0.0546,-0.349,0.5376,13.2969
19:35:18:450,2.0927,0.2448,10.8542,29.8615,0.1806,-0.3871,0.5486,12.7656
19:35:18:471,2.7511,0.2915,10.8662,29.4333,0.1947,-0.3503,0.4966,12.4688
19:35:18:495,3.431,-0.0305,11.114,28.7388,0.093,-0.3261,0.3786,11.8438
19:35:18:513,3.9386,-0.6075,12.1184,29.5096,-0.0474,-0.3013,0.2386,11.1875
19:35:18:530,3.9829,-1.2384,13.2173,29.1494,-0.082,-0.1844,0.1262,10.5781
19:35:18:549,3.9733,-1.8681,13.1431,28.393,0.0386,0.0177,0.1158,10.1094
19:35:18:569,4.3839,-2.226,11.2995,29.9185,0.1313,0.112,0.1507,9.8281
19:35:18:594,5.174,-2.3433,9.7314,29.3397,-0.0107,-0.0835,0.0745,9.6875
19:35:18:613,5.4062,-2.3493,9.8331,27.3138,-0.3582,-0.3551,-0.1833,9.5469
19:35:18:629,4.4174,-2.6522,11.8454,27.8188,-0.6543,-0.3607,-0.48,9.3281
19:35:18:650,2.7965,-2.9503,13.495,27.8411,-0.5654,0.0241,-0.574,9.3594
19:35:18:670,1.8604,-3.0436,12.3374,29.2415,-0.0716,0.5184,-0.3963,9.75
19:35:18:696,2.1369,-2.5696,8.9449,29.0665,0.3984,0.6742,-0.1402,10.3906
19:35:18:711,3.2287,-1.8334,5.9066,29.4211,0.4924,0.3168,-0.0627,11.0312
19:35:18:729,4.1768,-1.2959,5.3978,27.627,0.1598,-0.3602,-0.2733,11.375
19:35:18:750,4.4426,-1.2145,7.4808,29.0583,-0.2794,-0.6979,-0.6384,11.4688
19:35:18:770,3.5399,-1.5736,9.4285,26.0089,-0.5196,-0.3737,-1.0076,11.5938
19:35:18:794,1.7275,-1.7651,9.6392,26.2521,-0.5161,0.2116,-1.1924,12.0625
19:35:18:812,0.4299,-1.916,8.5594,25.8948,-0.4464,0.666,-1.1245,12.9531
19:35:18:830,-0.0681,-1.4216,7.6711,26.4947,-0.4059,0.8028,-0.8869,14.2812
19:35:18:855,0.2048,-0.817,7.6388,25.6085,-0.3185,0.6138,-0.668,15.7188
19:35:18:879,0.5484,-0.3765,8.2984,26.1481,-0.1547,0.3227,-0.5649,16.9844
19:35:18:897,0.5795,-0.1419,8.9317,25.8576,0.074,0.1528,-0.493,17.9062
19:35:18:913,0.6717,0.3298,9.1819,26.1927,0.2682,0.169,-0.394,18.6562
19:35:18:937,0.9662,0.8625,9.4261,25.7022,0.4482,0.2516,-0.3268,19.5625
19:35:18:951,1.3313,1.242,9.3962,25.7373,0.6085,0.3123,-0.3221,19.9844
19:35:18:969,1.6006,1.4682,9.2298,25.7398,0.6954,0.3488,-0.3737,20.3594
19:35:18:997,1.3852,1.5473,9.1795,25.0383,0.6559,0.3405,-0.4595,20.5469
19:35:19:014,1.0859,1.3282,10.0941,23.937,0.5587,0.3781,-0.4949,20.9375
19:35:19:029,0.7567,1.0253,10.9153,24.8756,0.5619,0.5051,-0.4584,21.3906
19:35:19:049,0.2599,0.7847,10.8818,25.276,0.6256,0.6516,-0.3545,21.9375
19:35:19:070,0.1665,0.6614,10.5657,25.8207,0.6389,0.6713,-0.1862,22.5
19:35:19:095,0.3664,0.5429,10.519,25.2186,0.6035,0.552,-0.0339,22.9688
19:35:19:111,0.455,0.3597,10.5143,25.4026,0.5398,0.4308,0.07,23.2969
19:35:19:129,0.4849,0.1706,10.306,25.1269,0.4179,0.3685,0.1661,23.4375
19:35:19:150,0.5544,0.2723,10.4831,24.1943,0.2197,0.3187,0.2471,23.4375
19:35:19:169,0.8405,0.3597,10.8339,24.3224,0.0144,0.3442,0.2532,23.2969
19:35:19:194,0.7878,0.2496,11.1715,22.5185,-0.1729,0.3019,0.1837,23.0625
19:35:19:211,0.4382,-0.3526,12.3626,23.1033,-0.2692,0.1064,0.1219,22.6562
19:35:19:233,-0.1507,-0.841,13.5285,23.5866,-0.1529,-0.0006,0.1794,22.4531
19:35:19:249,-0.3279,-1.2073,13.1467,23.9446,0.183,0.1048,0.3488,22.3125
19:35:19:269,-0.1292,-0.9403,10.1719,22.5989,0.4298,0.222,0.5185,22.0938
19:35:19:292,0.5173,-0.6219,8.1739,22.8869,0.3206,0.0513,0.5486,21.7188
19:35:19:313,0.6142,-0.6099,7.962,21.9479,0.0373,-0.1948,0.4314,21.1406
19:35:19:332,0.3844,-0.6853,8.8718,22.2837,-0.1654,-0.3674,0.3555,20.5156
19:35:19:355,0.1928,-0.3717,9.2417,24.3388,-0.1846,-0.4201,0.3507,20.0469
19:35:19:377,0.1797,0.0473,9.2753,22.0267,-0.1348,-0.4307,0.3762,19.625
19:35:19:395,0.2024,0.2484,9.3483,21.8174,-0.0258,-0.3322,0.4087,19.2188
19:35:19:412,0.3293,0.3358,8.5702,22.6571,0.1878,-0.1692,0.462,18.8125
19:35:19:430,0.3473,0.246,6.4226,21.9317,0.4104,-0.1258,0.5461,18.3281
19:35:19:449,0.7112,0.7308,4.3803,21.8145,0.4394,-0.4888,0.6423,17.7969
19:35:19:470,1.5719,1.2229,4.8831,21.5692,0.1952,-1.002,0.5989,17.5
19:35:19:494,1.4845,1.315,7.6005,22.4319,-0.094,-1.0036,0.4615,16.8438
19:35:19:511,1.2559,1.0325,10.3395,19.7002,-0.1103,-0.5378,0.4354,16.0938
19:35:19:530,1.2966,0.9296,10.622,20.7625,0.1598,-0.0443,0.4956,15.2344
19:35:19:554,2.4266,2.129,9.5446,20.8501,0.4035,0.0801,0.5475,14.7656
19:35:19:578,2.4446,2.4032,10.4628,20.6949,0.5164,-0.399,0.2439,14.1875
19:35:19:595,2.0244,2.1111,11.3379,17.9966,0.5784,-0.4843,0.0676,13.5469
19:35:19:611,1.7299,1.7927,11.5557,21.2843,0.6328,-0.4185,0.0061,13.0469
19:35:19:629,2.1537,1.6538,11.6072,20.1365,0.6189,-0.3234,-0.0166,12.75
19:35:19:653,2.7151,1.5748,11.7485,19.2923,0.5097,-0.2166,-0.1018,12.6094
19:35:19:668,2.8349,1.2552,12.3255,19.9,0.3619,-0.0696,-0.2331,12.6094
19:35:19:689,2.5463,0.7344,12.4751,19.656,0.3135,0.1411,-0.2968,12.5938
19:35:19:714,2.514,0.3502,11.5892,18.3833,0.3478,0.2247,-0.2603,12.7031
19:35:19:730,2.775,0.3178,10.7752,18.2762,0.3433,0.1022,-0.2014,12.9375
19:35:19:750,3.2574,0.3154,10.2605,17.8073,0.2392,-0.0691,-0.2083,13.2344
19:35:19:772,3.6082,0.3945,10.7884,17.8641,0.0349,-0.1889,-0.325,13.5
19:35:19:794,3.3472,0.1574,12.0633,18.5955,-0.0828,-0.1162,-0.5063,13.7188
19:35:19:811,2.4254,-0.4339,12.4823,18.6263,0.0069,0.1538,-0.5908,14.2969
19:35:19:829,1.6892,-0.5154,11.5737,19.279,0.2671,0.4162,-0.4651,14.5781
19:35:19:849,1.8999,0.1658,9.9384,18.5258,0.5353,0.4902,-0.272,15.2344
19:35:19:872,2.9019,0.5824,8.5343,18.5725,0.6908,0.3946,-0.2278,15.8125
19:35:19:895,3.1712,0.8086,7.0271,18.6632,0.6677,0.3115,-0.3625,16.1875
19:35:19:962,2.6206,1.0804,6.1664,17.0303,0.4586,0.2596,-0.5567,16.375
19:35:19:962,1.785,1.181,5.8336,18.7943,0.1542,0.3568,-0.705,16.6406
19:35:19:962,0.6046,1.2181,5.4601,20.0764,-0.1385,0.4369,-0.7538,17.1094
19:35:19:982,0.0217,1.1259,6.9253,20.0965,-0.3499,0.3738,-0.6422,17.8125
19:35:19:994,-0.1591,1.4671,8.1212,19.2533,-0.2634,0.4521,-0.4544,18.625
19:35:20:009,0.2084,1.8633,8.2446,20.577,0.0253,0.4207,-0.285,19.0469
19:35:20:027,0.5807,2.3828,7.567,18.8981,0.2615,0.3251,-0.1937,19.7031
19:35:20:048,0.9231,2.8844,7.1025,18.8981,0.294,0.238,-0.1801,20.2031
19:35:20:067,1.0787,3.2256,7.3204,19.2683,0.2051,0.2761,-0.2299,20.4844
19:35:20:090,0.8453,3.3273,7.5239,19.6357,0.1164,0.3576,-0.2952,20.6719
19:35:20:116,0.5939,3.3453,7.9848,18.9982,0.0746,0.36,-0.3167,20.8594
19:35:20:130,0.3604,3.2184,8.3463,20.1664,0.1033,0.3003,-0.3196,21.25
19:35:20:148,0.2503,3.3202,7.8758,20.0965,0.0724,0.2974,-0.2768,21.5469
19:35:20:168,0.2946,3.392,8.1596,20.9509,-0.1377,0.2654,-0.2315,21.8906
19:35:20:187,0.3509,3.3944,9.4034,17.4482,-0.3081,0.2159,-0.2171,22.2188
19:35:20:207,0.1019,3.2579,10.7776,19.5852,-0.3473,0.1986,-0.2009,22.4688
19:35:20:228,-0.0585,2.9048,12.1064,19.973,-0.2498,0.1855,-0.1189,22.6875
19:35:20:249,-0.1304,2.6977,12.7193,20.6095,-0.0179,0.2529,0.0122,22.9062
19:35:20:269,-0.0741,2.8605,11.8574,21.4819,0.2221,0.3909,0.1549,23.0625
19:35:20:291,0.0959,3.1083,10.2186,20.9293,0.2831,0.361,0.225,23.1094
19:35:20:308,0.4371,3.0688,9.7074,21.4996,0.123,0.136,0.2015,22.9844
19:35:20:329,0.6801,2.7228,10.3886,21.3615,-0.1326,-0.002,0.0923,22.7344
19:35:20:348,0.3916,2.0141,11.4911,21.6296,-0.3071,-0.0406,-0.0403,22.4844
19:35:20:368,-0.3219,1.2157,12.4045,20.4515,-0.3321,0.0513,-0.0616,22.2969
19:35:20:387,-1.1611,0.8015,12.3171,22.2999,-0.1875,0.2433,0.0729,22.2656
19:35:20:408,-1.1647,0.7931,10.7908,22.4056,0.0168,0.2976,0.2828,22.3438
19:35:20:428,-0.5482,0.9439,9.2022,21.6669,0.1025,0.095,0.4034,22.2344
19:35:20:448,-0.1124,0.9116,8.5881,22.5256,0.0277,-0.2065,0.3933,21.8906
19:35:20:468,0.0552,0.8218,8.7617,22.183,-0.1124,-0.3705,0.3683,21.4531
19:35:20:488,0.4406,1.0157,9.0322,23.8978,-0.2511,-0.3354,0.3544,21.2188
19:35:20:513,0.6884,1.1187,9.134,22.4516,-0.327,-0.1839,0.2923,20.8125
19:35:20:528,0.3533,1.0157,8.9077,23.55,-0.2461,-0.0646,0.2489,20.4219
19:35:20:549,0.2431,1.0181,7.6795,23.4001,-0.0748,-0.0488,0.3001,20.0625
19:35:20:569,0.4957,1.1558,6.662,23.8013,-0.0248,-0.2473,0.3446,19.7656
19:35:20:589,0.6573,1.3402,6.7135,22.6019,-0.1153,-0.4209,0.3539,19.4531
19:35:20:614,0.7375,1.5509,7.5909,22.9066,-0.2176,-0.3714,0.3374,19.1094
19:35:20:630,0.607,1.667,8.1093,24.335,-0.2168,-0.1325,0.3006,18.7344
19:35:20:648,0.3688,1.819,7.7406,24.2836,-0.1478,0.0236,0.2979,18.3594
19:35:20:670,0.3892,2.074,7.6652,22.6189,-0.0855,-0.0853,0.3334,18.0156
19:35:20:691,1.044,2.4942,8.6384,25.3876,-0.0011,-0.3178,0.347,17.5156
19:35:20:714,2.0974,3.1059,9.9468,23.8157,0.1561,-0.41,0.2258,17.125
19:35:20:728,1.9813,3.4914,10.0019,24.8899,0.2956,-0.2534,-0.0581,16.75
19:35:20:748,0.9171,3.1681,9.389,24.5978,0.2067,0.0042,-0.285,16.5469
19:35:20:769,0.1641,2.8796,9.7361,25.2537,-0.094,0.2406,-0.2909,16.625
19:35:20:790,0.279,2.9598,11.5581,25.5596,-0.2437,0.2135,-0.2062,16.9531
19:35:20:812,0.3174,2.6474,12.9671,24.3993,-0.0514,-0.0731,-0.175,17.25
19:35:20:829,0.2994,2.0931,13.1946,25.1696,0.2599,-0.2992,-0.0845,17.4688
19:35:20:848,0.5244,1.9555,12.7241,24.881,0.4602,-0.2797,0.0939,17.6719
19:35:20:869,1.3588,1.9507,11.6252,25.2484,0.5326,-0.1988,0.238,17.7969
19:35:20:889,2.1142,2.0429,10.5825,25.6506,0.4434,-0.2084,0.2671,17.7031
19:35:20:912,2.4135,2.068,9.9157,26.5183,0.2043,-0.2302,0.184,17.4531
19:35:20:930,2.2447,1.6634,10.2916,25.3061,-0.0746,-0.2712,0.0468,17.1562
19:35:20:949,1.3528,0.7296,11.697,25.5245,-0.1886,-0.2574,-0.0416,16.9844
19:35:20:970,1.2032,0.6686,10.4915,25.2781,0.1217,0.062,0.0111,16.9531
19:35:20:995,2.0531,1.0146,9.0263,25.2512,0.2027,-0.0677,0.0383,17.0156
19:35:21:013,3.0707,1.0852,8.6899,25.3998,0.0799,-0.4345,-0.1119,17.0938
19:35:21:028,3.2239,0.8182,9.8547,24.383,-0.1531,-0.6142,-0.3519,17.0781
19:35:21:048,2.2938,0.5824,10.7249,24.3476,-0.2786,-0.3013,-0.5303,17.0312
19:35:21:068,1.2547,0.5261,10.3491,25.5245,-0.2296,0.25,-0.5292,17.1875
19:35:21:089,0.9781,0.9128,8.4289,24.773,-0.077,0.5994,-0.4216,17.6406
19:35:21:112,1.2104,1.5173,6.9241,25.4844,0.0226,0.5208,-0.3623,18.2812
19:35:21:131,1.3205,1.9303,6.1496,24.927,0.0586,0.2968,-0.4118,18.875
19:35:21:148,1.1828,2.0536,5.6911,25.7231,-0.0469,0.2982,-0.5181,19.2812
19:35:21:168,0.7471,2.238,5.6037,24.9105,-0.3172,0.5914,-0.603,19.6562
19:35:21:188,0.2288,2.3421,6.1832,25.2255,-0.5348,0.7895,-0.6478,20.1094
19:35:21:214,-0.4165,2.5265,7.1875,24.6303,-0.5284,0.7094,-0.6115,20.6562
19:35:21:232,-0.3459,2.6965,8.1727,25.9714,-0.3097,0.4431,-0.5031,21.2969
19:35:21:249,-0.1184,3.1526,8.3236,25.5831,-0.0029,0.1269,-0.4187,21.9688
19:35:21:268,-0.0406,3.5488,8.46,25.8999,0.1297,-0.0765,-0.4025,22.8594
19:35:21:288,0.0229,3.4614,9.1472,25.3251,0.0642,-0.0241,-0.3782,23.3594
19:35:21:310,-0.1435,3.3537,10.312,26.0295,-0.0245,0.1794,-0.3023,23.8281
19:35:21:328,-0.6595,3.3968,11.1499,24.9644,0.0354,0.3725,-0.1391,24.2656
19:35:21:348,-0.845,3.6482,11.1451,25.4813,0.2314,0.3648,0.078,24.6562
19:35:21:369,-0.6355,3.8325,10.9668,25.936,0.4144,0.1232,0.242,24.9062
19:35:21:389,-0.2824,3.9044,11.0769,26.1643,0.5087,-0.1386,0.3073,24.9219
19:35:21:412,-0.1771,3.7571,11.211,25.831,0.4722,-0.2326,0.2689,24.7344
19:35:21:431,-0.5039,3.4794,11.5845,25.6124,0.2906,-0.116,0.2133,24.4219
19:35:21:448,-0.5745,2.639,12.3674,24.751,0.1174,0.0319,0.1912,24.2656
19:35:21:469,-0.6978,1.5161,12.6092,26.6306,0.0602,0.0039,0.2367,24
19:35:21:488,-0.6104,0.8074,12.7923,25.6772,0.1225,-0.2185,0.3544,23.7812
19:35:21:513,-0.0274,0.5357,12.863,28.0124,0.2288,-0.1807,0.4636,23.5781
19:35:21:530,0.3999,0.6303,11.1631,26.1046,0.3784,0.2303,0.4428,23.2969
19:35:21:548,0.1091,0.756,8.1344,27.9948,0.3771,0.4928,0.3083,22.9375
19:35:21:569,-0.0825,0.7069,6.0263,28.2392,0.102,0.3802,0.1858,22.1719
19:35:21:595,-0.4584,0.738,5.9222,28.0907,-0.3196,-0.0358,0.0764,21.7031
19:35:21:615,-0.4704,0.4699,7.4198,27.8993,-0.6629,-0.4267,0.0314,21.4062
19:35:21:629,-0.2561,0.4208,9.0741,28.0351,-0.7896,-0.5146,0.0463,21.2344
19:35:21:652,-0.0669,0.6506,9.8714,28.4436,-0.6551,-0.358,0.079,21.1875
19:35:21:668,0.2288,0.7907,9.1424,27.6172,-0.371,-0.1066,0.1195,21.1719
19:35:21:688,0.4083,0.8949,7.1133,27.5302,-0.1792,0.0396,0.1432,21.1094
19:35:21:715,0.461,1.1941,5.7534,28.6981,-0.2264,-0.0046,0.1523,21
19:35:21:732,0.3832,1.321,5.8049,28.8431,-0.4085,-0.1144,0.1389,20.8438
19:35:21:750,-0.122,1.1989,6.9912,29.2164,-0.5065,-0.2081,0.1621,20.6719
19:35:21:768,-0.3315,1.2121,8.0422,29.1633,-0.4405,-0.2041,0.279,20.5
19:35:21:788,-0.1866,1.3497,8.6145,30.4348,-0.2868,-0.1516,0.4194,20.3281
19:35:21:814,0.2264,1.8657,8.4217,28.908,-0.1427,-0.1165,0.5541,19.9219
19:35:21:834,0.9075,2.469,8.4816,30.5137,-0.1153,-0.2148,0.6042,19.4375
19:35:21:848,1.4785,2.8461,9.2202,30.0216,-0.1246,-0.3474,0.5398,18.8125
19:35:21:869,1.5324,2.9132,10.1491,30.6635,-0.1137,-0.4563,0.4079,18.1562
19:35:21:888,1.3816,2.8365,11.0661,32.4271,-0.0975,-0.4243,0.2945,17.8438
19:35:21:910,1.3002,2.7288,11.4576,32.0469,-0.0834,-0.2749,0.2109,17.3125
19:35:21:930,1.1601,2.4606,11.5186,33.3338,-0.0977,-0.1911,0.1371,16.9375
19:35:21:948,0.959,2.0943,11.8083,32.4486,-0.1473,-0.1884,0.1049,16.6719
19:35:22:034,0.9171,1.5652,12.2177,34.164,-0.1798,-0.2113,0.136,16.4844
19:35:22:035,1.3576,0.9332,12.2273,33.8143,-0.179,-0.2142,0.2439,16.375
19:35:22:035,2.1417,0.483,11.9568,33.0484,-0.2096,-0.2614,0.3587,16.25
19:35:22:035,2.8911,0.4411,12.3817,34.4544,-0.2485,-0.3226,0.385,16.0625
19:35:22:048,3.2742,0.3932,12.4009,35.7387,-0.1918,-0.3197,0.2758,15.7188
19:35:22:068,3.1329,-0.0114,11.9604,34.4086,-0.1214,-0.2627,0.107,15.3125
19:35:22:088,2.866,-0.3837,11.5545,33.3128,-0.135,-0.0856,-0.0179,14.7969
19:35:22:111,2.7223,-0.4028,11.0984,34.8304,-0.1337,0.1557,-0.0919,14.6875
19:35:22:128,2.9139,-0.4004,10.1252,34.6871,-0.1198,0.2897,-0.1862,14.7031
19:35:22:148,3.0372,-0.5261,9.4117,34.6871,-0.1446,0.1991,-0.3138,14.8125
19:35:22:168,2.9306,-0.738,9.3674,35.7849,-0.1598,-0.0022,-0.4411,15.0156
19:35:22:189,2.4781,-0.72,9.1029,36.1381,-0.1366,-0.0076,-0.5412,15.375
19:35:22:213,1.6689,-0.4902,8.0315,35.8542,-0.1571,0.1631,-0.5841,15.8594
19:35:22:231,1.0835,-0.1143,7.0343,35.5194,-0.2376,0.3019,-0.5444,16.4844
19:35:22:248,1.0045,0.3358,6.7805,34.6815,-0.3079,0.2779,-0.4826,17.1562
19:35:22:268,0.7866,0.8098,7.0918,35.3721,-0.2969,0.1411,-0.4531,17.75
19:35:22:288,0.5197,1.0038,7.4712,33.8028,-0.1912,0.0241,-0.4163,18.2969
19:35:22:314,0.3964,1.1558,7.397,34.4544,-0.0762,0.0156,-0.3431,19.2812
19:35:22:330,0.7088,1.9651,7.2905,35.3877,-0.0112,0.1131,-0.1918,19.6719
19:35:22:352,1.1098,2.2859,7.731,35.6429,-0.049,0.0375,-0.1924,19.8281
19:35:22:369,1.3049,2.4822,8.9568,35.3898,-0.0911,-0.0792,-0.2437,19.8281
19:35:22:391,1.4235,2.4451,10.2329,36.1631,-0.0594,-0.0986,-0.305,20.1719
19:35:22:411,1.2008,2.3134,11.363,36.4013,0.0591,-0.0126,-0.3559,20.6562
19:35:22:429,0.7974,2.0812,11.6922,36.8467,0.2439,0.1621,-0.3431,21.0156
19:35:22:454,0.4538,2.1015,11.0446,36.4183,0.3531,0.3714,-0.26,21.0156
19:35:22:467,0.3138,2.1937,10.6304,36.6723,0.3406,0.4199,-0.1532,21.4062
19:35:22:487,0.279,2.0692,11.1499,36.4386,0.2993,0.2798,-0.0509,21.7812
19:35:22:513,0.1785,1.7388,12.0992,39.0547,0.3468,0.0992,0.0551,22.0781
19:35:22:533,0.0995,1.2959,12.371,37.7051,0.5007,-0.0417,0.1991,22.25
19:35:22:548,0.3425,1.2959,11.6754,36.2397,0.5667,-0.088,0.3709,22.2969
19:35:22:567,0.8441,1.6263,11.3498,36.7034,0.4016,0.0252,0.4729,22.2344
19:35:22:588,1.2403,1.7556,11.4097,38.137,0.1254,0.2484,0.4287,22.0156
19:35:22:612,1.1338,1.3438,11.9963,35.6308,-0.0921,0.2897,0.2961,21.625
19:35:22:629,0.4742,0.6698,13.0617,35.2891,-0.0977,0.1152,0.2021,21.0781
19:35:22:647,-0.2345,0.155,13.3658,36.8071,0.1654,0.0143,0.2388,20.5781
19:35:22:670,-0.4931,-0.0162,11.4037,37.1199,0.5124,0.0398,0.3517,20.125
19:35:22:686,-0.2489,0.4064,8.8934,37.4092,0.5665,-0.0701,0.4465,19.8906
19:35:22:707,0.5077,0.7943,8.0243,38.1661,0.3513,-0.3354,0.4159,19.5625
19:35:22:731,0.8979,1.0062,8.4325,36.4411,0.1023,-0.5706,0.2713,19.1094
19:35:22:747,1.4067,1.2851,9.3076,34.9766,-0.0112,-0.7623,0.1565,18.6094
19:35:22:770,1.627,1.3438,9.8822,37.4249,0.0895,-0.8728,0.0005,18.25
19:35:22:786,0.9518,1.254,9.5865,36.6334,0.2679,-0.7596,-0.1125,18.0469
19:35:22:807,0.4861,0.9284,8.7701,36.9618,0.4016,-0.4355,-0.0706,17.9844
19:35:22:828,0.303,0.8182,7.6137,35.1638,0.4807,-0.0755,0.0575,18.125
19:35:22:848,0.4227,1.0277,6.4465,34.4643,0.5121,0.0968,0.2085,18.2656
19:35:22:868,0.7076,1.388,5.7905,35.9331,0.5151,0.0199,0.3126,18.2812
19:35:22:890,1.0691,1.7137,5.6528,36.1619,0.4988,-0.1602,0.352,18.2188
19:35:22:911,1.208,1.9914,5.933,36.5951,0.408,-0.2451,0.3459,17.9531
19:35:22:930,1.3121,2.1817,6.5961,36.9198,0.2503,-0.1631,0.36,17.5781
19:35:22:948,1.4031,2.3816,7.6759,36.1928,0.0951,-0.0193,0.3928,17.1875
19:35:22:967,1.7096,2.6438,8.8108,36.1191,0.0432,0.1155,0.4324,16.6094
19:35:22:988,2.0974,2.9,9.1915,35.5623,0.135,0.1402,0.4066,16.2031
19:35:23:013,2.3381,3.0879,8.9927,35.9909,0.2304,0.0303,0.3163,15.7188
19:35:23:030,2.2028,3.1562,9.037,36.0528,0.2192,-0.1098,0.1954,15.2031
19:35:23:047,1.9071,3.0508,9.3028,35.9318,0.1273,-0.1948,0.1049,14.7656
19:35:23:067,1.8161,2.7515,9.8211,36.9551,-0.0163,-0.2238,0.0702,14.4844
19:35:23:088,1.8831,2.4606,11.0841,36.6914,-0.1902,-0.1847,0.0684,14.3438
19:35:23:116,2.0531,1.9591,12.5134,36.9234,-0.2615,-0.0411,0.0987,14.2656
19:35:23:129,2.3273,1.4611,12.6738,36.237,-0.1798,0.1355,0.1656,14.2188
19:35:23:147,2.8193,1.242,11.4456,37.4269,-0.126,0.2241,0.2119,14.1406
19:35:23:168,3.1377,1.4264,10.379,37.4549,-0.2581,0.2257,0.16,14.0156
19:35:23:187,3.0874,1.4599,10.4436,36.5905,-0.4935,0.1565,-0.0072,13.7812
19:35:23:213,2.5858,1.0193,11.7161,37.0092,-0.5715,0.0444,-0.1897,13.5312
19:35:23:230,1.7287,0.2855,12.3111,36.3824,-0.3361,-0.0246,-0.2496,13.4375
19:35:23:247,1.2906,0.1526,11.0111,34.9095,0.0296,-0.0792,-0.1369,13.7031
19:35:23:267,1.6713,0.5824,8.8228,34.8776,0.2077,-0.2417,-0.0137,14
19:35:23:288,2.9091,0.926,7.8555,36.7685,0.0522,-0.4566,-0.0235,14.1562
19:35:23:312,3.8943,1.0553,8.5079,37.5011,-0.2796,-0.4856,-0.2224,14.1875
19:35:23:331,3.601,0.8721,9.1783,37.711,-0.5318,-0.1889,-0.521,14.1875
19:35:23:350,2.3704,0.5788,8.8898,37.1121,-0.6136,0.2582,-0.7189,14.3594
19:35:23:366,1.1948,0.6087,7.5562,37.1936,-0.6085,0.5634,-0.7404,14.8281
19:35:23:386,0.6406,0.7931,6.8056,35.3684,-0.6131,0.4979,-0.6432,15.5938
19:35:23:411,0.5484,1.2372,7.3755,37.8432,-0.5571,0.1805,-0.5143,16.4219
19:35:23:428,0.7543,1.5329,8.3595,34.9085,-0.3651,-0.0728,-0.4054,17.2188
19:35:23:446,0.9303,1.813,8.1919,36.3239,-0.134,-0.0859,-0.3354,17.8906
19:35:23:466,0.9494,2.1518,7.7286,37.106,-0.041,0.0201,-0.297,18.3906
19:35:23:486,1.0955,2.554,7.7777,37.2674,-0.0514,0.1384,-0.2699,18.8281
19:35:23:513,1.3385,2.815,8.2769,36.5917,-0.0517,0.1525,-0.2752,19.1875
19:35:23:527,1.542,3.0365,8.9066,36.1518,0.0125,0.0902,-0.3167,19.6406
19:35:23:546,1.5372,3.1179,9.0682,39.3559,0.086,0.0587,-0.3923,19.9531
19:35:23:566,1.3301,3.1203,9.2417,38.0074,0.0812,0.1094,-0.4523,20.3125
19:35:23:586,1.1517,3.04,9.6691,37.17,0.0373,0.2071,-0.4858,20.7344
19:35:23:607,0.7459,2.7827,9.8798,36.3479,0.008,0.291,-0.4888,21.25
19:35:23:629,0.3281,2.566,9.9013,39.3297,-0.0213,0.3283,-0.4147,21.7969
19:35:23:647,0.2036,2.3182,10.1851,36.0589,-0.0658,0.2444,-0.2952,22.3438
19:35:23:667,0.3748,2.0093,10.7968,38.6292,-0.1036,0.1671,-0.1671,22.7812
19:35:23:686,0.5987,1.6538,11.0518,38.1928,-0.1268,0.2399,-0.0757,23.1094
19:35:23:707,0.7507,1.4838,10.6184,37.0159,-0.2213,0.373,0.0143,23.2969
19:35:23:729,0.7998,1.5473,10.7082,39.7787,-0.408,0.3749,0.09,23.375
19:35:23:748,0.6478,1.2049,12.1962,38.576,-0.506,0.1682,0.1523,23.3438
19:35:23:767,0.8572,0.8757,12.7109,37.881,-0.3923,0.0114,0.2002,23.2344
19:35:23:788,0.8836,0.4411,12.9168,37.9618,-0.2088,-0.0643,0.193,23
19:35:23:813,0.5029,-0.1299,11.9292,40.724,-0.0146,0.0172,0.1877,23
19:35:23:830,0.394,-0.4878,10.3215,38.3448,0.0852,0.0327,0.2186,22.6875
19:35:23:846,0.6046,-0.6434,9.1951,38.659,0.0498,-0.0856,0.2223,22.4531
19:35:23:866,0.6944,-0.4926,8.7521,38.729,-0.0495,-0.2502,0.1794,22.25
19:35:23:886,0.7447,-0.1442,8.6839,39.9455,-0.1683,-0.3351,0.128,22
19:35:23:907,1.0548,0.0736,8.5319,40.6602,-0.278,-0.2406,0.0588,21.75
19:35:23:928,1.0416,0.2113,8.0051,38.9275,-0.3332,-0.1365,-0.0267,21.5625
19:35:23:946,0.6944,0.2316,7.4042,39.6765,-0.3811,-0.1285,-0.0733,21.4219
19:35:23:966,0.1474,0.0976,7.3683,39.0174,-0.4716,-0.1895,-0.0435,21.3594
19:35:23:985,-0.4332,-0.1143,8.1715,39.3309,-0.5326,-0.2313,0.0852,21.3906
19:35:24:006,-0.5769,-0.2089,8.8718,38.4518,-0.4591,-0.2387,0.2939,21.4688
19:35:24:026,-0.1435,-0.0437,9.0454,39.6467,-0.2493,-0.2164,0.5004,21.5312
19:35:24:046,0.4323,0.4328,8.5546,38.3023,-0.0314,-0.2507,0.6183,21.4375
19:35:24:102,0.7675,0.8817,8.1703,40.2274,0.0953,-0.3042,0.6399,20.5469
19:35:24:106,0.8991,1.1355,8.0159,41.0097,0.1268,-0.3205,0.6247,20.2031
19:35:24:106,0.9243,1.3761,8.3032,40.6133,0.0517,-0.3229,0.6039,19.4688
19:35:24:126,1.0607,1.4718,9.5685,40.6793,-0.0293,-0.309,0.5821,18.4062
19:35:24:150,1.1182,1.5233,10.7453,40.9592,0.0125,-0.243,0.5539,18.0469
19:35:24:166,1.2259,1.5377,11.0661,41.269,0.1414,-0.1524,0.5299,17.3594
19:35:24:186,1.3349,1.4659,10.6411,42.0789,0.2152,-0.1607,0.4916,16.7344
19:35:24:205,1.8029,1.1247,10.7142,42.8911,0.1654,-0.3037,0.454,16.1094
19:35:24:228,2.4721,0.4375,11.6659,42.8257,0.069,-0.4411,0.396,15.5156
19:35:24:247,3.0851,-0.392,12.4955,42.8257,0.0144,-0.3831,0.3584,14.9844
19:35:24:266,3.7997,-0.8972,12.0729,40.9453,-0.0245,-0.1231,0.343,14.4844
19:35:24:286,4.184,-0.7991,10.9632,44.4052,-0.1151,0.1176,0.2591,14.2656
19:35:24:306,4.4785,-0.6147,9.9229,42.7851,-0.2581,0.0862,0.0761,13.8438
19:35:24:328,4.5623,-0.6662,9.9397,44.7554,-0.4743,-0.178,-0.2115,13.4688
19:35:24:349,3.9314,-1.3042,11.6826,44.312,-0.6749,-0.3857,-0.4997,13.1875
19:35:24:366,2.6002,-2.1398,13.6878,44.0531,-0.678,-0.1596,-0.574,13.1094
19:35:24:385,1.8149,-2.3649,13.8829,43.5129,-0.3651,0.3738,-0.3676,13.625
19:35:24:406,2.3931,-1.8729,11.272,44.3538,0.0623,0.6614,-0.0922,14.3125
19:35:24:427,3.7339,-1.2348,8.6863,44.5101,0.2738,0.3932,-0.0134,14.9219
19:35:24:446,4.5264,-0.7141,7.5838,43.3157,0.2248,-0.0747,-0.2033,15.2031
19:35:24:466,4.0715,-0.4531,7.8256,44.4233,0.0336,-0.2656,-0.5239,15.2344
19:35:24:487,2.5667,-0.6506,8.0782,43.6568,-0.1089,-0.0323,-0.7681,15.3125
19:35:24:511,1.1817,-0.7033,7.2833,46.639,-0.1649,0.2979,-0.7876,15.7031
19:35:24:531,0.4646,-0.4088,6.5459,45.8873,-0.2362,0.451,-0.6613,16.4375
19:35:24:548,0.3449,0.0413,6.6716,45.6625,-0.2684,0.3722,-0.4928,17.375
19:35:24:565,0.5819,0.3729,7.3192,44.7314,-0.1627,0.1669,-0.3647,18.2344
19:35:24:586,0.6633,0.6315,7.3898,45.9598,0.0085,0.0516,-0.2832,18.8906
19:35:24:606,0.8513,0.9966,7.0079,47.3188,0.0959,0.0361,-0.1929,19.3906
19:35:24:628,1.2176,1.406,7.0211,46.3696,0.0612,0.0217,-0.1404,19.7656
19:35:24:645,1.6916,1.7268,7.8148,47.035,-0.0232,0.0233,-0.1276,20.0469
19:35:24:665,2.2866,2.0668,8.9125,47.1898,-0.0432,0.0558,-0.1841,20.2969
19:35:24:686,2.4075,2.3385,9.5733,47.004,0.0261,0.0894,-0.3178,20.4375
19:35:24:705,2.3021,2.3098,10.0342,46.2646,0.0921,0.1088,-0.4571,20.6406
19:35:24:727,1.9837,2.1087,10.549,47.9423,0.1465,0.2082,-0.5724,21
19:35:24:747,1.5707,1.7436,10.5526,46.218,0.146,0.5499,-0.6294,21.5312
19:35:24:777,1.1206,1.4814,9.948,47.0104,0.012,0.9823,-0.5916,21.8438
19:35:24:786,0.9063,1.2468,10.057,48.662,-0.2032,1.0774,-0.5066,22.5156
19:35:24:808,0.7519,0.8398,11.5533,47.2029,-0.2791,0.8348,-0.3979,23.25
19:35:24:830,0.8309,0.1993,12.5517,48.4156,-0.1337,0.4327,-0.2882,23.9375
19:35:24:853,0.7603,0.1574,12.8139,48.6169,-0.0107,0.05,-0.1931,24.4844
19:35:24:867,0.6358,0.1993,13.3526,48.7719,-0.0352,-0.1815,-0.1495,24.8906
19:35:24:886,0.4275,-0.2795,14.0289,49.5598,-0.1443,-0.1397,-0.13,25.1719
19:35:24:907,-0.2597,-0.987,14.8633,48.7635,-0.1766,-0.0102,-0.0659,25.3438
19:35:24:931,-0.7948,-1.4802,15.39,48.4711,0.1012,0.1477,0.1323,25.5625
19:35:24:947,-0.6966,-1.7184,12.6858,50.508,0.645,0.3722,0.3672,25.6406
19:35:24:966,-0.6822,-1.3952,8.4086,49.9833,0.9002,0.3208,0.5051,25.5
19:35:24:987,-0.3614,-1.1953,5.7163,51.773,0.6543,-0.0188,0.5451,25.1094
19:35:25:007,-0.2513,-1.1522,5.9629,50.9407,0.1321,-0.4049,0.4982,24.5469
19:35:25:029,-0.4919,-1.2157,8.162,51.1768,-0.2461,-0.6142,0.4631,23.9375
19:35:25:049,-0.7337,-1.0876,9.7876,52.1699,-0.2855,-0.6009,0.5387,23.3906
19:35:25:067,-0.6188,-0.7248,9.948,51.1545,-0.0898,-0.464,0.6737,22.8438
19:35:25:086,-0.2956,-0.1634,8.6971,51.972,0.1198,-0.2891,0.7949,22.2188
19:35:25:107,0.5041,0.1826,7.3024,52.5845,0.2171,-0.2054,0.8593,21.4688
19:35:25:131,1.2595,0.7967,6.328,53.078,0.1028,-0.2651,0.7462,20.5469
19:35:25:148,1.1721,0.8051,6.9984,52.8438,0.0213,-0.2462,0.6884,20.5469
19:35:25:167,1.1242,0.9296,7.6304,52.0853,0.0229,-0.1042,0.7051,19.5625
19:35:25:187,1.4594,1.1606,7.6364,50.6777,0.0956,-0.0275,0.7246,17.7812
19:35:25:209,1.7204,1.4156,7.7765,52.6767,0.139,-0.1008,0.6812,15.7656
19:35:25:231,1.9239,1.5676,8.5821,52.6715,0.1494,-0.264,0.5832,15.7656
19:35:25:250,2.0148,1.5975,9.6009,51.212,0.1696,-0.3301,0.4511,15.3906
19:35:25:265,1.7718,1.5509,10.1587,52.9852,0.2037,-0.2454,0.3182,14.6094
19:35:25:286,1.6162,1.3869,10.1228,54.6435,0.1798,-0.0904,0.2268,13.9375
19:35:25:308,1.7527,1.1199,10.1862,54.0147,0.0865,-0.0712,0.1691,13.0469
19:35:25:330,2.3081,0.5836,11.0542,53.0073,-0.0266,-0.2342,0.1025,13.0469
19:35:25:348,2.8983,-0.2939,12.7888,53.4066,-0.102,-0.3961,0.0351,12.7812
19:35:25:365,3.2299,-0.9104,14.2552,53.1643,-0.0429,-0.2638,0.037,12.5938
19:35:25:385,3.6429,-1.1678,13.3155,52.8614,0.1542,0.1562,0.0609,12.4844
19:35:25:407,3.826,-0.8625,10.8147,53.1349,0.2304,0.4247,0.0119,12.4375
19:35:25:432,3.9697,-0.7596,8.7964,53.2742,0.0924,0.3107,-0.1623,12.4062
19:35:25:447,3.5914,-0.9559,8.6145,55.0368,-0.2365,-0.0787,-0.4129,12.3281
19:35:25:465,3.0886,-1.752,10.9895,53.5668,-0.5286,-0.3599,-0.5934,12.3125
19:35:25:486,2.204,-2.3565,12.948,53.1723,-0.502,-0.1719,-0.5956,12.9688
19:35:25:505,1.8987,-2.4307,12.3255,52.2055,-0.1603,0.1903,-0.4129,13.625
19:35:25:532,2.7606,-2.0548,9.1627,53.283,0.1249,0.2606,-0.2493,14
19:35:25:549,3.7698,-1.5568,6.9684,52.549,0.0346,-0.0829,-0.2813,14.8125
19:35:25:565,3.9649,-1.2085,7.3395,53.1285,-0.3449,-0.4012,-0.485,14.9688
19:35:25:586,3.1305,-1.1941,9.1568,52.385,-0.6266,-0.3122,-0.6885,15.2344
19:35:25:606,2.0101,-0.9786,9.7337,54.0302,-0.62,0.0638,-0.7652,15.6406
19:35:25:630,1.196,-0.5668,8.7366,52.7032,-0.4487,0.4478,-0.7061,16.3438
19:35:25:655,0.9279,0.0485,6.9816,54.6542,-0.2996,0.5698,-0.5759,17.1875
19:35:25:666,1.0847,0.7476,6.0096,52.4338,-0.2147,0.3773,-0.4842,18.0781
19:35:25:690,1.3612,1.1797,5.7797,53.564,-0.1705,0.0939,-0.4786,18.8438
19:35:25:714,1.4606,1.3509,6.1065,53.3582,-0.2008,-0.0947,-0.5359,19.4375
19:35:25:732,1.3325,1.5149,6.893,52.4302,-0.2748,-0.1207,-0.5796,20
19:35:25:749,1.4965,1.6646,7.9082,51.9293,-0.3369,-0.1045,-0.5878,20.2812
19:35:25:768,1.8125,1.8741,9.4309,54.2105,-0.3377,-0.1045,-0.6129,20.8906
19:35:25:787,2.0555,1.9902,10.9225,53.1193,-0.1899,-0.0696,-0.688,21.5312
19:35:25:813,1.9167,1.8094,11.3127,53.6173,0.0221,0.0343,-0.7897,22.2031
19:35:25:831,1.4414,1.5197,11.2972,53.8344,0.1345,0.1656,-0.8398,23.2969
19:35:25:847,0.801,1.2468,11.2732,51.9392,0.1571,0.3152,-0.8038,24.0938
19:35:25:866,0.3545,1.0349,11.2816,51.5295,0.1651,0.4167,-0.6789,25.0469
19:35:25:888,0.194,0.8266,11.2804,53.7025,0.1811,0.3975,-0.517,26.0156
19:35:25:905,-0.0382,0.4519,11.5366,51.7721,0.2027,0.2537,-0.3495,26.8438
19:35:25:926,0.0971,0.0509,11.928,51.216,0.2322,0.1213,-0.1551,27.5469
19:35:25:946,0.2946,-0.0233,11.9999,52.4219,0.2346,0.0849,0.0178,28.0625
19:35:25:966,0.522,0.1838,11.8813,51.1531,0.155,0.1594,0.1523,28.3438
19:35:25:986,0.813,0.3549,11.5282,53.3698,-0.0165,0.2444,0.2026,28.4062
19:35:26:007,0.7447,-0.0952,12.1375,50.3111,-0.1984,0.0737,0.1818,28.3125
19:35:26:030,0.5161,-0.8457,13.7105,49.8884,-0.1731,-0.1871,0.2101,28.0938
19:35:26:046,0.2731,-1.2839,14.509,51.6391,0.1563,-0.1927,0.3115,27.9062
19:35:26:065,-0.0382,-1.6011,12.0741,51.3681,0.5723,0.0742,0.4489,27.6875
19:35:26:085,0.0947,-1.503,8.9688,51.9357,0.6157,0.1866,0.5936,27.3906
19:35:26:165,0.6465,-1.4371,7.5993,51.5491,0.3609,0.067,0.6524,26.6875
19:35:26:165,0.473,-1.139,7.7753,50.6819,0.0924,-0.1812,0.6247,26
19:35:26:165,0.3197,-0.8182,8.7593,50.9461,-0.0261,-0.365,0.6641,25.25
19:35:26:166,0.777,-0.568,8.8982,49.8958,0.021,-0.3365,0.7126,24.5625
19:35:26:187,0.8884,-0.0425,8.1955,50.7514,0.0943,-0.2145,0.7067,23.7969
19:35:26:206,1.2858,0.2568,7.2462,51.1132,0.1193,-0.1413,0.6783,22.9688
19:35:26:228,1.5468,0.422,6.7099,50.3365,0.0783,-0.1682,0.5949,22.5625
19:35:26:247,1.4773,0.4375,7.0032,51.5339,0.012,-0.2675,0.5035,21.7969
19:35:26:265,0.9003,0.2819,7.7921,50.4091,0.0365,-0.3058,0.4703,21.0625
19:35:26:286,0.5592,0.1059,8.1775,50.3511,0.1678,-0.2305,0.5539,20.4219
19:35:26:307,0.8189,0.2412,7.6484,51.495,0.3108,-0.1245,0.691,19.875
19:35:26:331,1.597,0.7225,7.0127,50.038,0.3223,-0.116,0.7608,19.3125
19:35:26:349,2.5092,1.2923,7.3216,50.038,0.2195,-0.2116,0.6798,18.5938
19:35:26:364,2.9522,1.5101,8.4301,49.5245,0.1065,-0.3213,0.4726,17.2812
19:35:26:387,2.7319,1.4096,9.4692,50.104,0.0383,-0.2941,0.2684,16.5312
19:35:26:407,2.3584,1.1869,10.312,49.4577,-0.0016,-0.1879,0.1493,15.9844
19:35:26:426,2.0496,0.9308,10.8423,48.1948,-0.0061,-0.0243,0.1203,15.6719
19:35:26:452,2.2614,0.683,10.9476,49.5084,0.0008,0.03,0.1424,15.5156
19:35:26:466,2.7953,0.4711,11.3139,48.9929,-0.0274,-0.0832,0.1224,15.3594
19:35:26:485,3.1593,-0.1203,12.2046,48.5045,-0.0525,-0.2435,0.0567,15.2031
19:35:26:506,3.3209,-0.7835,12.8366,48.7373,-0.0261,-0.223,0.0561,15.0781
19:35:26:531,3.7614,-1.0971,12.1591,49.4875,0.012,-0.043,0.1161,15
19:35:26:548,4.0739,-0.9188,10.6352,48.1886,-0.1542,0.0574,-0.0177,14.9375
19:35:26:566,3.4897,-0.8589,10.8626,49.3861,-0.2972,-0.0755,-0.1801,14.8125
19:35:26:586,2.7846,-1.3617,12.11,47.4979,-0.33,-0.101,-0.2717,14.7031
19:35:26:608,2.2806,-1.7268,12.0178,47.8824,-0.1555,0.108,-0.2086,14.9531
19:35:26:630,2.4829,-1.4539,10.2808,49.9897,0.0392,0.2079,-0.0914,15.1094
19:35:26:648,3.3472,-1.1774,8.9796,46.6789,0.0735,0.0524,-0.085,15.1094
19:35:26:665,4.0619,-1.0325,8.4109,48.6235,-0.0064,-0.1042,-0.2392,15.5156
19:35:26:684,3.7578,-0.7643,7.9142,47.2288,-0.1593,-0.0646,-0.4834,15.625
19:35:26:705,2.8325,-0.6841,7.3731,48.4987,-0.3412,0.1323,-0.689,15.7188
19:35:26:731,1.8137,-0.5584,6.9816,47.3594,-0.4839,0.3147,-0.77,15.9844
19:35:26:748,1.3852,-0.2771,6.917,48.3011,-0.5289,0.3416,-0.734,16.5469
19:35:26:766,1.1757,0.1071,7.0427,48.4984,-0.466,0.2284,-0.6802,17.3594
19:35:26:785,0.9626,0.2891,7.154,47.8782,-0.343,0.1253,-0.6286,18.2344
19:35:26:805,0.4694,0.4292,7.1145,47.9453,-0.2511,0.124,-0.5391,19.1094
19:35:26:829,0.4861,0.7057,7.0738,46.6122,-0.2186,0.2164,-0.3854,19.9219
19:35:26:849,0.8321,1.1582,7.3407,48.1858,-0.2178,0.2337,-0.2754,20.625
19:35:26:867,1.3923,1.473,7.9788,47.1909,-0.2152,0.1277,-0.2459,21.2656
19:35:26:885,1.6162,1.588,9.3136,47.3237,-0.2035,-0.015,-0.2983,21.7188
19:35:26:905,1.6425,1.5556,10.7656,47.5528,-0.1225,-0.0108,-0.3743,22.0469
19:35:26:930,1.4749,1.4431,11.4169,47.3647,0.0075,0.1719,-0.4501,22.5
19:35:26:951,1.0248,1.1833,11.4755,47.68,0.1134,0.4183,-0.4757,22.8906
19:35:26:968,0.6441,0.9559,11.1236,47.617,0.1822,0.6084,-0.4214,23.3438
19:35:26:985,0.206,0.9319,10.9237,46.1793,0.2021,0.6566,-0.3111,23.9062
19:35:27:006,0.0983,0.8134,11.205,47.292,0.2429,0.5424,-0.1553,24.4531
19:35:27:033,0.2455,0.6662,11.6718,47.8003,0.3372,0.3757,0.0015,24.9062
19:35:27:050,0.6035,0.404,11.5857,48.1122,0.4589,0.2734,0.1429,25.1875
19:35:27:066,0.8956,0.325,10.9668,47.3894,0.4565,0.1818,0.2348,25.2969
19:35:27:085,1.2032,0.6279,11.017,47.5266,0.2397,0.1333,0.2969,25.2188
19:35:27:106,1.6916,0.8757,12.1363,48.185,-0.0397,0.1517,0.2686,25
19:35:27:130,1.5983,0.3047,13.41,46.3914,-0.1832,0.1624,0.1488,24.7031
19:35:27:148,0.5149,-0.5525,14.3977,48.3706,-0.0581,0.1746,0.1219,24.5312
19:35:27:166,0.0444,-1.0505,13.4124,47.7717,0.3372,0.246,0.2876,24.2344
19:35:27:185,0.0648,-0.9296,10.3431,47.6987,0.6397,0.2734,0.4559,24.0625
19:35:27:207,0.5161,-0.7069,7.6101,48.1206,0.5934,0.1072,0.5054,23.9375
19:35:27:231,0.9889,-0.7141,6.7673,47.5439,0.2426,-0.248,0.3856,23.375
19:35:27:246,0.7232,-0.9427,8.2374,49.8287,-0.1294,-0.6347,0.1869,22.8438
19:35:27:265,-0.0095,-1.1929,10.0773,47.0805,-0.2863,-0.7642,0.1145,22.3125
19:35:27:286,-0.0968,-1.0816,11.0841,48.5647,-0.2221,-0.5903,0.2058,21.9844
19:35:27:305,0.0037,-0.726,10.4616,48.339,-0.0027,-0.2962,0.2918,21.8438
19:35:27:331,0.1773,-0.3382,8.6803,48.8294,0.1915,-0.0728,0.4047,21.6562
19:35:27:352,0.7746,0.0126,7.1648,49.1258,0.2618,-0.1109,0.4751,21.3594
19:35:27:366,1.0117,0.252,6.9074,47.7027,0.2352,-0.3263,0.4583,20.9844
19:35:27:389,1.0428,0.3801,7.6939,46.911,0.2458,-0.4126,0.4362,20.4531
19:35:27:404,0.9362,0.4675,7.567,49.2665,0.3425,-0.2217,0.438,19.9062
19:35:27:426,0.7818,0.6434,6.7697,48.0259,0.3739,-0.0478,0.4604,19.375
19:35:27:448,0.9207,0.9774,6.2598,49.8432,0.3044,-0.0161,0.4998,18.9062
19:35:27:467,1.4283,1.4862,6.6596,46.9942,0.1902,-0.1759,0.4865,18.375
19:35:27:485,1.6856,1.7017,7.7502,49.0876,0.1057,-0.3421,0.388,17.8125
19:35:27:505,1.6258,1.5927,8.8132,49.3412,0.0634,-0.3873,0.2854,17.2656
19:35:27:530,1.4833,1.5245,9.5111,49.5183,0.0381,-0.2789,0.2308,16.5469
19:35:27:548,1.4378,1.4168,9.8571,48.2735,0.0152,-0.1458,0.2029,16.2188
19:35:27:565,1.5611,1.321,9.966,49.4989,-0.0301,-0.0941,0.1901,15.9531
19:35:27:585,1.9442,1.1426,10.3658,50.1274,-0.1169,-0.2054,0.1547,15.7188
19:35:27:610,2.435,0.6674,11.4181,50.2849,-0.229,-0.3668,0.0846,15.5156
19:35:27:632,2.4207,0.0509,12.9791,50.0048,-0.2937,-0.3711,0.046,15.3438
19:35:27:649,2.6361,-0.483,13.853,50.0023,-0.1965,-0.1314,0.1302,15.2969
19:35:27:667,3.3017,-0.568,12.1914,49.1604,-0.016,0.1717,0.2191,15.25
19:35:27:685,3.7901,-0.2065,10.2976,49.2074,-0.0453,0.1842,0.1651,15.1719
19:35:27:706,3.9889,-0.2819,9.7385,49.452,-0.2746,0.0292,-0.0283,14.9844
19:35:27:732,3.6393,-0.6458,10.8435,49.5781,-0.5345,-0.0947,-0.2424,14.7344
19:35:27:747,3.0312,-1.2001,12.5122,49.5547,-0.5718,-0.0539,-0.3577,14.6562
19:35:27:764,2.4889,-1.4024,12.9133,49.9417,-0.3348,0.1698,-0.329,15
19:35:27:789,2.5882,-1.2408,10.95,50.2952,0.012,0.368,-0.2254,15.4531
19:35:27:804,3.3568,-0.9702,8.7078,49.9123,0.1278,0.2135,-0.2009,15.8438
19:35:27:827,4.1684,-0.9379,8.0387,50.6167,-0.0003,-0.1202,-0.3226,16.0938
19:35:27:848,3.9805,-0.7608,8.9053,49.7847,-0.2162,-0.2145,-0.5386,16.3281
19:35:27:867,2.9187,-0.8422,9.2932,50.1011,-0.2855,0.0603,-0.7093,16.7031
19:35:27:887,1.7251,-0.7655,8.0351,50.6181,-0.228,0.3919,-0.7194,17.3281
19:35:27:906,1.0033,-0.331,6.6165,51.2375,-0.2011,0.4923,-0.6163,18.1094
19:35:27:932,0.8201,0.0629,5.7546,50.345,-0.1936,0.3203,-0.4986,18.9531
19:35:27:952,1.1206,0.8817,6.5949,51.6212,-0.2181,-0.1543,-0.3868,19.6875
19:35:27:969,1.062,1.0421,7.2797,51.0016,-0.1723,-0.1668,-0.378,19.6875
19:35:27:986,1.0344,1.3306,7.4473,53.0214,-0.159,-0.0928,-0.3569,20.7344
19:35:28:012,1.1242,1.4659,8.2338,50.2706,-0.2211,-0.0504,-0.3343,21.5938
19:35:28:026,1.3708,1.6358,9.3626,52.2034,-0.2424,0.0177,-0.3199,22
19:35:28:049,1.4917,1.8872,10.1635,50.4782,-0.1792,0.1072,-0.3508,22.2031
19:35:28:065,1.5097,2.0045,10.7273,51.7953,-0.0796,0.2074,-0.4176,22.3906
19:35:28:084,1.1864,1.922,11.0302,52.8937,0.0019,0.3445,-0.4885,22.7812
19:35:28:104,0.4478,1.6622,11.2002,52.2546,0.053,0.4979,-0.5015,23.1719
19:35:28:124,-0.2393,1.4132,11.3594,51.1084,0.0876,0.5791,-0.4006,23.6562
19:35:28:148,-0.4225,1.1414,11.8239,50.8386,0.1436,0.5203,-0.2115,24.2344
19:35:28:165,-0.1842,0.8506,12.5026,50.8786,0.2493,0.3882,-0.0011,24.7969
19:35:28:237,0.2252,0.7787,12.4763,51.3217,0.3609,0.344,0.1717,25.2812
19:35:28:238,0.7615,0.7392,12.1399,52.3407,0.3465,0.3687,0.2742,25.5469
19:35:28:238,1.2559,0.732,12.371,51.2783,0.1955,0.4356,0.3001,25.5625
19:35:28:253,1.3852,0.5692,12.7923,50.1731,0.0562,0.4846,0.2455,25.375
19:35:28:264,0.8094,-0.0437,13.0545,51.4108,0.0296,0.3741,0.1842,25.0781
19:35:28:285,0.1773,-0.7572,13.4663,50.1509,0.1553,0.1717,0.2412,24.7344
19:35:28:305,-0.0394,-1.1702,12.9324,51.4138,0.4336,0.1371,0.396,24.3906
19:35:28:329,0.0887,-1.1558,10.4736,50.3069,0.6517,0.2289,0.5432,24.1719
19:35:28:346,0.5759,-1.0708,8.1967,50.3965,0.5899,0.1256,0.589,23.8281
19:35:28:364,0.7256,-0.8721,7.5239,49.8103,0.3049,-0.1333,0.5262,23.3125
19:35:28:384,0.3533,-0.7691,8.6336,48.0422,0.0405,-0.3945,0.4484,22.6562
19:35:28:405,0.2467,-0.9571,9.7397,49.5874,-0.0088,-0.3905,0.466,22
19:35:28:430,0.315,-0.7799,9.3279,50.5162,0.1193,-0.1967,0.5331,21.4844
19:35:28:449,0.4395,-0.4758,7.7729,50.5079,0.237,-0.0592,0.5888,20.9688
19:35:28:467,0.6789,-0.0425,6.5267,50.5079,0.24,-0.0944,0.6327,20.3906
19:35:28:492,1.0871,0.2292,6.4381,50.7805,0.1537,-0.2595,0.6178,19.75
19:35:28:504,1.1505,0.1873,7.2581,49.1689,0.1204,-0.3157,0.5507,19.0781
19:35:28:525,0.5532,0.155,7.5239,50.0098,0.1718,-0.1708,0.54,18.7188
19:35:28:549,0.3329,0.2819,7.148,49.3835,0.2101,0.0063,0.6407,18.0156
19:35:28:567,0.8237,0.6147,6.9732,49.0525,0.2107,0.0191,0.7395,17.4062
19:35:28:587,1.615,1.1977,7.1935,48.4939,0.1968,-0.1421,0.7406,16.7812
19:35:28:605,2.1393,1.57,7.8591,51.1042,0.1411,-0.3735,0.6149,15.625
19:35:28:625,2.1034,1.7017,9.0107,49.1069,0.0482,-0.447,0.4399,14.8125
19:35:28:651,1.9191,1.5066,9.784,48.3003,-0.0274,-0.2981,0.3062,14.0156
19:35:28:668,1.7946,1.4431,10.2042,49.7266,-0.1012,-0.0925,0.2378,13.4219
19:35:28:686,1.7778,1.4874,10.4807,50.2817,-0.183,0.0625,0.1842,13
19:35:28:705,1.9119,1.4515,10.6136,48.1905,-0.3185,0.1789,0.1102,12.7188
19:35:28:733,1.7982,1.1367,11.5462,48.5837,-0.5641,0.2963,0.0234,12.4844
19:35:28:749,1.6653,0.5764,13.2867,47.2228,-0.6645,0.3706,0.0138,12.3125
19:35:28:770,1.9358,0.0616,14.351,48.0219,-0.4618,0.3834,0.0945,12.2656
19:35:28:784,2.435,-0.2939,13.4579,47.957,-0.0716,0.3181,0.1898,12.2812
19:35:28:806,3.2467,-0.094,11.6311,47.2755,0.167,0.0665,0.2244,12.2344
19:35:28:831,3.9075,0.1885,10.8806,48.252,0.139,-0.235,0.0623,12.0781
19:35:28:848,3.9721,-0.0162,11.3822,49.0124,-0.0397,-0.415,-0.2339,11.8281
19:35:28:866,3.2083,-0.8913,12.9946,47.9217,-0.1646,-0.3096,-0.4893,11.625
19:35:28:889,1.9634,-1.4814,13.5214,48.4836,0.0168,0.0572,-0.509,11.875
19:35:28:903,1.4486,-1.3593,11.3905,48.6568,0.4091,0.3911,-0.3207,12.4375
19:35:28:925,2.2447,-0.8613,8.2637,49.8989,0.6525,0.3096,-0.1729,13.0312
19:35:28:947,3.4705,-0.4579,6.1125,48.2672,0.5816,-0.1391,-0.264,13.3906
19:35:28:964,3.8799,-0.3909,6.2059,48.1007,0.2535,-0.5596,-0.5588,13.5625
19:35:28:984,3.0432,-0.5321,7.494,47.3924,-0.0189,-0.5628,-0.8773,13.6875
19:35:29:005,1.6749,-0.7189,7.3719,48.8272,-0.0945,-0.2065,-1.0488,14.1406
19:35:29:031,0.6789,-0.6207,6.0622,47.9106,-0.1838,0.2007,-1.0291,14.9688
19:35:29:049,0.4011,-0.2496,5.0267,46.9377,-0.3715,0.3514,-0.9274,16.0469
19:35:29:068,0.4766,0.2041,5.6792,48.878,-0.5372,0.1687,-0.851,17.2656
19:35:29:084,0.4095,0.3992,6.9816,48.1587,-0.5145,-0.0587,-0.8304,18.3906
19:35:29:104,-0.019,0.4818,7.5383,48.3656,-0.387,-0.1479,-0.7897,19.3594
19:35:29:124,-0.3471,0.6698,8.0015,48.0096,-0.3244,-0.1104,-0.6712,20.3281
19:35:29:147,0.0061,1.0445,8.4373,48.8026,-0.3041,0.0007,-0.5183,21.7188
19:35:29:165,0.5747,1.6083,8.9449,47.0053,-0.2953,0.0896,-0.4251,22.4531
19:35:29:184,1.0117,2.0668,9.6488,47.7234,-0.2618,0.107,-0.4334,23.0625
19:35:29:205,1.2439,2.2691,10.1982,46.4295,-0.2,0.1834,-0.5055,23.5469
19:35:29:225,0.7806,2.1338,10.4927,48.2265,-0.1518,0.287,-0.5939,24.0312
19:35:29:248,-0.0238,1.7532,10.8327,47.6472,-0.1385,0.409,-0.5798,24.6094
19:35:29:265,-0.6056,1.576,11.2972,46.393,-0.0961,0.5088,-0.4347,25.2969
19:35:29:284,-0.7912,1.4539,11.5545,48.4232,0.0037,0.4588,-0.2397,25.9531
19:35:29:306,-0.6128,1.3378,11.8825,48.1932,0.123,0.262,-0.0565,26.4688
19:35:29:333,-0.3411,1.0481,12.0274,47.6942,0.2083,0.0945,0.0806,26.75
19:35:29:345,0.3317,0.5872,12.2261,48.6281,0.0221,0.1046,0.2822,26.8281
19:35:29:365,0.522,0.744,12.8223,46.4195,-0.1909,0.1584,0.3387,26.8281
19:35:29:392,0.6717,0.7153,13.5285,46.9444,-0.2898,0.1501,0.3477,26.2031
19:35:29:414,0.4251,0.1239,13.8793,47.6479,-0.1872,-0.1104,0.3477,25.8281
19:35:29:425,0.1905,-0.665,14.1008,45.7098,0.0682,-0.4073,0.4538,25.8281
19:35:29:449,0.1845,-0.7847,13.4424,46.0976,0.449,-0.3913,0.6468,25.4375
19:35:29:464,0.6478,-0.6458,10.7309,46.0997,0.8083,-0.1668,0.7768,25.0312
19:35:29:484,1.0093,-0.6219,7.5622,46.279,0.836,-0.0126,0.7486,24.5
19:35:29:503,0.8357,-0.7655,5.9054,46.4865,0.5033,0.0255,0.6428,23.7812
19:35:29:523,0.3221,-1.0145,5.9521,46.7062,0.1004,-0.039,0.596,22.8906
19:35:29:551,0.1294,-1.0912,6.8739,47.8609,-0.1411,-0.2033,0.679,22.0312
19:35:29:567,0.4742,-0.89,8.0997,46.0846,-0.167,-0.3761,0.7837,21.3281
19:35:29:584,0.6992,-0.4339,8.5498,46.9374,-0.0605,-0.3341,0.8418,20.6562
19:35:29:603,0.8153,0.1897,7.9668,44.6647,0.0461,-0.1383,0.8615,19.875
19:35:29:624,0.8393,0.5154,6.9744,45.4056,0.0423,0.0239,0.8412,19.0156
19:35:29:650,0.8788,0.7871,6.6201,45.416,-0.0208,0.046,0.8093,18.0469
19:35:29:669,0.8548,1.0529,6.7733,46.4498,-0.0581,-0.0243,0.756,17.0625
19:35:29:683,1.0404,1.2815,7.5143,45.4871,-0.0426,-0.1452,0.6785,16.1094
19:35:29:704,1.8628,1.7508,8.9137,45.3361,0.0735,-0.2451,0.5467,14.7812
19:35:29:725,2.3632,2.2643,10.0031,45.7885,0.2961,-0.2507,0.2846,13.9531
19:35:29:749,1.7503,2.2715,10.0785,44.2769,0.4762,-0.129,-0.0179,13.2812
19:35:29:766,0.6094,1.9375,9.6859,42.505,0.4844,0.0867,-0.1332,12.7812
19:35:29:784,0.0588,1.5796,9.4847,44.5387,0.3462,0.259,-0.043,12.625
19:35:29:807,0.1354,1.6885,9.6787,44.4134,0.1614,0.3139,0.1358,12.7344
19:35:29:822,0.6705,1.8202,10.4508,43.5648,0.0613,0.1813,0.2497,12.8438
19:35:29:844,1.2224,1.4072,11.302,43.9366,0.0951,-0.0438,0.2796,12.7812
19:35:29:868,1.5611,0.8362,11.6443,44.3683,0.1795,-0.2153,0.3062,12.5469
19:35:29:887,1.9298,0.3358,11.5462,44.7906,0.1899,-0.2797,0.3414,12.2344
19:35:29:904,2.3823,-0.1646,11.5354,43.4858,0.0916,-0.215,0.3792,11.9062
19:35:29:924,3.0683,-0.1694,11.7185,42.8636,-0.0341,-0.0875,0.3906,11.5469
19:35:29:947,3.4849,-0.0808,11.5905,42.4565,-0.0892,0.0484,0.2734,11.3438
19:35:29:965,3.1186,-0.1263,11.0039,43.4854,-0.1286,0.0154,0.1043,10.9219
19:35:29:991,2.8456,-0.5321,11.7604,42.2989,-0.2,-0.1575,0.009,10.4844
19:35:30:003,2.8109,-0.8541,12.8642,41.7724,-0.1276,-0.1157,-0.0059,10.1719
19:35:30:024,3.0671,-0.8481,12.3398,41.7256,0.1302,0.1608,0.0441,10.0625
19:35:30:050,3.8284,-0.2352,9.7014,43.8498,0.3635,0.2995,0.0519,10.0625
19:35:30:068,4.852,0.1754,7.5754,41.9261,0.3382,0.1022,-0.1308,10.0625
19:35:30:087,5.0591,0.2568,6.6273,42.3844,0.069,-0.0776,-0.4845,9.9688
19:35:30:107,4.2738,0.1024,6.7913,40.9237,-0.3124,-0.0518,-0.8589,9.9844
19:35:30:134,2.8384,-0.2867,7.4808,42.0601,-0.6056,0.1701,-1.1154,10.3125
19:35:30:151,1.4318,-0.5668,7.6268,41.3025,-0.7254,0.3759,-1.17,11.0938
19:35:30:167,0.5292,-0.234,7.9824,41.4561,-0.7204,0.4377,-1.0459,12.2031
19:35:30:183,0.3245,0.1862,8.5726,41.2437,-0.5558,0.3701,-0.8693,13.5469
19:35:30:206,0.5137,0.6195,8.6133,41.287,-0.2421,0.2843,-0.6936,14.8438
19:35:30:222,0.8381,1.2839,7.6352,40.5539,0.0645,0.1411,-0.5884,15.8906
19:35:30:304,0.9698,1.7735,6.9373,40.0949,0.1859,-0.0536,-0.5745,16.7969
19:35:30:304,1.0272,2.0201,7.0271,39.9022,0.1329,-0.1343,-0.6001,17.5156
19:35:30:305,0.9626,2.2033,7.8471,39.1859,0.0115,-0.0805,-0.6347,18.1406
19:35:30:305,1.0368,2.2512,8.8898,41.4193,-0.0607,0.0777,-0.6597,19.1562
19:35:30:322,0.8656,2.2141,9.5159,39.9395,-0.057,0.2399,-0.696,19.875
19:35:30:349,0.4897,2.1494,10.1443,39.4563,-0.0189,0.3336,-0.6981,20.5938
19:35:30:363,0.1773,2.0093,10.6112,37.5821,0.0778,0.3823,-0.6573,21.3906
19:35:30:384,-0.4057,1.971,10.4113,37.4907,0.1704,0.3861,-0.5665,22.1875
19:35:30:404,-0.7062,1.9243,10.5047,37.2003,0.155,0.2819,-0.4126,22.9375
19:35:30:426,-0.6774,1.7364,11.539,36.7956,0.1047,0.1008,-0.2424,23.5625
19:35:30:449,-0.2561,1.4551,12.7612,38.9658,0.1286,0.0068,-0.0896,23.8281
19:35:30:466,0.2276,1.2013,12.8247,37.6882,0.1734,0.0659,-0.0123,24.2031
19:35:30:483,0.2982,1.0385,12.6978,37.1913,0.0719,0.1557,0.0013,24.3906
19:35:30:503,0.1294,0.8134,13.1886,38.0487,-0.0895,0.2239,0.0186,24.4375
19:35:30:524,-0.268,0.2484,13.7692,38.6336,-0.0842,0.1895,0.0625,24.4375
19:35:30:549,-0.5972,-0.4986,13.4352,38.6336,0.1638,0.0761,0.1866,24.4375
19:35:30:567,-0.3494,-0.7919,11.9987,38.3816,0.4749,-0.0339,0.3576,24.3906
19:35:30:584,-0.0322,-0.5896,9.7804,38.7361,0.6147,-0.0323,0.4378,24.1406
19:35:30:604,0.1306,-0.4352,7.8004,37.6131,0.4453,-0.0169,0.4047,23.7344
19:35:30:624,0.2168,-0.5165,7.2414,36.9398,0.0676,-0.1189,0.3262,23.2812
19:35:30:648,-0.0514,-0.6267,8.1991,37.149,-0.2618,-0.2915,0.2495,22.8281
19:35:30:666,-0.213,-0.6195,9.1532,37.0468,-0.3579,-0.3636,0.2692,22.4531
19:35:30:683,-0.1495,-0.246,9.1172,36.6154,-0.2945,-0.3114,0.323,22.1875
19:35:30:708,-0.1304,0.1143,8.3786,36.3442,-0.1843,-0.1751,0.3717,21.875
19:35:30:723,0.1126,0.3274,7.0175,38.4196,-0.1185,-0.0204,0.4327,21.5
19:35:30:745,0.6226,0.5609,6.1879,37.0496,-0.3689,-0.1804,0.4354,21.0938
19:35:30:767,0.279,0.4842,7.6891,37.5975,-0.4256,-0.3138,0.4569,21.0938
19:35:30:786,-0.2118,0.4004,9.2621,36.7759,-0.2527,-0.3397,0.5853,20.0938
19:35:30:805,0.194,0.5082,9.3136,37.998,0.1313,-0.2539,0.8,19.0938
19:35:30:834,1.0021,1.2085,7.5047,37.393,0.3848,-0.2385,0.9182,18.4062
19:35:30:848,1.9969,1.7544,6.7482,37.4746,0.2831,-0.3801,0.8535,17.4844
19:35:30:864,2.5499,2.2093,7.6544,37.417,-0.0043,-0.4821,0.634,16.9688
19:35:30:882,2.4853,2.0189,9.6918,35.4661,-0.2091,-0.4667,0.3571,16.5
19:35:30:903,1.518,1.6071,11.0134,37.36,-0.2181,-0.2598,0.181,15.5156
19:35:30:924,0.8967,1.3378,11.1846,38.4464,-0.0938,-0.051,0.1853,14.7969
19:35:30:949,1.1003,1.2552,10.4855,36.9969,-0.0005,-0.048,0.2426,14.3906
19:35:30:967,1.6868,1.1642,10.7896,36.9972,-0.0525,-0.2686,0.2378,14.2031
19:35:30:984,1.9825,0.6123,11.7952,35.6249,-0.135,-0.4073,0.1746,13.9844
19:35:31:002,1.8939,-0.0078,12.9779,37.5149,-0.1731,-0.3618,0.1856,13.7188
19:35:31:024,2.192,-0.5237,13.1886,36.788,-0.1113,-0.1413,0.3009,13.4531
19:35:31:051,2.8301,-0.5154,12.1591,36.7515,-0.0506,0.0574,0.3898,13.25
19:35:31:065,3.4873,-0.349,11.2193,37.6518,-0.0668,0.0417,0.3328,13.0469
19:35:31:083,3.7458,-0.3956,11.0146,38.9767,-0.1161,-0.1245,0.1398,12.2812
19:35:31:102,3.3592,-0.6602,11.7293,38.3539,-0.13,-0.2294,-0.068,12.0781
19:35:31:122,2.7534,-1.0217,11.9675,37.9807,0.008,-0.0619,-0.1604,11.7969
19:35:31:149,2.5631,-0.9128,10.2688,38.4171,0.2003,0.2287,-0.1412,11.7656
19:35:31:167,3.4561,-0.6578,8.2852,38.0699,0.212,0.2465,-0.1601,11.9062
19:35:31:183,4.5443,-0.6327,7.4209,39.1698,-0.0557,-0.0046,-0.3676,12.0938
19:35:31:203,4.5862,-0.744,8.9389,39.3345,-0.4597,-0.1974,-0.7138,12.2344
19:35:31:223,3.3149,-1.1761,10.4843,38.9722,-0.6586,0.0793,-1.0089,12.5
19:35:31:252,1.3756,-1.2935,10.2868,38.7693,-0.5984,0.5935,-1.0632,13.1094
19:35:31:268,0.2084,-0.9702,8.5773,38.553,-0.4176,0.8761,-0.8677,14.1406
19:35:31:285,0.0923,-0.2137,7.0343,38.8468,-0.2527,0.6976,-0.6019,15.3594
19:35:31:303,0.6166,0.6219,6.6596,38.6145,-0.1539,0.2873,-0.424,16.5156
19:35:31:323,1.214,1.2588,7.0882,38.915,-0.0365,-0.0558,-0.3654,16.9844
19:35:31:343,1.7191,1.7496,7.0043,39.8934,0.0855,-0.1801,-0.394,17.7031
19:35:31:364,1.8389,2.0261,6.9026,39.1185,0.1108,-0.1522,-0.4786,18.1719
19:35:31:383,1.7634,2.1015,7.4593,41.652,0.0455,-0.1298,-0.5601,18.5938
19:35:31:403,1.6389,1.9902,8.7426,41.4279,0.0029,-0.0627,-0.6169,19.2969
19:35:31:423,1.5204,1.9339,9.7792,39.8232,0.0778,0.0641,-0.6382,19.8594
19:35:31:449,1.2894,1.8669,10.2796,41.8181,0.2171,0.2055,-0.6488,20.5312
19:35:31:467,0.9961,1.6945,10.0761,40.0809,0.3337,0.3291,-0.6363,21.25
19:35:31:489,0.6441,1.5963,9.8439,41.1321,0.3358,0.3861,-0.6089,21.9531
19:35:31:503,0.1845,1.4204,10.3215,42.981,0.2834,0.393,-0.5513,22.7031
19:35:31:525,-0.1771,1.2743,10.7704,43.777,0.2868,0.3424,-0.4541,23.4062
19:35:31:549,-0.4668,1.0122,11.114,41.9336,0.3177,0.1973,-0.3372,24.0625
19:35:31:565,-0.6404,0.6566,11.5019,41.6582,0.3406,0.0849,-0.1918,24.6406
19:35:31:585,-0.4727,0.3478,11.3355,42.6767,0.2996,0.1232,-0.0416,25.1094
19:35:31:603,-0.3004,0.2867,10.8889,42.4496,0.1033,0.2409,0.0798,25.4062
19:35:31:623,0.0612,0.3669,11.466,44.4426,-0.192,0.3253,0.1824,25.5312
19:35:31:650,0.1857,0.319,12.3255,43.5857,-0.3475,0.3703,0.2103,25.5
19:35:31:666,-0.1567,-0.088,12.6559,43.918,-0.3025,0.267,0.2311,25.3594
19:35:31:683,-0.7014,-0.6554,12.5218,44.3916,-0.119,0.0758,0.3235,25
19:35:31:703,-0.936,-0.7931,11.5545,45.4907,0.1534,0.0055,0.5286,24.75
19:35:31:725,-0.4308,-0.5525,9.2094,46.242,0.335,-0.0281,0.7022,24.3594
19:35:31:749,0.2252,-0.4603,7.3874,46.4195,0.2211,-0.198,0.7193,23.7969
19:35:31:769,0.5592,-0.5489,7.4018,45.8883,-0.1228,-0.4156,0.6319,23
19:35:31:783,0.5987,-0.744,8.8778,47.9548,-0.4077,-0.4739,0.5366,22.1719
19:35:31:803,0.6035,-0.6985,9.7505,47.5716,-0.5023,-0.2744,0.4913,21.7969
19:35:31:823,0.5783,-0.6734,9.7864,47.3548,-0.4879,0.0161,0.4577,21.1719
19:35:31:849,0.558,-0.5537,9.7337,46.9062,-0.4045,0.247,0.4559,20.5781
19:35:31:866,0.5652,-0.319,9.8427,48.4108,-0.1912,0.3525,0.4812,20.0312
19:35:31:884,0.7172,-0.0545,8.7641,49.179,0.1489,0.3693,0.536,19.5469
19:35:31:902,1.05,0.7153,7.2917,46.854,0.4011,0.2039,0.5523,19.0156
19:35:31:923,1.4654,1.4539,6.5734,49.4564,0.493,-0.0654,0.4647,18.4375
19:35:31:953,1.6054,1.8729,6.4166,49.1591,0.4796,-0.3428,0.2905,17.5469
19:35:31:970,1.4881,1.8262,6.7075,48.245,0.3659,-0.5136,0.1243,17.0156
19:35:31:984,0.9769,1.6346,7.3922,48.877,0.1955,-0.5218,0.0236,16.6875
19:35:32:007,0.2084,1.1486,8.6707,51.0043,0.0405,-0.431,0.0609,16.5469
19:35:32:021,-0.0933,0.817,10.1288,50.362,-0.0202,-0.2875,0.2692,16.5312
19:35:32:043,0.4909,1.1127,11.0398,49.7456,0.0549,-0.1705,0.4945,16.4531
19:35:32:066,1.3756,1.5748,10.8554,49.3658,0.1832,-0.1309,0.5656,16.1406
19:35:32:083,2.1226,1.8453,10.3287,51.2962,0.2171,-0.2227,0.4703,15.6094
19:35:32:102,2.4685,1.6023,10.2413,52.3459,0.114,-0.35,0.2671,14.9531
19:35:32:123,2.2219,0.9212,10.8925,52.7475,-0.0759,-0.4283,0.0894,14.4062
19:35:32:148,1.9741,-0.5584,13.0904,52.9369,-0.2466,-0.2747,0.2063,14.1094
19:35:32:165,2.7139,-0.6805,12.9192,52.1851,-0.1262,-0.1413,0.393,14.1094
19:35:32:183,3.5771,-0.1275,11.9484,51.4665,-0.0522,-0.1373,0.4721,14.0156
19:35:32:202,4.2031,0.2867,11.612,54.1985,-0.1108,-0.2571,0.3387,13.7344
19:35:32:223,4.2582,0.1239,12.4488,54.1148,-0.1787,-0.3066,0.0596,13.7344
19:35:32:248,3.607,-0.5058,13.1239,53.3471,-0.0876,-0.1572,-0.1905,13.5312
19:35:32:267,2.8636,-0.9942,12.45,53.1418,0.159,0.107,-0.2669,12.75
19:35:32:282,2.9294,-1.0816,10.2892,53.0418,0.3878,0.2713,-0.2347,12.2969
19:35:32:302,3.619,-0.8027,8.4145,52.596,0.4104,0.1277,-0.2776,12.5156
19:35:32:391,4.2774,-0.7859,7.9345,52.5199,0.2277,-0.108,-0.4816,12.8281
19:35:32:401,4.0032,-0.8924,8.3774,55.4446,0.0072,-0.0869,-0.7591,13.0625
19:35:32:401,2.8504,-0.9319,8.1644,53.0281,-0.098,0.2159,-0.9676,13.375
19:35:32:402,1.5061,-0.9044,7.2534,54.3688,-0.1209,0.4715,-1.0233,13.9062
19:35:32:402,1.105,-0.5513,6.9218,53.1352,-0.0724,0.4779,-0.9732,14.7344
19:35:32:422,1.0835,-0.325,5.2434,53.9961,-0.0573,0.6151,-0.9266,15.8438
19:35:32:448,0.4718,0.2963,4.6616,54.0638,-0.2802,0.5246,-0.8531,17.0156
19:35:32:464,0.5831,0.5297,6.1939,53.6195,-0.3507,0.1536,-0.7641,18.1406
19:35:32:483,0.4957,0.9032,7.2953,54.0681,-0.2378,-0.0235,-0.6786,20.1094
19:35:32:502,0.6741,1.2264,7.658,54.5275,-0.127,-0.0694,-0.5788,20.5781
19:35:32:521,0.8405,1.7005,8.3415,54.5745,-0.1015,-0.0611,-0.5237,21.4062
19:35:32:541,1.3085,2.0441,8.9628,54.6955,-0.0415,0.0297,-0.5364,22.0781
19:35:32:564,1.1996,2.2033,8.9664,55.2102,0.0274,0.1365,-0.6283,22.7188
19:35:32:583,0.7292,2.2595,9.2058,55.7006,0.0234,0.2865,-0.697,23.2969
19:35:32:607,0.2587,2.1434,9.8223,54.8218,0.0591,0.3594,-0.6962,23.9375
19:35:32:621,-0.2309,2.0429,9.8379,56.6036,0.1585,0.2628,-0.6406,24.7031
19:35:32:642,-0.8271,1.904,10.13,57.3788,0.1382,0.144,-0.5274,25.5156
19:35:32:667,-1.2521,1.6418,11.2074,57.3788,0.0527,0.0606,-0.3279,26.25
19:35:32:682,-0.7816,1.5676,12.3027,56.0762,-0.0019,0.1496,-0.0789,26.9219
19:35:32:702,-0.2561,1.5401,12.5721,56.866,-0.0208,0.3205,0.0652,27.2031
19:35:32:722,0.0205,1.3976,12.3973,56.5696,-0.065,0.3285,0.1275,27.5781
19:35:32:742,0.1809,1.3102,12.8438,56.7514,-0.1481,0.1978,0.1712,27.6719
19:35:32:768,0.2946,1.09,13.428,57.9575,-0.151,0.1168,0.1944,27.5938
19:35:32:787,0.0528,0.7272,13.1742,58.2031,-0.0724,0.1261,0.2204,27.4531
19:35:32:804,-0.2992,0.3753,12.6092,58.9644,0.0354,0.1562,0.3019,27.1562
19:35:32:822,-0.3997,0.0425,11.8095,57.6682,0.1832,0.2449,0.4423,26.9219
19:35:32:843,-0.1795,-0.0856,9.7577,56.4604,0.3175,0.2976,0.572,26.6406
19:35:32:865,0.042,-0.1873,7.8495,57.5716,0.2525,0.0289,0.5975,26.2188
19:35:32:882,0.0815,-0.4818,7.974,58.5665,-0.0123,-0.4116,0.556,25.6562
19:35:32:902,-0.0609,-0.9128,9.389,58.3902,-0.2285,-0.6883,0.548,24.9844
19:35:32:922,-0.3075,-0.9822,10.3431,57.5417,-0.2961,-0.6784,0.6314,24.3281
19:35:32:943,-0.2681,-0.8781,10.5969,58.8363,-0.2139,-0.4536,0.7621,23.7344
19:35:32:964,-0.0741,-0.6063,9.3974,58.5021,-0.0197,-0.2462,0.8857,23.0781
19:35:32:982,0.3963,-0.1299,8.0865,59.8837,0.1222,-0.2052,0.9827,22.2812
19:35:33:002,1.2918,0.416,8.1584,60.2658,0.1965,-0.2153,0.9776,21.3594
19:35:33:022,2.1525,0.8027,9.4979,58.9976,0.3422,-0.0563,0.8085,20.2812
19:35:33:042,1.7503,0.7691,9.3375,61.1433,0.6645,0.2731,0.56,19.1406
19:35:33:065,0.5855,0.6135,7.087,60.5414,0.8983,0.4825,0.4524,18.0938
19:35:33:083,-0.0274,0.7967,5.0603,60.6136,0.8165,0.4793,0.5238,17.0625
19:35:33:108,0.1581,1.2612,4.7059,60.6826,0.5153,0.2718,0.6436,16.5312
19:35:33:121,0.8297,1.6789,5.7007,61.7403,0.2085,-0.0225,0.6948,15.9219
19:35:33:143,1.5288,2.1578,7.2821,61.0274,-0.0088,-0.2691,0.637,15.2188
19:35:33:168,2.1752,2.3182,9.4034,60.8635,-0.1084,-0.3801,0.4708,14.4219
19:35:33:186,2.1669,2.1518,10.5921,62.1741,-0.0485,-0.3184,0.2535,14.0469
19:35:33:203,1.6904,1.9782,10.5861,62.5336,-0.017,-0.1301,0.0867,13.4531
19:35:33:222,1.4067,1.5389,10.3981,62.9656,-0.1196,-0.0108,0.0047,13.0469
19:35:33:243,1.5923,1.1714,11.1272,62.7089,-0.2991,-0.0411,-0.0072,12.875
19:35:33:269,1.8041,0.7572,12.5433,62.7117,-0.3816,-0.1341,-0.0094,12.8281
19:35:33:288,1.8616,0.319,13.4855,64.4562,-0.2812,-0.1588,0.0497,12.8438
19:35:33:302,2.465,0.0485,12.9049,63.767,-0.0927,-0.1325,0.1738,12.8594
19:35:33:323,3.2083,0.258,11.5641,64.5397,-0.0423,-0.1317,0.2063,12.8125
19:35:33:341,3.5663,0.3585,11.0589,63.7651,-0.1768,-0.194,0.079,12.625
19:35:33:362,3.2921,0.1395,11.6551,64.9697,-0.359,-0.1889,-0.1167,12.3906
19:35:33:385,2.5978,-0.3837,12.8211,64.1493,-0.4053,-0.063,-0.2376,12.3125
19:35:33:407,2.0771,-0.6997,12.8869,63.6321,-0.2037,0.1642,-0.2158,12.4531
19:35:33:423,2.2782,-0.6386,11.0769,64.4465,0.1183,0.2508,-0.1234,12.7344
19:35:33:449,3.0791,-0.1742,8.782,63.5047,0.2962,-0.0241,-0.1212,12.9688
19:35:33:468,3.8596,-0.009,7.7549,64.8411,0.2043,-0.427,-0.2994,13.1094
19:35:33:483,3.9158,-0.155,8.205,63.6437,-0.0706,-0.5383,-0.5828,13.2344
19:35:33:507,3.1257,-0.3442,8.7078,64.6951,-0.2908,-0.2259,-0.8387,13.5781
19:35:33:521,1.8796,-0.337,8.0183,64.3778,-0.3758,0.2425,-0.9761,14.2656
19:35:33:543,0.2587,0.1191,5.8934,65.0991,-0.4261,0.5243,-0.9727,15.1875
19:35:33:570,0.2204,0.4675,5.7953,64.4737,-0.4173,0.1269,-0.7426,16.3125
19:35:33:585,0.3114,0.7596,6.2466,64.9554,-0.3539,-0.1903,-0.672,17.4375
19:35:33:605,0.3317,0.926,6.8499,64.5235,-0.2993,-0.3064,-0.6195,18.375
19:35:33:633,0.2407,1.1666,7.4808,65.9091,-0.2897,-0.2225,-0.5426,20.0156
19:35:33:643,0.4658,1.5101,8.0566,65.1579,-0.2874,-0.0414,-0.4307,20.0156
19:35:33:670,1.0296,1.9363,8.4205,65.5666,-0.2565,0.0601,-0.3772,20.6875
19:35:33:685,1.3684,2.3745,9.1974,65.1795,-0.2333,0.0526,-0.4209,21.3125
19:35:33:702,1.5899,2.5433,10.0917,65.993,-0.1702,0.087,-0.5292,21.8125
19:35:33:721,1.0596,2.3828,10.8518,68.398,-0.0847,0.1427,-0.644,22.2344
19:35:33:741,-0.0921,1.9902,11.6383,66.2598,0.0328,0.2345,-0.6336,22.7031
19:35:33:767,-1.4592,1.4958,12.4021,66.6879,0.2328,0.1759,-0.419,23.3125
19:35:33:787,-1.3897,1.2504,12.6978,64.5636,0.5217,-0.0006,-0.0326,24.0625
19:35:33:801,-0.3854,1.509,12.2896,66.1826,0.783,-0.2041,0.2708,24.75
19:35:33:821,0.5376,2.0369,11.454,65.164,0.8003,-0.2526,0.3555,25.2344
19:35:33:841,0.9255,1.8118,11.2206,66.3463,0.5404,-0.1495,0.2742,25.125
19:35:33:868,0.722,1.2827,11.6347,65.8065,0.1491,0.0255,0.234,24.75
19:35:33:886,0.315,0.8122,12.8091,65.8278,-0.1577,0.1429,0.3259,24.3594
19:35:33:904,0.382,0.4148,13.3789,65.186,-0.1883,0.2678,0.5073,24.0781
19:35:33:925,0.6741,0.2257,12.7421,63.8143,-0.0168,0.2622,0.666,23.7969
19:35:33:940,0.9351,0.1287,11.7964,64.2182,0.1918,0.1147,0.7518,23.3281
19:35:33:962,0.9913,-0.1227,10.2629,64.0038,0.3795,0.0891,0.7288,22.6562
19:35:33:984,0.5771,-0.4088,8.1428,63.2112,0.3859,0.1368,0.6641,21.8281
19:35:34:001,0.4395,-0.6051,6.9768,62.0629,0.1393,0.0393,0.6263,21
19:35:34:022,0.4263,-0.5285,7.4784,62.4072,-0.2328,-0.1799,0.589,20.5938
19:35:34:042,0.9039,-0.4734,8.9868,62.7761,-0.546,-0.3535,0.5845,19.8281
19:35:34:067,1.5719,-0.3633,10.8698,62.5963,-0.6583,-0.3548,0.5214,19.1094
19:35:34:085,1.3947,-0.0844,11.6216,60.9279,-0.4581,-0.129,0.396,18.4688
19:35:34:102,0.9746,-0.0305,10.2784,63.347,-0.1113,0.1501,0.3438,17.8125
19:35:34:122,0.8943,0.1059,7.9465,61.6688,0.1297,0.3397,0.3794,17.2344
19:35:34:142,1.3002,0.4639,5.9749,61.0025,0.1611,0.2415,0.4165,16.6094
19:35:34:167,1.7204,0.8458,6.1185,62.0488,0.02,-0.064,0.385,16.2031
19:35:34:184,1.8233,1.0074,7.6783,62.464,0.0021,-0.2941,0.3147,15.75
19:35:34:203,1.6785,0.8577,8.6025,62.3405,0.2352,-0.3628,0.2497,15.3125
19:35:34:226,1.5384,0.8338,8.0686,61.8615,0.4716,-0.2755,0.2348,14.8906
19:35:34:251,1.3708,0.9954,6.7889,61.4356,0.4852,-0.0896,0.2399,14.5781
19:35:34:269,0.8489,1.1438,6.6033,61.1887,0.2527,-0.0661,0.278,14.3125
19:35:34:291,0.8524,1.3617,7.8292,60.8644,0.0621,-0.1559,0.3733,14.0312
19:35:34:301,1.3038,1.5365,8.9065,60.8363,0.0477,-0.2648,0.4125,13.7344
19:35:34:327,1.7251,1.716,9.5278,60.9862,0.089,-0.3551,0.376,13.375
19:35:34:340,1.8532,1.6442,9.9205,58.4467,0.0692,-0.3998,0.2719,12.9062
19:35:34:361,1.9394,1.2827,10.4269,60.6827,-0.0392,-0.414,0.192,12.4531
19:35:34:382,2.1142,0.6375,11.2565,60.8803,-0.2149,-0.4449,0.1576,12.0781
19:35:34:486,2.5224,-0.149,13.0581,60.0255,-0.3555,-0.4568,0.1983,11.8438
19:35:34:486,3.3712,-0.7751,13.9966,60.4529,-0.3153,-0.2475,0.2729,11.6562
19:35:34:487,3.9518,-0.6602,12.8271,59.8715,-0.216,0.0982,0.2686,11.375
19:35:34:487,4.0152,-0.4794,11.3594,58.6426,-0.2471,0.1413,0.1038,11.0938
19:35:34:487,3.4382,-0.7045,11.0194,59.4985,-0.3747,-0.0201,-0.1106,10.7969
19:35:34:506,2.7846,-1.1977,12.0681,59.4193,-0.4341,-0.1761,-0.2153,10.6875
19:35:34:521,2.5463,-1.5365,12.8019,58.335,-0.2937,-0.1205,-0.1615,10.7344
19:35:34:541,2.8696,-1.3342,11.7975,58.871,-0.0586,0.0785,-0.0584,10.9688
19:35:34:569,3.7961,-1.0923,9.9851,58.1443,0.0312,0.1304,-0.0334,11.2031
19:35:34:583,4.512,-0.9583,9.1029,57.0629,-0.0695,0.0265,-0.1529,11.3438
19:35:34:601,4.5467,-0.8637,8.9125,57.5858,-0.2184,0.0548,-0.3423,11.375
19:35:34:621,4.0499,-0.6411,8.3858,57.8255,-0.3145,0.2798,-0.5417,11.4688
19:35:34:642,3.2024,-0.3777,7.2988,56.3616,-0.3609,0.5075,-0.7023,11.75
19:35:34:667,2.374,-0.1203,6.4046,57.7926,-0.3824,0.556,-0.7708,12.25
19:35:34:684,1.9191,0.2245,6.2849,56.2852,-0.3454,0.3714,-0.766,13
19:35:34:701,1.6509,0.5776,6.4704,56.816,-0.216,0.1498,-0.7375,13.8906
19:35:34:727,1.5599,0.8649,6.3268,55.06,-0.0642,0.0313,-0.6821,15.2188
19:35:34:740,1.7359,1.1714,5.9198,56.2631,-0.0101,0.0489,-0.627,15.2188
19:35:34:762,2.1429,1.6634,5.5319,56.2631,-0.1039,0.1301,-0.6326,16.8438
19:35:34:787,2.4147,2.0261,5.9629,54.432,-0.3103,0.0521,-0.7524,17.5625
19:35:34:800,1.8053,2.0045,7.9764,54.871,-0.474,-0.0725,-0.9032,18.2656
19:35:34:821,1.0476,1.4862,9.9971,54.5799,-0.4005,-0.1223,-0.9308,19.1406
19:35:34:841,0.7483,1.2492,11.2062,53.5924,-0.1531,-0.0856,-0.8283,20.1875
19:35:34:868,0.8967,1.3366,11.4157,54.1238,0.0328,0.0934,-0.7218,21.2031
19:35:34:884,0.9746,1.2372,11.3594,55.0993,0.0565,0.324,-0.6738,22.1562
19:35:34:901,0.6346,0.9559,11.7592,54.5956,-0.0309,0.4566,-0.6201,22.9844
19:35:34:925,0.3521,0.4998,12.7433,51.7217,-0.0719,0.4241,-0.4813,23.7344
19:35:34:950,0.5173,-0.3526,13.8242,51.9233,0.2314,0.2287,-0.0869,24.4531
19:35:34:968,0.546,-0.2245,12.4907,52.0168,0.3204,0.2273,0.0806,24.4531
19:35:34:988,0.5233,0.0389,11.5246,52.4386,0.1558,0.2204,0.1379,25.375
19:35:35:002,-0.2848,-0.3226,11.6814,53.3077,-0.1158,0.1959,0.0569,25.4531
19:35:35:024,-1.6543,-1.1211,12.5266,53.0663,-0.2802,0.148,0.0846,25.3906
19:35:35:040,-2.4671,-1.7867,13.2484,52.5738,-0.1792,0.1725,0.3499,25.2344
19:35:35:060,-2.1571,-1.8537,12.031,50.8175,0.1627,0.3229,0.7509,25.1875
19:35:35:086,-1.094,-1.2121,9.0682,51.0604,0.4,0.3746,1.0537,25.0938
19:35:35:102,0.4083,-0.7177,7.1959,51.4933,0.302,0.1411,1.1304,24.7031
19:35:35:120,1.299,-0.5094,7.0953,51.741,0.0205,-0.1522,0.9792,23.9062
19:35:35:140,1.2738,-0.7249,8.326,52.3663,-0.2402,-0.321,0.7699,22.7188
19:35:35:169,1.056,-1.1151,9.3854,50.6572,-0.3459,-0.2885,0.6663,21.4219
19:35:35:184,0.54,-1.1175,9.8319,50.4871,-0.2826,-0.1985,0.6796,20.2969
19:35:35:200,0.4347,-1.0074,9.6021,52.0223,-0.1041,-0.1064,0.7821,19.4531
19:35:35:220,0.5747,-0.6686,8.3918,49.349,0.1119,0.0289,0.9025,18.6719
19:35:35:240,1.0284,-0.2759,6.6596,51.0149,0.2176,0.1485,0.9914,17.8906
19:35:35:260,1.6042,0.1862,5.2506,50.1639,0.1606,0.1315,1.004,17.0312
19:35:35:285,1.9514,0.4866,4.9717,51.5167,-0.0133,-0.0752,0.9267,15.4531
19:35:35:304,1.8293,0.5764,6.2382,50.1336,-0.1888,-0.3061,0.8218,14.2969
19:35:35:320,1.7503,0.4938,7.7035,50.8833,-0.2051,-0.3964,0.7704,13.2344
19:35:35:341,1.7599,0.5525,9.0251,50.3529,-0.0599,-0.467,0.7584,12.2344
19:35:35:366,2.0101,0.7129,9.5626,51.6324,0.1377,-0.4646,0.7462,11.3125
19:35:35:383,1.8041,1.0397,9.7577,49.3656,0.2304,-0.3857,0.6942,10.4688
19:35:35:401,1.6186,1.1917,10.1456,51.0634,0.1739,-0.3575,0.6431,9.5781
19:35:35:427,1.9442,1.2839,11.2217,50.5862,-0.0405,-0.2158,0.5739,8.7344
19:35:35:440,2.2698,1.424,12.9288,50.4554,-0.3017,0.1807,0.4431,7.9375
19:35:35:462,2.5224,1.1881,14.1283,50.0426,-0.3705,0.5211,0.2577,7.6094
19:35:35:487,2.374,0.5142,14.4336,51.3218,-0.2021,0.5142,0.0503,6.9375
19:35:35:502,1.9945,-0.3717,14.1678,49.5498,0.1023,0.1914,-0.0616,6.4531
19:35:35:524,1.8329,-1.0086,13.1898,50.5663,0.3965,-0.0848,-0.0262,6.1875
19:35:35:539,2.2303,-1.1295,11.7137,51.7831,0.4876,-0.1445,0.0689,6.1719
19:35:35:561,2.6625,-0.8889,10.634,48.6849,0.3731,-0.0885,0.087,6.25
19:35:35:587,2.8564,-0.744,10.4532,52.3955,0.1758,-0.0552,0.0143,6.2344
19:35:35:602,2.7786,-0.8924,11.509,53.1317,0.0972,-0.0747,-0.0512,6.125
19:35:35:620,2.8205,-1.2911,12.0082,51.4673,0.3369,0.0151,-0.0853,6.0469
19:35:35:643,2.6816,-1.5113,10.0342,52.7171,0.7105,0.1565,-0.1127,6.0781
19:35:35:666,3.3688,-1.5281,7.5059,53.5691,0.837,0.0715,-0.1037,6.1406
19:35:35:683,4.8101,-1.3306,6.1041,51.6742,0.5987,-0.2856,-0.2339,6.25
19:35:35:700,5.6361,-1.1007,6.9349,51.4281,0.1273,-0.6952,-0.6299,6.375
19:35:35:720,5.0291,-1.5113,8.9425,52.6486,-0.2629,-0.6462,-1.1239,6.5156
19:35:35:740,2.9737,-1.7556,9.3327,53.6911,-0.3651,-0.0891,-1.455,6.9531
19:35:35:766,0.9829,-1.7496,7.8519,51.649,-0.3406,0.499,-1.4965,7.9688
19:35:35:785,-0.1256,-1.3928,5.9988,53.243,-0.3992,0.7586,-1.3066,9.5
19:35:35:800,-0.2956,-0.7045,5.5439,53.7163,-0.4937,0.5256,-1.0273,11.1562
19:35:35:827,0.4227,-0.0497,6.2226,53.7841,-0.478,0.1165,-0.8342,12.7969
19:35:35:840,0.9853,0.4124,6.9864,53.5638,-0.3217,-0.1905,-0.7793,14.6562
19:35:35:860,0.935,0.9044,6.9565,53.4134,-0.1462,-0.2946,-0.7607,15.625
19:35:35:886,1.032,1.2683,6.9158,54.9813,-0.1065,-0.2808,-0.7236,16.5156
19:35:35:901,1.214,1.6023,7.3515,55.4513,-0.1803,-0.2435,-0.7114,17.375
19:35:35:926,1.3002,1.8358,8.7078,54.6811,-0.2844,-0.2896,-0.7455,18.1562
19:35:35:940,1.0715,1.7975,10.4544,55.6964,-0.2887,-0.2443,-0.7897,18.9688
19:35:35:961,0.7028,1.7436,11.515,55.2025,-0.1545,-0.0403,-0.8035,19.3906
19:35:35:985,0.4538,1.7173,11.3869,57.0437,-0.0173,0.2697,-0.7777,20.2656
19:35:36:003,0.1521,1.7735,10.9249,55.971,0.0125,0.5514,-0.7396,21.1406
19:35:36:021,-0.6846,1.9686,10.6423,56.6317,-0.0346,0.6953,-0.7111,22.0625
19:35:36:044,-1.6938,1.9088,10.9716,57.8075,-0.0828,0.6556,-0.6312,22.9375
19:35:36:068,-2.3247,1.6921,11.4899,56.3313,-0.0554,0.5509,-0.4608,23.75
19:35:36:086,-2.3714,1.3869,11.679,58.1729,-0.017,0.4968,-0.2616,24.5781
19:35:36:104,-2.2313,1.1199,11.679,59.1328,-0.1156,0.6207,-0.0893,25.2344
19:35:36:121,-2.0314,0.7356,12.3746,59.2099,-0.3515,0.7991,0.054,25.6406
19:35:36:142,-2.333,0.1526,13.7799,59.4306,-0.5294,0.8175,0.1866,25.9062
19:35:36:167,-2.8418,-0.6794,15.6821,58.9292,-0.4304,0.6502,0.4194,25.875
19:35:36:184,-2.5808,-1.4551,16.4196,58.6097,0.0668,0.4494,0.7733,25.7031
19:35:36:200,-1.4053,-1.9411,14.0708,60.1417,0.6546,0.4343,1.094,25.25
19:35:36:220,-0.2333,-1.8848,10.4077,60.6414,0.8818,0.3376,1.1973,24.3906
19:35:36:242,0.552,-1.9746,8.369,60.3477,0.6836,-0.0052,1.0926,23.1875
19:35:36:266,0.7782,-1.9076,8.5714,60.2527,0.334,-0.3005,0.9262,21.9375
19:35:36:286,0.6022,-1.8358,8.9664,63.1978,0.0929,-0.2962,0.7688,20.7188
19:35:36:300,0.5604,-1.6047,8.8706,62.6748,-0.0328,-0.0685,0.7022,19.6719
19:35:36:321,0.5831,-1.4754,8.2613,62.3774,-0.0317,0.1211,0.6633,18.8281
19:35:36:343,0.6525,-1.0672,6.3471,63.2364,0.0549,0.1584,0.6814,18.0156
19:35:36:368,1.1445,-0.6674,5.8096,62.9673,-0.0088,0.1104,0.7621,17.6406
19:35:36:384,1.3205,-0.325,6.0084,62.9749,-0.2128,0.1834,0.694,16.5312
19:35:36:402,1.2032,0.0365,6.5435,62.6632,-0.3752,0.345,0.6008,15.6719
19:35:36:421,0.9123,0.0629,6.9218,62.8631,-0.4341,0.5208,0.527,14
19:35:36:440,0.4837,0.0341,6.7458,64.284,-0.3569,0.5403,0.5233,14
19:35:36:463,0.4395,0.3286,6.249,63.088,-0.2959,0.2968,0.568,13.3438
19:35:36:485,0.8046,0.5357,6.8392,63.4389,-0.3779,-0.0949,0.5461,12.7188
19:35:36:500,0.7471,0.5644,8.5869,65.4345,-0.4804,-0.3141,0.4625,12.1094
19:35:36:575,0.4837,0.6722,10.3766,65.3254,-0.4709,-0.2606,0.3943,11.4844
19:35:36:575,0.3401,0.7751,11.5617,66.6989,-0.3193,-0.0166,0.3352,10.8281
19:35:36:576,0.4023,0.9056,10.9488,66.461,-0.138,0.234,0.2146,10.25
19:35:36:587,0.3916,0.8757,10.2832,65.8146,-0.171,0.1935,0.0263,9.7812
19:35:36:602,0.2611,0.3346,11.9352,66.6008,-0.2956,-0.2036,-0.1886,9.375
19:35:36:619,-0.3171,-0.75,14.2803,66.9476,-0.1784,-0.4752,-0.2776,9.1406
19:35:36:639,-0.3339,-1.661,14.6502,67.2473,0.0802,-0.366,-0.1242,9.1719
19:35:36:660,0.4801,-1.5748,13.5489,68.4374,0.2242,-0.1591,0.0769,9.4219
19:35:36:683,1.2978,-1.169,12.7181,68.1984,0.1766,-0.1221,0.0881,9.6562
19:35:36:701,1.6617,-1.1881,12.8905,67.1914,0.065,-0.2563,-0.0475,9.6562
19:35:36:728,1.5312,-1.6418,14.3186,68.85,0.1057,-0.4073,-0.1726,9.5469
19:35:36:740,1.354,-2.0656,14.6706,68.2457,0.4194,-0.2899,-0.1718,9.5
19:35:36:760,1.7263,-1.9818,12.7469,69.7158,0.836,-0.0472,-0.0579,9.6406
19:35:36:782,2.9019,-1.3916,9.9217,69.8873,1.0101,0.0324,-0.0374,9.8281
19:35:36:801,3.8141,-0.9918,8.0913,69.01,0.8658,-0.0675,-0.2456,9.9844
19:35:36:819,3.8201,-0.7691,7.3874,68.3677,0.583,-0.1543,-0.5905,10.0625
19:35:36:840,2.7618,-0.7117,6.9565,70.2693,0.3257,-0.1029,-0.9215,10.1094
19:35:36:860,1.4666,-0.6805,6.4417,70.2693,0.1422,0.0305,-1.0858,10.4219
19:35:36:884,0.5209,-0.5848,5.8276,69.8054,0.0139,0.1395,-1.0784,11.125
19:35:36:902,-0.0131,-0.3358,5.5188,68.4175,-0.0674,0.1328,-0.9415,12.1875
19:35:36:920,0.1067,0.1778,5.6935,70.7631,-0.089,0.0399,-0.7529,13.375
19:35:36:939,0.6022,0.677,6.0742,70.2914,-0.0368,-0.0611,-0.6371,14.6094
19:35:36:960,0.8321,1.0852,6.3867,70.479,0.0597,-0.1226,-0.6312,16.1406
19:35:36:985,0.5819,1.4276,6.5483,70.3885,0.1654,-0.1578,-0.676,16.875
19:35:37:002,-0.1088,1.6047,6.7661,69.9774,0.2147,-0.2278,-0.6957,17.5938
19:35:37:020,-0.3973,1.74,7.4185,71.1766,0.2218,-0.3594,-0.6531,18.3438
19:35:37:043,-0.2321,2.0584,8.551,71.0689,0.1939,-0.4592,-0.6243,19.1094
19:35:37:068,-0.0178,2.305,9.8798,70.9794,0.1491,-0.4481,-0.6616,19.875
19:35:37:084,-0.0621,2.1458,11.5701,71.7099,0.1414,-0.3088,-0.7537,20.6094
19:35:37:101,-0.5685,1.7268,12.5362,70.9827,0.2373,0.0683,-0.794,21.3438
19:35:37:119,-1.4424,1.4323,11.5473,72.9413,0.3337,0.5003,-0.7117,22.1094
19:35:37:146,-1.8075,1.3857,10.6771,72.4255,0.2509,0.6662,-0.497,23.0156
19:35:37:168,-1.4999,1.4587,10.9811,72.1376,0.1526,0.6087,-0.2595,23.9062
19:35:37:185,-1.033,1.3701,11.0338,74.2685,0.1574,0.4681,-0.1002,24.5781
19:35:37:202,-0.632,1.066,10.5119,73.9458,0.0943,0.3208,0.0034,25.0156
19:35:37:219,-0.7062,1.1355,10.9584,74.125,-0.1425,0.1948,0.1019,25.2031
19:35:37:239,-0.6296,1.3174,12.28,74.6174,-0.3113,0.0755,0.229,25.2344
19:35:37:259,-0.4165,1.0241,12.9899,74.864,-0.2687,-0.0829,0.3145,25.125
19:35:37:283,-0.3243,0.4268,13.3155,74.3725,-0.1015,-0.3042,0.3738,24.8438
19:35:37:299,-0.2788,-0.0389,13.082,74.7674,0.1537,-0.2289,0.434,24.4844
19:35:37:320,-0.5757,-0.1095,10.5274,74.1714,0.38,0.1176,0.4761,24.2812
19:35:37:342,-0.6068,-0.2604,7.6328,74.8615,0.3217,0.2124,0.478,23.8125
19:35:37:368,-0.6152,-0.5692,6.1472,74.5305,-0.0192,-0.0363,0.4167,23.2969
19:35:37:385,-0.6667,-1.0098,6.7087,74.555,-0.437,-0.4976,0.3595,22.7969
19:35:37:400,-0.7325,-1.2935,8.5881,74.6419,-0.7052,-0.8185,0.3624,22.2812
19:35:37:426,-0.8319,-1.1319,10.0151,75.2263,-0.7246,-0.7479,0.4668,21.8438
19:35:37:439,-0.5577,-0.7907,9.9816,75.1621,-0.5241,-0.4193,0.6663,21.4219
19:35:37:462,0.2946,-0.3286,8.3978,76.8382,-0.3159,-0.1817,0.8444,20.9531
19:35:37:484,1.3445,0.2304,7.2605,76.1961,-0.3145,-0.1823,0.894,20.2969
19:35:37:503,2.1657,0.7584,7.8423,76.8331,-0.4416,-0.2888,0.7845,19.4062
19:35:37:520,2.0412,0.8434,9.3411,76.8172,-0.3899,-0.3548,0.5739,17.9219
19:35:37:543,1.1422,0.653,9.7385,77.7827,-0.1071,-0.2779,0.4418,17.0156
19:35:37:558,0.5939,0.4304,8.6097,76.5699,0.1755,-0.1165,0.4769,16.3438
19:35:37:582,0.7902,0.6494,7.3743,76.5965,0.2519,-0.0563,0.5632,15.8594
19:35:37:603,1.3361,1.0397,6.9553,77.4946,0.1593,-0.0853,0.552,15.3125
19:35:37:624,1.36,1.1774,7.5826,77.2258,-0.0051,-0.2068,0.4364,14.6562
19:35:37:639,1.1541,1.0361,8.9329,77.748,-0.1047,-0.3527,0.3387,14.0625
19:35:37:662,0.7986,0.8972,10.5765,78.5016,-0.0852,-0.4078,0.3097,13.5625
19:35:37:686,0.9087,0.8829,11.3127,77.7339,0.0621,-0.3101,0.3328,13.1562
19:35:37:702,1.1062,0.8673,10.464,77.6016,0.1574,-0.1799,0.3126,12.7969
19:35:37:720,1.1769,0.5082,10.2796,77.0688,0.0152,-0.157,0.2852,12.4219
19:35:37:744,1.4163,-0.0581,12.8366,77.0009,-0.1971,-0.1221,0.2889,12.0625
19:35:37:769,1.6772,-0.1742,13.1335,78.3264,-0.2692,0.0042,0.3262,12.0625
19:35:37:786,2.38,-0.2927,12.0681,78.6327,-0.1364,0.1991,0.401,11.4219
19:35:37:801,2.7941,-0.3573,10.6304,78.0264,0.1486,0.2279,0.3635,11.2344
19:35:37:819,3.1449,-0.6183,9.4321,78.5641,0.0088,0.1062,0.213,11.2344
19:35:37:840,3.4717,-0.6662,9.7529,78.7233,-0.2823,-0.0757,0.0181,10.5938
19:35:37:860,3.4454,-0.9451,11.7856,77.9752,-0.4714,-0.2065,-0.219,9.7188
19:35:37:887,2.8648,-1.4108,13.1407,78.6802,-0.3585,-0.0246,-0.3892,9.4688
19:35:37:904,2.5416,-1.6586,12.1208,78.1378,-0.074,0.2449,-0.4456,9.4531
19:35:37:920,2.7511,-1.7005,10.1432,77.5959,0.036,0.303,-0.4922,9.6875
19:35:37:942,3.097,-1.8657,9.5853,77.9706,-0.0743,0.2066,-0.6083,10.125
19:35:37:958,2.769,-1.9327,9.547,79.118,-0.1982,0.2612,-0.7476,10.6562
19:35:37:978,1.9394,-1.728,9.0849,77.0952,-0.2586,0.434,-0.8211,11.2031
19:35:38:000,1.0464,-1.4407,8.2505,76.9784,-0.2599,0.5517,-0.7878,11.9062
19:35:38:019,0.5017,-1.0289,7.3599,76.8566,-0.2242,0.5618,-0.6517,12.7656
19:35:38:038,0.5651,-0.3956,6.7961,76.3574,-0.1875,0.4681,-0.4928,13.6875
19:35:38:060,0.9195,0.2292,6.6021,76.824,-0.1361,0.3387,-0.4075,15.3906
19:35:38:084,0.9303,0.677,6.5231,77.8547,-0.0764,0.2513,-0.4049,15.6875
19:35:38:103,0.7292,0.9559,6.504,75.8491,-0.0221,0.2113,-0.4169,16.1875
19:35:38:118,0.4502,1.1821,6.3795,76.7261,0.0037,0.2271,-0.4006,16.6562
19:35:38:143,0.4694,1.3665,6.4058,77.1575,-0.0328,0.1842,-0.3692,17.1406
19:35:38:158,0.4801,1.4515,7.409,76.7611,-0.1193,0.0838,-0.375,17.625
19:35:38:182,0.2934,1.2635,8.5534,77.2847,-0.1521,0.051,-0.3902,18.0469
19:35:38:202,-0.0454,1.2181,9.7888,76.7455,-0.1619,0.096,-0.3689,18.4844
19:35:38:219,-0.1914,1.2528,11.2229,76.4039,-0.0975,0.1647,-0.3396,18.9219
19:35:38:239,-0.1962,1.0912,11.6994,76.2609,0.0272,0.279,-0.3434,19.3438
19:35:38:259,-0.3483,0.6351,11.6766,77.2529,0.049,0.3735,-0.3167,19.75
19:35:38:288,-0.3028,0.3729,12.1866,77.9481,0,0.3996,-0.2094,20.1406
19:35:38:303,-0.1052,0.3513,12.9061,76.9779,0.0304,0.3131,-0.0949,20.3594
19:35:38:319,0.4933,0.2113,12.9683,76.7505,0.127,0.263,-0.0113,20.7188
19:35:38:343,1.0069,0.2783,12.171,76.2681,0.1316,0.258,-0.0161,20.9844
19:35:38:358,1.0356,0.3442,11.9867,76.5326,-0.053,0.1096,-0.1013,21.1094
19:35:38:380,0.5999,-0.2304,13.1335,77.1506,-0.2469,-0.1855,-0.1676,21.1562
19:35:38:403,0.5376,-0.9583,15.2045,76.6832,-0.1875,-0.5804,-0.1149,21.2344
19:35:38:418,1.0739,-1.5161,16.5883,76.5711,0.2298,-0.7386,-0.0347,21.3906
19:35:38:439,1.0141,-1.8609,15.013,75.311,0.7441,-0.3831,0.0133,21.5312
19:35:38:461,0.7519,-1.7172,11.375,75.0282,1.086,0.1818,0.1086,21.5625
19:35:38:485,1.0775,-1.3425,7.5011,75.1317,1.0741,0.4761,0.1685,21.5469
19:35:38:503,1.4654,-0.999,5.247,74.2842,0.7369,0.2787,0.0734,21.5156
19:35:38:521,1.2247,-1.005,5.5056,74.7922,0.3183,-0.1708,-0.1303,21.3906
19:35:38:539,0.868,-1.3521,6.9265,74.6837,0.0724,-0.5016,-0.285,21.2812
19:35:38:559,0.2563,-1.5473,7.8699,73.6897,-0.0125,-0.5407,-0.3521,21.3438
19:35:38:586,-0.2285,-1.4216,8.1332,72.4937,-0.074,-0.423,-0.2949,21.5781
19:35:38:666,-0.1938,-1.1702,8.1955,75.3755,-0.1308,-0.2539,-0.2033,21.9531
19:35:38:666,0.0372,-0.9475,8.2206,74.5969,-0.1497,-0.1271,-0.1204,22.3281
19:35:38:667,0.358,-0.7177,7.895,75.0347,-0.0905,-0.0337,-0.0608,22.5781
19:35:38:667,0.7124,-0.2843,7.2306,74.5049,-0.0226,-0.0315,-0.0344,22.8281
19:35:38:682,1.038,0.1275,6.9625,73.1243,-0.0075,-0.1202,-0.0682,22.8906
19:35:38:703,1.5348,0.3597,7.1971,73.5426,-0.012,-0.1764,-0.1372,22.9219
19:35:38:719,2.3692,0.7943,7.9848,74.0109,0.0197,-0.178,-0.2738,23
19:35:38:739,2.9139,1.3713,8.4995,72.0669,0.1609,-0.207,-0.5101,23.1562
19:35:38:759,2.2507,1.5042,8.0638,75.2384,0.3129,-0.354,-0.8009,23.2812
19:35:38:785,0.8776,1.2635,7.4281,73.1593,0.2876,-0.4957,-0.9053,23.6875
19:35:38:802,0.5352,1.0792,7.828,74.3738,0.1017,-0.5849,-0.7719,24.4375
19:35:38:818,1.1014,1.3114,9.0107,74.9781,-0.0666,-0.5365,-0.6211,25.4531
19:35:38:839,1.7539,1.315,9.5757,74.0024,-0.1561,-0.4068,-0.5942,26.375
19:35:38:859,2.5021,0.8541,10.0462,73.5099,-0.3057,-0.3815,-0.6496,27.1562
19:35:38:887,3.2502,0.1909,11.4839,74.4917,-0.5057,-0.4201,-0.7751,27.8281
19:35:38:907,3.1006,-0.665,13.4783,73.493,-0.5992,-0.3375,-0.9234,28.5312
19:35:38:922,2.5942,-1.236,14.3917,74.0923,-0.4487,-0.0387,-0.9636,29.2969
19:35:38:938,2.6816,-1.588,12.6726,73.7983,-0.1909,0.2715,-0.917,30.8281
19:35:38:959,3.273,-1.5161,10.2234,73.7983,-0.1787,0.2047,-0.9378,31.8906
19:35:38:985,3.8165,-1.7101,9.8954,74.2707,-0.4714,-0.2182,-1.1149,32.9531
19:35:39:002,3.3616,-2.5947,12.2106,74.1977,-0.8069,-0.5604,-1.3362,34.0312
19:35:39:019,2.2375,-3.5177,14.7161,72.0573,-0.905,-0.4046,-1.3543,35.3281
19:35:39:039,1.7479,-3.6386,16.0688,73.4255,-0.5744,0.2066,-1.0944,36.7812
19:35:39:059,2.5535,-3.1897,13.3993,72.6797,0.1286,0.7762,-0.7777,38.3438
19:35:39:083,3.8428,-2.2152,8.7785,74.3465,0.6163,0.7728,-0.6659,39.6406
19:35:39:101,5.0064,-1.2599,5.5666,72.9529,0.6141,0.3219,-0.8451,40.5312
19:35:39:119,5.2087,-0.7021,4.7191,73.755,0.2328,-0.1309,-1.2728,41.3125
19:35:39:140,2.9761,-0.9858,6.5183,72.6877,-0.4874,0.0625,-2.0105,42.2812
19:35:39:159,1.8568,-1.072,6.3759,72.9846,-0.612,0.349,-2.1122,43.6562
19:35:39:184,1.0967,-1.0038,6.5088,73.9862,-0.7012,0.4913,-2.0845,45.625
19:35:39:202,0.7866,-0.7859,7.0319,72.0568,-0.6573,0.3879,-1.9977,49.1719
19:35:39:223,0.5699,-0.5644,7.6281,73.7489,-0.498,0.1781,-1.9255,52.7188
19:35:39:239,0.3042,-0.3945,7.7214,71.8538,-0.3449,0.0923,-1.8416,52.7188
19:35:39:258,0.0241,-0.0772,7.8208,72.0851,-0.3262,0.1125,-1.7112,55.0469
19:35:39:284,0.0779,0.2544,8.5235,73.2918,-0.3848,0.1738,-1.5434,57.2969
19:35:39:302,0.4921,0.4962,9.6093,74.5691,-0.4123,0.2462,-1.3884,59.3125
19:35:39:318,1.0188,0.7225,10.6795,72.771,-0.3175,0.3163,-1.2834,61.2812
19:35:39:337,1.2535,1.0349,11.023,71.826,-0.1446,0.3714,-1.2289,63.0781
19:35:39:362,1.2259,1.3797,10.7441,73.508,-0.0085,0.4146,-1.1985,64.7031
19:35:39:383,0.9195,1.6754,10.6627,72.1366,0.0163,0.438,-1.1705,66.1406
19:35:39:400,0.9015,1.7364,10.932,72.3971,0.0237,0.4598,-1.1412,67.5781
19:35:39:418,0.9027,1.5975,11.1942,73.7936,0.037,0.4681,-1.1697,69
19:35:39:438,0.6705,0.9152,11.5557,72.0687,0.0613,0.4202,-1.24,70.3125
19:35:39:459,0.4035,-0.3238,11.758,71.9902,0.0482,0.3839,-1.2619,71.6562
19:35:39:483,0.3856,-1.4347,11.8107,72.232,-0.0565,0.4353,-1.1926,73.0469
19:35:39:500,0.3233,-2.0824,11.7999,72.5186,-0.2517,0.3815,-1.0877,75.1719
19:35:39:518,0.2024,-2.5444,12.7576,72.648,-0.4836,0.1376,-0.9636,76.6094
19:35:39:538,0.0384,-3.052,15.2488,72.7036,-0.5396,-0.0225,-0.8153,77.9688
19:35:39:559,-0.3291,-3.1633,16.8685,72.5937,-0.0863,0.14,-0.5939,79.1094
19:35:39:583,-0.6032,-2.9814,14.2923,73.5481,0.6783,0.5134,-0.2919,80.1406
19:35:39:601,-0.353,-2.2296,9.5063,70.6485,1.1047,0.724,0.0018,80.9688
19:35:39:621,0.3976,-1.631,5.9102,72.1781,0.9902,0.5981,0.128,81.5156
19:35:39:638,0.856,-1.394,4.7706,70.5434,0.5329,0.1512,0.0676,81.7188
19:35:39:659,1.0895,-1.4898,6.0946,70.3846,0.0495,-0.3327,-0.0523,81.6719
19:35:39:684,1.2858,-1.7771,8.047,71.6572,-0.2149,-0.5919,-0.1857,81.5938
19:35:39:700,0.9267,-1.8812,9.4129,71.4741,-0.2943,-0.5801,-0.2965,81.5781
19:35:39:718,0.2623,-1.6358,9.9696,70.8874,-0.278,-0.4108,-0.3119,81.6094
19:35:39:738,0.066,-1.2049,10.0977,72.8366,-0.2122,-0.1974,-0.231,81.7812
19:35:39:759,0.3042,-0.8613,9.7158,69.0048,-0.0938,0.071,-0.158,82.0781
19:35:39:787,0.2778,-0.4699,8.5618,68.7561,0.0607,0.3275,-0.1149,82.3906
19:35:39:800,0.1701,0.0485,7.0475,69.7138,0.2019,0.4058,-0.0603,82.7344
19:35:39:818,0.2264,0.343,5.8168,69.0495,0.2767,0.2683,-0.0275,82.9062
19:35:39:838,0.3185,0.6961,5.1117,70.5019,0.2431,0.0425,-0.0272,83.0312
19:35:39:859,0.5544,0.8649,5.1165,69.4022,0.1092,-0.182,-0.0587,83.1094
19:35:39:884,0.7327,0.8877,5.7917,68.3486,-0.0685,-0.3192,-0.1122,83.1406
19:35:39:899,0.6849,0.7715,6.7326,70.7673,-0.2541,-0.4259,-0.1777,83.1719
19:35:39:919,0.6406,0.3478,8.0339,69.2568,-0.4181,-0.5626,-0.2187,83.25
19:35:39:937,0.8608,-0.3322,9.48,68.6093,-0.5278,-0.6518,-0.1955,83.3906
19:35:39:959,1.3887,-1.0325,10.5765,68.4809,-0.6053,-0.6678,-0.1396,83.5781
19:35:39:981,1.6246,-1.491,11.7006,69.1496,-0.7201,-0.6691,-0.0989,83.7969
19:35:39:998,1.4558,-1.6191,13.6495,69.2668,-0.795,-0.5564,-0.0515,83.9375
19:35:40:016,1.3708,-1.5903,15.0609,67.918,-0.6248,-0.264,0.0322,84.0312
19:35:40:037,1.3241,-1.5209,14.3797,67.0636,-0.2775,0.0505,0.1318,84.0938
19:35:40:057,1.6976,-1.3809,12.2333,68.5624,0.0037,0.128,0.286,84.0938
19:35:40:079,2.7499,-0.9583,10.4161,67.2301,0.0826,-0.0845,0.418,84.0156
19:35:40:097,4.0236,-0.5632,9.4429,67.1935,-0.0546,-0.4156,0.4311,83.8281
19:35:40:117,5.7067,-0.0174,9.8834,67.4807,-0.4064,-0.7263,0.291,83.4062
19:35:40:143,7.5179,-0.1802,12.092,66.8675,-0.8346,-0.8409,-0.1529,82.875
19:35:40:157,6.7709,-1.5592,15.1973,65.4772,-1.0016,-0.4763,-0.9316,82.3906
19:35:40:180,3.6453,-3.1586,16.7595,65.1535,-0.579,0.2244,-1.4451,82.1875
19:35:40:200,1.7994,-4.5005,13.926,65.3044,0.224,0.8156,-1.4046,83.4219
19:35:40:220,2.1549,-4.6657,9.4034,65.2179,0.7398,0.8143,-1.1159,85.0625
19:35:40:237,3.7566,-4.2826,6.7601,65.17,0.7198,0.3141,-1.0217,86.7812
19:35:40:257,4.5934,-3.6278,6.9182,64.6726,0.3971,-0.104,-1.2344,88.1094
19:35:40:276,3.8656,-3.1514,7.8651,64.6131,0.1926,-0.1463,-1.5554,89.2812
19:35:40:301,2.368,-3.0436,7.634,65.2514,0.2368,-0.0491,-1.7141,90.5938
19:35:40:318,1.6593,-2.7156,6.4118,64.311,0.2448,0.0524,-1.6211,92.3438
19:35:40:340,1.9945,-2.1243,5.7199,64.6797,0.0312,0.1775,-1.489,94.2812
19:35:40:356,2.3237,-1.5736,6.1448,64.2779,-0.2344,0.2462,-1.5082,96.0312
19:35:40:376,1.9885,-1.406,7.0056,64.5209,-0.3308,0.3086,-1.6089,97.7656
19:35:40:400,1.299,-1.3928,7.3371,63.0302,-0.2115,0.3863,-1.6448,99.5312
19:35:40:419,0.5855,-1.23,6.6165,63.309,-0.0408,0.4311,-1.5929,101.3281
19:35:40:437,0.0851,-0.8469,6.0838,61.8679,-0.0344,0.3834,-1.489,103.2656
19:35:40:458,-0.286,-0.4483,6.8535,62.1839,-0.1646,0.2574,-1.3791,105.1406
19:35:40:477,-0.8666,-0.0281,8.7976,60.8589,-0.2131,0.255,-1.2542,106.8906
19:35:40:500,-1.2844,0.4435,9.9313,61.2425,-0.0402,0.3347,-1.0725,108.4219
19:35:40:518,-1.1335,0.7763,9.9935,61.451,0.2027,0.2875,-0.8941,109.9062
19:35:40:537,-0.4297,0.8685,10.3479,62.4061,0.3268,0.1818,-0.7695,111.1719
19:35:40:558,-0.0921,0.8613,10.8782,61.7901,0.343,0.1895,-0.6225,112.1562
19:35:40:578,0.1258,0.7225,11.2062,61.8861,0.3159,0.2343,-0.5913,112.1562
19:35:40:608,0.4562,0.3059,11.8694,59.4861,0.2282,0.2633,-0.5559,114.4844
19:35:40:618,0.8129,-0.228,12.9563,60.0654,0.155,0.308,-0.5204,114.7969
19:35:40:638,0.7735,-0.592,13.5633,61.2367,0.1542,0.3602,-0.4637,115.125
19:35:40:656,0.5783,-0.6195,13.8829,59.997,0.1377,0.3762,-0.346,115.7656
19:35:40:729,0.6968,-0.6794,13.9751,59.2103,0.1246,0.3696,-0.2107,116.375
19:35:40:729,1.1374,-0.9762,14.2504,60.8396,0.1222,0.2564,-0.1287,116.8906
19:35:40:730,1.6066,-1.7376,14.685,58.0818,0.2711,0.2628,-0.1194,117.2969
19:35:40:736,1.7766,-2.2775,13.3155,59.5549,0.6344,0.5368,-0.1138,117.5625
19:35:40:763,2.0041,-2.1817,9.9756,59.3959,0.9577,0.7765,-0.1207,117.7031
19:35:40:784,2.2339,-1.8573,6.401,56.794,0.9143,0.8148,-0.2592,117.8438
19:35:40:804,1.4139,-1.819,4.275,58.489,0.4365,0.6777,-0.4877,117.9688
19:35:40:820,0.0181,-2.0824,4.4258,57.9327,-0.119,0.3347,-0.5985,118.1094
19:35:40:837,-1.0222,-2.3122,5.435,57.3704,-0.4823,-0.0757,-0.5114,118.3906
19:35:40:856,-1.2712,-2.5061,6.8308,58.0559,-0.6669,-0.5096,-0.3021,118.9688
19:35:40:876,-0.9851,-2.5061,8.5139,55.745,-0.6943,-0.8092,-0.0656,119.6562
19:35:40:898,-0.8055,-2.0105,9.9193,55.7489,-0.5979,-0.8419,0.1424,120.2188
19:35:40:918,-0.6296,-1.2563,10.4676,56.8546,-0.3156,-0.5881,0.3443,120.5625
19:35:40:936,-0.1615,-0.5812,8.5295,55.7246,0.0615,-0.2518,0.5025,120.6094
19:35:40:957,0.5364,-0.0114,5.7342,55.3028,0.1582,-0.0446,0.5565,120.4375
19:35:40:977,1.3576,0.4699,3.9769,56.1539,-0.1483,-0.112,0.4945,120.0312
19:35:41:004,1.5803,0.8601,5.435,56.494,-0.6163,-0.3849,0.2955,119.4375
19:35:41:021,1.293,0.647,8.0638,53.9946,-0.795,-0.5058,0.0796,118.7969
19:35:41:036,0.7531,0.1873,9.5075,53.9946,-0.6496,-0.3767,-0.0379,118.0625
19:35:41:056,0.2132,-0.0569,9.3243,54.5494,-0.4551,-0.2129,-0.023,117.8594
19:35:41:077,-0.0214,-0.0353,9.4536,53.7994,-0.3941,-0.2531,0.0607,117.8594
19:35:41:099,0.1414,-0.1658,10.3407,55.0668,-0.3593,-0.3125,0.1528,117.9219
19:35:41:119,0.4622,-0.0592,10.8782,55.1811,-0.2876,-0.2925,0.2367,117.9062
19:35:41:136,0.8477,-0.0748,11.0099,57.0065,-0.2575,-0.3437,0.2442,117.7969
19:35:41:156,0.9805,-0.4483,12.0693,54.0188,-0.2764,-0.4675,0.2228,117.5781
19:35:41:177,1.1709,-0.9284,13.2855,52.9834,-0.2005,-0.4949,0.2449,117.2656
19:35:41:198,1.2463,-1.2444,13.6949,54.8672,-0.0322,-0.4385,0.3121,116.9844
19:35:41:216,1.6988,-1.4898,13.2257,54.6595,0.1276,-0.3692,0.4298,116.7188
19:35:41:236,2.6397,-1.5975,12.517,54.124,0.2011,-0.3839,0.5051,116.3594
19:35:41:256,3.4322,-1.8753,11.8275,53.5983,0.2005,-0.5234,0.4617,115.8906
19:35:41:276,3.9577,-2.1757,11.4695,53.1988,0.0392,-0.7642,0.3216,115.2812
19:35:41:300,3.8823,-2.8437,13.0198,53.415,-0.1854,-0.8843,0.0987,114.6875
19:35:41:328,3.115,-3.5177,14.8358,53.4008,-0.0887,-0.6105,-0.0658,114.1406
19:35:41:344,2.4637,-3.6302,14.0996,52.7055,0.436,-0.071,-0.032,113.8125
19:35:41:356,3.1736,-3.4363,10.0953,51.8246,0.857,0.4628,0.03,113.7656
19:35:41:379,4.0858,-3.2112,6.923,52.3822,0.7547,0.6524,-0.1402,113.7812
19:35:41:399,4.1505,-3.0293,5.6421,52.9019,0.3305,0.5544,-0.5045,113.7031
19:35:41:417,3.0743,-2.9012,6.2789,52.0658,-0.1124,0.4007,-0.8888,113.6719
19:35:41:437,1.5456,-2.8545,7.4916,53.0914,-0.3116,0.3384,-1.1074,114.0156
19:35:41:457,0.0181,-2.5085,8.0099,52.9591,-0.2613,0.369,-1.0826,114.8594
19:35:41:477,-0.8654,-1.7807,7.816,50.5343,-0.135,0.4092,-0.8294,116.6875
19:35:41:501,-0.6212,-0.914,7.5933,50.1489,-0.0682,0.4484,-0.4754,117.9844
19:35:41:519,0.279,-0.015,7.4329,49.7381,-0.0013,0.4779,-0.2102,118.9844
19:35:41:537,0.965,0.6602,6.9301,50.5292,0.1174,0.4697,-0.1143,119.5625
19:35:41:556,1.3014,1.06,6.0634,49.4757,0.1949,0.398,-0.122,119.8281
19:35:41:577,1.19,1.3174,5.5654,51.3486,0.1326,0.259,-0.1711,120
19:35:41:604,0.9554,1.3761,6.2262,50.0515,-0.0538,0.1565,-0.1926,120.1406
19:35:41:620,0.9243,1.23,7.8459,48.8126,-0.2,0.1759,-0.1671,120.3438
19:35:41:639,1.2738,1.0421,9.1962,48.8471,-0.1976,0.218,-0.1508,120.5781
19:35:41:656,1.4414,1.1007,10.1048,50.045,-0.1113,0.2702,-0.1955,120.7812
19:35:41:676,1.354,1.1618,10.44,48.2098,-0.016,0.2878,-0.3015,120.9844
19:35:41:702,0.9434,0.9451,10.5394,48.2991,0.02,0.3016,-0.4539,121.2344
19:35:41:718,0.1737,0.4088,10.5849,47.7883,-0.0392,0.3661,-0.5809,121.6094
19:35:41:738,-0.8307,-0.4196,11.0099,46.6083,-0.1414,0.2963,-0.6091,122.1406
19:35:41:757,-1.8949,-1.4012,12.3925,48.4405,-0.146,0.0209,-0.4587,122.8125
19:35:41:778,-1.9907,-2.1506,13.446,47.2726,-0.0133,-0.1152,-0.117,123.5312
19:35:41:799,-1.5789,-2.1913,13.5717,47.7264,0.0692,-0.0366,0.1773,124.0781
19:35:41:816,-1.4017,-2.3158,13.4974,47.9622,-0.0322,0.1477,0.3744,124.1875
19:35:41:837,-0.9887,-2.4654,13.6004,47.2831,-0.1997,0.4308,0.5475,124.125
19:35:41:856,-0.6367,-2.5396,13.3729,46.9561,-0.192,0.5243,0.6785,123.8125
19:35:41:876,-0.2022,-2.5025,12.8797,46.2526,-0.0112,0.3189,0.8013,123.2969
19:35:41:901,0.4885,-2.3565,12.0597,47.0983,0.2677,0.0809,0.8804,122.6875
19:35:41:920,1.0715,-2.135,10.2677,46.4182,0.514,-0.0896,0.8383,121.4219
19:35:41:937,0.8524,-2.5385,7.1684,47.1863,0.388,-0.1937,0.5302,120.4062
19:35:41:956,0.6166,-2.633,6.3172,45.2443,0.1294,-0.259,0.4314,119.4688
19:35:41:976,0.4682,-2.4116,6.4968,45.1567,-0.1723,-0.4132,0.352,118.6562
19:35:42:005,0.2264,-2.2607,7.2342,43.9945,-0.3406,-0.5522,0.3038,117.5312
19:35:42:019,-0.4907,-1.8597,7.33,45.2125,-0.3063,-0.7202,0.3459,117.0938
19:35:42:036,-0.6906,-1.4096,7.7059,44.9112,-0.1808,-0.9059,0.519,117.0938
19:35:42:056,-0.2764,-1.224,7.7023,44.7453,-0.0085,-0.9,0.7211,116.7188
19:35:42:075,0.5568,-0.902,7.1624,44.9701,0.0884,-0.7106,0.8809,116.3125
19:35:42:096,1.4019,-0.4244,6.7613,43.2577,0.008,-0.4576,0.9046,115.6562
19:35:42:118,1.87,-0.0413,7.1193,43.712,-0.1603,-0.2275,0.7802,114.7656
19:35:42:141,1.7419,-0.0449,7.8986,44.7623,-0.2671,-0.0595,0.5842,113.6875
19:35:42:156,1.2475,-0.1263,8.4864,44.0072,-0.2325,0.0055,0.4577,112.6719
19:35:42:176,1.0093,-0.2221,8.8024,43.2342,-0.1302,-0.0544,0.4074,111.7656
19:35:42:200,1.2068,-0.2209,9.3255,44.4311,-0.0349,-0.1961,0.4015,111.1094
19:35:42:218,1.6485,-0.0329,9.9839,44.8835,0.0405,-0.3215,0.348,110.6406
19:35:42:238,1.7634,-0.0078,10.4975,43.601,0.0701,-0.2885,0.2183,109.7031
19:35:42:255,1.6246,-0.422,10.5406,42.4615,0.0309,-0.17,0.09,109.7031
19:35:42:276,1.2631,-0.9212,10.7848,42.0654,-0.0908,-0.1277,0.0367,109.2656
19:35:42:299,1.2295,-1.4802,11.7161,43.4742,-0.2117,-0.2118,0.075,109
19:35:42:316,1.2319,-1.9579,13.1203,42.4063,-0.2261,-0.3074,0.18,108.875
19:35:42:336,1.7766,-2.2116,13.9918,43.224,-0.0919,-0.308,0.3637,108.8125
19:35:42:356,2.6086,-2.1685,13.6878,42.308,0.11,-0.256,0.5379,108.6719
19:35:42:375,3.3939,-1.8058,12.9408,42.5659,0.2858,-0.2877,0.6119,108.3594
19:35:42:397,4.0224,-1.5054,12.0513,41.9263,0.4091,-0.3839,0.5637,107.7969
19:35:42:416,4.6688,-1.6574,11.2996,43.1689,0.4133,-0.4281,0.3637,107.1094
19:35:42:436,4.3719,-2.2835,11.266,43.1936,0.3486,-0.3839,0.0465,106.3438
19:35:42:456,3.5902,-2.7671,11.4588,42.405,0.3726,-0.2177,-0.1274,105.6875
19:35:42:476,3.8177,-2.9826,10.8339,42.4071,0.5297,-0.0195,-0.1681,105.3906
19:35:42:509,5.0112,-3.222,9.207,41.7036,0.6392,0.1142,-0.3071,105.3906
19:35:42:519,5.5211,-2.9718,7.6328,42.8179,0.4687,0.2327,-0.6571,105.5
19:35:42:537,4.3743,-2.4966,7.0427,42.5859,0.0836,0.3613,-1.08,105.6719
19:35:42:558,2.6505,-2.3948,7.5814,42.7539,-0.2131,0.4447,-1.3167,106.1094
19:35:42:579,1.1302,-2.2906,7.7011,42.9542,-0.2615,0.5333,-1.2909,107.1094
19:35:42:600,0.1893,-1.6777,7.1923,42.5025,-0.1984,0.5701,-1.0691,108.5469
19:35:42:616,0.1677,-1.0241,6.7051,40.4931,-0.118,0.5221,-0.7929,110.0625
19:35:42:637,0.6645,-0.4004,6.504,42.4235,-0.0197,0.369,-0.6086,111.5
19:35:42:656,1.1146,0.0676,6.3316,41.3818,0.0847,0.2196,-0.5591,112.6094
19:35:42:675,1.0572,0.4232,6.0874,42.1653,0.1084,0.1592,-0.5902,113.3906
19:35:42:696,0.7686,0.58,5.9832,42.844,0.0301,0.1871,-0.6142,114.0625
19:35:42:717,0.5963,0.7021,6.2622,41.9002,-0.1105,0.2644,-0.5868,114.7188
19:35:42:809,0.8477,1.0588,7.1648,42.2341,-0.2517,0.2822,-0.5343,115.4062
19:35:42:810,1.2355,1.4455,8.4229,44.2172,-0.3031,0.1903,-0.5511,116.4219
19:35:42:810,1.1745,1.5329,9.8283,41.9091,-0.2607,0.0702,-0.6419,117.0781
19:35:42:811,0.6908,1.2049,11.1367,41.5851,-0.1422,0.0779,-0.6872,117.75
19:35:42:823,0.0492,0.7775,11.4288,40.4773,0.017,0.2343,-0.5958,118.4844
19:35:42:837,-0.0633,0.7847,10.9931,41.47,0.0722,0.2798,-0.3961,119.2812
19:35:42:855,0.5173,0.6255,11.6958,43.7709,-0.0208,0.0952,-0.2318,119.9844
19:35:42:876,1.1409,0.246,13.6818,40.6047,-0.1073,-0.0451,-0.1527,120.4062
19:35:42:901,1.4773,-0.2819,15.1015,41.0364,-0.0352,0.0856,-0.1402,120.5625
19:35:42:923,0.5795,-0.8996,14.7879,42.1262,0.1454,0.3498,-0.1372,120.7812
19:35:42:937,-0.7325,-1.0983,13.3634,42.8401,0.2679,0.5014,0.0527,120.9531
19:35:42:955,-0.5984,-0.9487,12.353,40.6361,0.2961,0.4676,0.3557,121.1094
19:35:42:975,0.1162,-0.9535,11.5102,42.6235,0.3164,0.1964,0.494,121.2188
19:35:42:995,0.3485,-1.2001,11.3989,42.6734,0.3566,-0.2542,0.4926,120.9688
19:35:43:016,0.2886,-1.6263,11.5282,42.6329,0.4325,-0.4281,0.4764,120.4844
19:35:43:035,0.1342,-1.9686,10.5394,43.1037,0.4772,-0.206,0.4766,119.8906
19:35:43:055,-0.0813,-2.1805,8.9233,41.2071,0.3779,0.1331,0.4974,119.2969
19:35:43:075,-0.1519,-2.1649,7.6568,42.2226,0.1689,0.2558,0.5427,118.7344
19:35:43:095,-0.2441,-1.9291,7.3826,42.6183,-0.0075,0.0217,0.5762,118.1406
19:35:43:115,-0.195,-1.6682,7.8962,43.1319,-0.0828,-0.3921,0.6149,117.5469
19:35:43:138,0.066,-1.3653,8.6791,43.1319,-0.0905,-0.6052,0.6543,116.8906
19:35:43:155,0.1809,-1.0864,9.1639,41.5901,-0.032,-0.529,0.6902,116.25
19:35:43:176,0.2503,-0.7428,8.7844,41.2412,0.0828,-0.2742,0.7448,115.5156
19:35:43:195,0.4395,-0.5154,7.6113,43.0777,0.1909,-0.0808,0.7856,114.3125
19:35:43:215,0.6322,-0.252,6.4716,42.6457,0.2093,-0.0691,0.8053,113.4844
19:35:43:237,0.8393,0.0772,6.1472,41.7676,0.1302,-0.1807,0.7989,112.5625
19:35:43:256,0.9985,0.2675,6.6596,42.7694,0.0344,-0.2683,0.7549,111.625
19:35:43:277,0.9937,0.1933,7.2055,43.7159,-0.0019,-0.2672,0.6977,110.7344
19:35:43:303,0.9147,0.0257,7.7154,42.7372,-0.0392,-0.2286,0.6641,109.8594
19:35:43:328,1.0476,0.0497,8.4169,41.5877,-0.0432,-0.2124,0.6649,109.0469
19:35:43:345,1.2655,0.3669,9.5302,41.9989,0.0652,-0.2193,0.666,108.3125
19:35:43:356,1.4486,0.592,9.4812,42.8109,0.1345,-0.1958,0.6607,106.7812
19:35:43:375,1.8209,0.7416,9.2956,42.8109,0.1204,-0.2568,0.6186,106
19:35:43:395,2.5595,0.4399,9.8128,43.5737,-0.0399,-0.4771,0.5097,106
19:35:43:417,3.2024,-0.2652,11.8143,42.8303,-0.2882,-0.6411,0.364,105.2656
19:35:43:437,3.4262,-1.2037,14.8358,41.6197,-0.396,-0.6148,0.2529,104.5312
19:35:43:454,3.7602,-2.3134,16.2603,42.7179,-0.1427,-0.2808,0.2932,103.9375
19:35:43:474,4.4545,-2.3577,14.2037,42.6877,0.2115,0.1661,0.4196,103.5312
19:35:43:494,5.1141,-1.4934,11.5318,42.7935,0.3055,0.291,0.3541,103.2656
19:35:43:515,5.1189,-1.1283,9.7709,44.2864,0.1364,0.169,0.0599,102.9219
19:35:43:534,4.2953,-1.2037,10.1946,43.1746,-0.1505,-0.0337,-0.2432,102.4531
19:35:43:554,3.2048,-1.7017,11.7006,43.9046,-0.175,-0.1005,-0.395,102.0312
19:35:43:574,2.6517,-1.9603,11.3259,43.8041,0.1204,0.0119,-0.337,101.9531
19:35:43:595,3.2323,-1.8166,9.2633,43.0347,0.3662,-0.0052,-0.2374,102.25
19:35:43:617,4.4833,-1.7196,7.8268,45.3381,0.2549,-0.2132,-0.2938,102.6875
19:35:43:636,4.8675,-1.631,8.1691,44.3447,-0.0905,-0.3559,-0.5513,103.0625
19:35:43:661,3.8356,-1.6382,9.1723,45.8337,-0.3846,-0.1921,-0.8523,103.4062
19:35:43:674,2.2112,-1.7124,9.4201,45.2112,-0.4586,0.1405,-0.991,103.8281
19:35:43:695,0.8644,-1.5221,8.6731,44.2149,-0.3643,0.4305,-0.9045,104.6719
19:35:43:720,0.4406,-0.981,7.3659,42.731,-0.2184,0.5184,-0.684,105.8125
19:35:43:737,0.7627,-0.2304,6.3914,45.5141,-0.0975,0.3581,-0.4933,106.9375
19:35:43:763,1.5121,0.4076,5.9964,44.9031,-0.0357,0.1243,-0.4374,107.9062
19:35:43:774,1.9502,0.8051,5.8504,45.8199,-0.045,0.0081,-0.5372,108.6094
19:35:43:795,1.5264,0.9798,6.0239,44.1653,-0.1292,0.0079,-0.6896,109.1094
19:35:43:817,0.9219,0.9068,6.8188,45.3381,-0.2272,0.0423,-0.7082,109.6562
19:35:43:849,1.1577,1.1091,7.8758,45.1352,-0.2352,0.1056,-0.5897,110.3906
19:35:43:854,1.7012,1.3605,8.5031,44.0483,-0.1502,0.1064,-0.5548,111.2344
19:35:43:879,1.9047,1.3845,9.2489,45.8326,-0.0685,0.0324,-0.6214,111.9688
19:35:43:901,1.6461,1.327,10.0522,45.1885,-0.0186,0.0566,-0.7077,112.6406
19:35:43:918,1.1853,0.8829,10.6998,46.0418,0.0027,0.1373,-0.75,113.3125
19:35:43:939,0.7722,0.5178,11.3055,45.7805,-0.0163,0.2721,-0.6866,114.0469
19:35:43:955,0.6968,0.3645,12.1447,45.653,-0.0226,0.3658,-0.566,114.8906
19:35:43:974,0.7639,0.1119,12.8223,46.4197,0.0442,0.4175,-0.4299,115.75
19:35:43:995,0.7603,0.0592,12.9755,45.9682,0.1779,0.4524,-0.2709,116.4844
19:35:44:017,0.7519,0.0485,12.4164,45.5752,0.3031,0.4247,-0.1085,117.0469
19:35:44:035,0.8908,-0.0365,11.9089,47.8352,0.3276,0.2513,0.0508,117.4531
19:35:44:056,1.2954,-0.2352,12.2297,46.3479,0.2786,0.0574,0.1829,117.5781
19:35:44:075,1.3923,-0.3382,12.341,47.887,0.232,0.0734,0.2335,117.6094
19:35:44:095,1.105,-0.5369,11.4659,47.4052,0.1118,0.2505,0.234,117.5156
19:35:44:119,0.8189,-0.6961,11.1344,47.0324,-0.139,0.1813,0.2529,117.2344
19:35:44:137,1.1278,-1.2001,13.3634,46.9819,-0.2679,-0.1122,0.2737,116.9688
19:35:44:156,0.795,-1.722,14.1834,48.6314,0.1044,0.0393,0.234,116.7031
19:35:44:174,-0.0011,-1.9184,10.9332,48.4212,0.6317,0.4028,0.2585,116.4219
19:35:44:194,-0.0705,-1.7412,7.0726,47.913,0.7771,0.4904,0.3624,116.1406
19:35:44:218,0.0827,-1.2264,4.901,48.9302,0.5228,0.1616,0.389,115.875
19:35:44:234,0.0253,-0.8254,5.065,48.092,0.0764,-0.3671,0.3525,115.4531
19:35:44:255,0.2347,-0.7332,7.1504,48.5419,-0.2916,-0.749,0.3438,114.9688
19:35:44:274,0.5735,-0.7536,9.1986,47.8137,-0.4312,-0.6899,0.3408,114.5469
19:35:44:295,0.4634,-0.6279,10.2126,50.2654,-0.3239,-0.3058,0.3528,114.1562
19:35:44:323,0.3054,-0.319,9.1484,49.6519,-0.0589,0.1086,0.4258,113.7812
19:35:44:337,0.5687,-0.0964,7.3324,50.4362,0.1404,0.1956,0.5097,113.4375
19:35:44:354,0.9422,0.2304,6.158,50.0292,0.1909,0.0289,0.5392,113.0156
19:35:44:374,1.2654,0.404,5.8887,49.1514,0.1092,-0.2254,0.495,112.4688
19:35:44:394,1.1577,0.3933,6.7254,52.0921,-0.021,-0.3335,0.4191,111.8438
19:35:44:422,0.9853,0.2269,7.5179,51.098,-0.0631,-0.2483,0.3917,111.2656
19:35:44:436,0.9231,0.24,7.7861,50.8635,-0.0818,-0.1767,0.4103,110.7188
19:35:44:455,1.0775,0.3346,8.4277,50.329,-0.1254,-0.2105,0.4529,110.2656
19:35:44:475,1.4115,0.4459,9.3986,51.3126,-0.1185,-0.2616,0.4876,109.8281
19:35:44:495,1.7982,0.4926,10.1862,50.8496,-0.0565,-0.2816,0.4825,109.0938
19:35:44:520,1.9729,0.5549,10.5753,52.3442,0.0186,-0.2318,0.4428,108.5312
19:35:44:534,2.1369,0.3992,10.6543,52.8651,0.0415,-0.2323,0.3853,108
19:35:44:555,2.4362,-0.1921,11.1427,52.2817,-0.0139,-0.3024,0.3472,107.4844
19:35:44:574,2.8827,-0.8984,12.2046,53.2164,-0.0826,-0.3849,0.3371,107.0312
19:35:44:595,3.3101,-1.3282,13.2448,52.9281,-0.1004,-0.3232,0.3398,106.6406
19:35:44:617,3.668,-1.5592,12.863,55.0005,-0.0621,-0.0411,0.3147,106.25
19:35:44:636,3.3867,-1.5544,11.6575,52.5003,-0.0844,0.1355,0.2199,105.8594
19:35:44:655,2.945,-1.558,10.6783,54.4672,-0.2146,0.0942,0.1408,105.5
19:35:44:679,2.6673,-1.6299,11.4229,51.3332,-0.3944,-0.1527,0.0918,105.2812
19:35:44:702,2.623,-2.293,13.1586,53.424,-0.3276,-0.3319,0.0961,105.1562
19:35:44:727,2.9629,-2.7551,13.3083,53.355,0.0591,-0.2273,0.1994,105.0938
19:35:44:735,5.1249,-1.9315,7.9321,54.8395,0.4919,-0.1093,0.2167,104.7656
19:35:44:758,6.2119,-1.5604,6.7278,55.8913,0.1007,-0.3,-0.1561,104.7656
19:35:44:781,5.678,-1.4108,7.9369,54.4559,-0.4972,-0.3034,-0.6824,104.3594
19:35:44:802,3.8404,-1.716,9.5075,52.306,-0.8416,0.0398,-1.0922,104.0312
19:35:44:818,1.5324,-1.746,9.48,54.3906,-0.8733,0.4937,-1.202,104.1875
19:35:44:860,0.0779,-1.4216,8.8407,54.679,-0.7569,0.7352,-1.0038,105.0312
19:35:44:860,-0.2992,-0.6782,8.0243,53.5989,-0.5382,0.6537,-0.6818,106.4062
19:35:44:874,0.1893,0.0485,7.2689,54.3902,-0.269,0.3552,-0.4398,107.8438
19:35:44:894,0.5735,0.5094,6.7853,52.8558,-0.0368,0.0998,-0.3202,109.1406
19:35:44:917,1.0344,0.8218,6.6021,54.3585,0.1302,-0.0068,-0.2776,110.0469
19:35:44:938,1.439,0.847,6.6668,54.5341,0.2221,0.0071,-0.3175,110.9531
19:35:44:953,1.4797,0.6291,7.0151,55.8401,0.2567,0.1091,-0.3817,111.1094
19:35:44:974,1.1589,0.5728,7.6556,56.867,0.2879,0.2337,-0.3636,111.4219
19:35:44:994,1.9765,0.8098,8.1344,55.3748,0.3502,0.2766,-0.2832,111.7656
19:35:45:014,3.2083,1.3521,8.3858,53.4351,0.3438,0.2012,-0.3631,112.2031
19:35:45:039,3.51,1.6957,9.1543,54.6568,0.175,0.1323,-0.6299,112.5469
19:35:45:064,2.8253,1.412,10.7872,55.2879,-0.0272,0.2321,-0.8861,112.8438
19:35:45:074,1.8209,0.8003,11.8263,55.4135,-0.0722,0.4542,-0.9356,113.3594
19:35:45:093,1.0488,0.5273,12.0597,56.5049,-0.0163,0.528,-0.7527,114.25
19:35:45:116,1.0188,0.7177,12.7121,53.8815,0.0418,0.3573,-0.452,115.3594
19:35:45:138,1.5121,1.0576,13.2975,54.5192,0.1752,0.2204,-0.2216,116.3281
19:35:45:156,1.7227,1.3294,12.7887,55.8099,0.2759,0.1895,-0.1665,117.0469
19:35:45:176,1.5552,1.06,12.5074,55.5397,0.183,0.1451,-0.2163,117.25
19:35:45:194,1.5408,0.5513,13.1682,55.3903,-0.0298,0.1677,-0.2896,117.5
19:35:45:216,1.2619,-0.2364,14.1499,55.5302,-0.1515,0.2494,-0.4083,117.6719
19:35:45:239,0.4035,-1.1785,14.8669,55.5301,0.0298,0.2095,-0.4547,117.9062
19:35:45:255,-0.4045,-1.6502,14.2372,54.4293,0.4525,0.0982,-0.3111,118.2344
19:35:45:274,-0.3698,-1.5329,12.4787,53.6431,0.8077,0.1171,-0.0547,118.7031
19:35:45:294,0.2012,-1.2504,10.0929,54.9043,0.959,0.2652,0.0929,119.2344
19:35:45:317,0.3018,-1.1845,7.8914,54.5495,0.8972,0.3323,0.0713,119.5625
19:35:45:336,0.2443,-1.3976,6.4968,55.8261,0.6437,0.2026,0.0215,119.5625
19:35:45:357,0.1115,-1.6957,6.2717,57.0889,0.3031,-0.055,-0.0152,119.375
19:35:45:373,-0.2154,-1.8298,6.7135,56.5771,0.0011,-0.2979,-0.0198,119.2344
19:35:45:394,-0.4799,-1.9674,7.5778,56.2796,-0.2043,-0.4747,0.0529,119.1719
19:35:45:417,-0.4727,-1.8561,8.0243,55.6542,-0.2711,-0.4507,0.1983,119.1719
19:35:45:435,-0.5111,-1.4419,7.7705,55.931,-0.208,-0.2592,0.3749,119.1875
19:35:45:454,-0.3255,-0.9008,6.5267,54.8718,-0.1209,-0.0757,0.5563,119.0781
19:35:45:474,0.2778,-0.4088,5.6469,54.915,-0.1326,-0.1029,0.6756,118.7812
19:35:45:494,0.8189,0.1778,5.7079,55.1746,-0.1965,-0.2467,0.6894,118.2656
19:35:45:518,1.354,0.4938,6.3795,54.8297,-0.2437,-0.341,0.601,117.5469
19:35:45:536,1.4797,0.5465,7.1193,54.2462,-0.269,-0.2225,0.4577,116.8125
19:35:45:555,1.196,0.6602,7.6185,57.874,-0.314,-0.093,0.3288,116.0781
19:35:45:575,0.5652,0.7596,8.6157,55.4929,-0.3705,0.0241,0.2559,115.4844
19:35:45:594,0.0456,0.835,9.4393,57.3178,-0.3412,0.1227,0.3123,115.0938
19:35:45:618,0.1953,1.1211,9.9337,56.2151,-0.2639,0.1834,0.4378,114.7969
19:35:45:638,0.8956,1.6047,10.0558,56.7728,-0.1768,0.1408,0.4788,114.5312
19:35:45:654,1.3014,1.886,10.2365,57.7611,-0.1324,-0.007,0.3597,114.1406
19:35:45:674,1.3325,1.6203,10.6328,57.9151,-0.1345,-0.1588,0.1933,113.6406
19:35:45:694,1.032,1.0157,11.3355,56.7303,-0.1936,-0.2374,0.0793,113.1562
19:35:45:718,0.5388,0.1526,12.1423,56.4265,-0.2631,-0.2158,0.1113,112.8594
19:35:45:734,0.8704,-0.7153,12.8235,56.4352,-0.3135,-0.1847,0.3203,112.7344
19:35:45:758,1.9634,-1.1019,13.2676,57.6571,-0.327,-0.1844,0.5576,112.6562
19:35:45:776,2.7044,-1.0493,13.3634,56.6713,-0.3097,-0.1991,0.6948,112.4531
19:35:45:793,3.7303,-0.9762,13.4651,57.1825,-0.2754,-0.3271,0.6966,112
19:35:45:817,3.8644,-1.4754,14.3438,59.4597,-0.2181,-0.4089,0.4825,111.2812
19:35:45:834,2.9198,-2.572,15.0417,58.9504,0.0083,-0.2523,0.3368,110.0938
19:35:45:854,2.9582,-3.2424,13.7141,57.909,0.4298,0.009,0.4276,109.5781
19:35:45:873,4.014,-3.1035,10.6675,58.909,0.7545,0.0161,0.482,109.1719
19:35:45:893,5.2111,-2.5851,8.5223,58.7993,0.7175,-0.3295,0.3078,108.625
19:35:45:913,5.5475,-2.4175,8.5881,58.5047,0.4024,-0.5668,-0.0893,107.9844
19:35:45:934,4.5264,-2.6055,9.0298,59.0157,0.1806,-0.32,-0.4975,107.5625
19:35:45:957,2.4326,-2.4906,7.7537,58.8083,0.0804,0.1869,-0.6936,108.125
19:35:45:976,0.4849,-0.9858,5.2853,58.0984,-0.2727,0.614,-0.3178,108.875
19:35:46:001,0.9602,-0.0664,5.6528,58.528,-0.367,0.422,-0.1119,109.5625
19:35:46:015,1.6904,0.6458,6.3627,57.9157,-0.2629,0.1331,-0.052,109.9844
19:35:46:035,1.9514,1.1534,6.3663,60.4376,-0.0519,-0.0499,-0.1186,110.1719
19:35:46:054,1.8688,1.4587,5.8695,58.9107,0.0634,-0.0949,-0.2397,110.2656
19:35:46:074,1.5851,1.5125,5.8372,60.1268,0.0152,0.0462,-0.3439,110.3906
19:35:46:096,1.1302,1.4994,5.9952,59.344,-0.1414,0.2926,-0.3828,110.6562
19:35:46:119,0.9195,1.552,7.002,60.2342,-0.3262,0.4265,-0.3178,111.0312
19:35:46:135,1.4917,1.8418,8.7545,60.4022,-0.3822,0.3975,-0.2323,111.0312
19:35:46:154,1.8628,2.1566,10.4125,60.435,-0.2575,0.2859,-0.2624,111.5
19:35:46:174,2.0136,2.0967,11.2912,58.4147,-0.0493,0.2417,-0.3495,111.9219
19:35:46:194,1.5623,1.7867,11.3881,60.32,0.0748,0.3118,-0.4102,112.2188
19:35:46:230,1.1613,1.3821,11.4707,58.8684,0.0637,0.377,-0.3556,112.5625
19:35:46:234,1.1039,0.8745,12.1052,61.148,0.02,0.2888,-0.2262,112.9844
19:35:46:254,1.299,0.3442,13.0916,61.9062,0.0242,0.1331,-0.0967,113.6719
19:35:46:273,1.6761,-0.2412,13.7823,60.4694,0.0695,0.0966,-0.0107,114.0156
19:35:46:293,1.6102,-0.5644,13.4687,60.3657,0.0919,0.2244,0.0063,114.2031
19:35:46:321,0.9554,-0.7368,12.8558,62.499,-0.0282,0.348,0.0175,114.25
19:35:46:336,0.6406,-0.987,12.6295,62.4803,-0.2482,0.41,0.0686,114.25
19:35:46:353,0.3568,-1.5413,13.1479,62.165,-0.4309,0.2646,0.095,114.25
19:35:46:373,0.0109,-2.1482,14.7412,61.7192,-0.2844,-0.0174,0.1667,114.25
19:35:46:393,-0.2249,-2.5696,14.5042,61.3787,0.3297,-0.0994,0.2934,114.2188
19:35:46:414,-0.4368,-2.5947,10.628,61.5294,0.8775,0.1056,0.4404,114.1562
19:35:46:436,0.0169,-2.1434,6.9649,61.9722,0.8328,0.2665,0.5536,113.9844
19:35:46:453,0.5616,-1.8729,5.3655,61.8691,0.3683,0.1573,0.5177,113.6094
19:35:46:473,0.3437,-1.6466,6.0862,61.1252,-0.139,-0.2515,0.4055,113.0781
19:35:46:494,0.3916,-1.5676,8.5247,62.0491,-0.3918,-0.6718,0.3949,112.4062
19:35:46:521,0.7016,-1.3449,10.2844,63.0005,-0.302,-0.7812,0.3904,111.7969
19:35:46:538,0.4778,-0.9571,10.4197,62.8979,-0.0471,-0.6366,0.3864,111.3594
19:35:46:557,0.4562,-0.6243,9.5314,62.5862,0.1878,-0.3634,0.4423,110.9062
19:35:46:573,0.643,-0.3968,7.9417,62.5118,0.3409,-0.0739,0.4955,110.4531
19:35:46:593,0.8692,-0.1431,6.486,63.6069,0.3699,0.0646,0.528,110
19:35:46:615,1.1888,0.0401,5.8623,64.6951,0.3164,-0.0251,0.5233,109.4688
19:35:46:634,1.3397,0.076,6.0263,63.2926,0.2421,-0.1649,0.4822,108.8594
19:35:46:656,1.3947,0.0629,6.7434,64.7403,0.1848,-0.2052,0.4665,108.2344
19:35:46:673,1.6342,0.1598,7.4497,63.998,0.1896,-0.1807,0.4705,107.625
19:35:46:694,1.8484,0.3813,7.8986,64.2463,0.2328,-0.1578,0.4351,107.0625
19:35:46:718,1.7503,0.483,8.1691,66.745,0.2498,-0.2259,0.3794,106.2031
19:35:46:736,1.7862,0.5321,8.6659,64.6291,0.22,-0.2832,0.3587,105.6875
19:35:46:753,2.0687,0.6674,9.0275,65.6722,0.146,-0.2635,0.3206,105.2031
19:35:46:776,2.3081,0.6494,9.4249,64.7732,-0.0059,-0.211,0.2252,104.75
19:35:46:793,2.1537,0.2436,10.1527,65.5695,-0.212,-0.1423,0.1192,104.3438
19:35:46:813,1.876,-0.3071,11.29,66.0261,-0.3726,-0.0928,0.0777,104.0156
19:35:46:834,1.4738,-0.8493,12.4871,65.9534,-0.3824,-0.0776,0.1288,103.8281
19:35:46:858,1.5168,-1.3868,12.8318,67.1212,-0.2165,-0.0997,0.2937,103.7656
19:35:46:927,2.2016,-1.6861,11.9316,65.9079,-0.0716,-0.1532,0.4713,103.7031
19:35:46:928,2.945,-1.4814,11.2182,66.4031,-0.1361,-0.1876,0.527,103.5
19:35:46:928,3.4621,-1.2887,11.4085,67.2697,-0.3547,-0.1484,0.4205,103.0625
19:35:46:939,3.6094,-1.5221,12.5098,68.0697,-0.5191,-0.0816,0.2154,102.5
19:35:46:955,3.2526,-1.9746,13.6076,65.6834,-0.4525,0.0308,0.0346,101.9531
19:35:46:972,2.8001,-2.1171,13.4376,65.6685,-0.1188,0.1719,-0.035,101.625
19:35:46:995,2.7367,-1.8705,11.0925,66.2477,0.2245,0.246,-0.0477,101.5625
19:35:47:018,3.176,-1.4132,9.1699,67.2665,0.2828,0.1408,-0.0922,101.625
19:35:47:035,3.7004,-1.1845,8.3798,67.6222,0.1103,0.0287,-0.2424,101.6719
19:35:47:053,3.4454,-1.0528,8.2745,67.2373,-0.1001,0.0617,-0.4432,101.7188
19:35:47:073,2.6098,-0.835,7.8974,67.97,-0.2317,0.1757,-0.574,101.875
19:35:47:093,1.8329,-0.5489,7.2103,64.3723,-0.3049,0.23,-0.566,102.2812
19:35:47:113,1.7946,-0.0868,6.6357,69.1476,-0.3414,0.1789,-0.4504,102.8906
19:35:47:134,2.5021,0.4411,6.4286,67.146,-0.3643,-0.0206,-0.428,103.9062
19:35:47:153,2.7547,0.7021,6.9577,66.0562,-0.3739,-0.2507,-0.5764,104.4688
19:35:47:179,2.1549,0.7117,8.0806,66.7946,-0.2943,-0.2861,-0.7442,105
19:35:47:193,1.2307,0.5154,8.5019,65.2975,-0.0618,-0.0885,-0.8126,105.6406
19:35:47:213,0.4478,0.2544,7.4389,66.5239,0.1356,0.2391,-0.7639,106.5156
19:35:47:243,0.2252,0.2699,6.5423,66.9099,0.1044,0.5158,-0.6097,107.4375
19:35:47:257,0.528,0.7416,6.6847,68.3983,-0.0394,0.5459,-0.4762,108.2812
19:35:47:272,0.8632,0.8517,8.0494,66.7108,-0.1273,0.3144,-0.4382,109
19:35:47:293,1.0033,0.9451,9.9181,67.0734,-0.0674,0.1158,-0.407,109.5781
19:35:47:314,1.2403,1.066,11.2169,68.7104,0.1446,0.0622,-0.387,110.0781
19:35:47:334,1.2535,1.0313,11.2445,68.7104,0.3417,0.0974,-0.4043,110.5625
19:35:47:353,1.1338,0.9571,10.944,67.5486,0.3452,0.1914,-0.4107,111
19:35:47:373,0.8584,0.6818,11.351,66.8618,0.2075,0.2308,-0.4049,111.4375
19:35:47:398,0.5472,0.1574,12.4978,68.6467,0.0871,0.2798,-0.342,111.8594
19:35:47:417,0.3796,-0.5908,13.0138,69.3544,0.1033,0.406,-0.2046,112.3125
19:35:47:434,0.145,-0.7129,12.4404,68.4473,0.1643,0.5046,-0.0251,112.7031
19:35:47:453,0.0253,-0.513,11.9783,67.5736,0.1308,0.402,0.1107,112.9375
19:35:47:473,0.133,-0.6255,12.4248,69.5046,-0.0208,0.2436,0.1837,112.9844
19:35:47:494,0.2192,-0.9894,13.525,67.0308,-0.1846,0.1269,0.2393,112.8594
19:35:47:513,-0.0873,-1.7017,14.9112,67.6784,-0.119,0.0121,0.3115,112.7656
19:35:47:535,-0.4704,-2.0393,11.4552,68.1078,0.7039,0.3072,0.7342,112.5469
19:35:47:555,0.6106,-1.4958,7.8986,68.2883,0.7571,0.336,0.8657,112.0781
19:35:47:574,1.6904,-0.981,6.0574,67.2917,0.4181,0.0263,0.7368,111.4844
19:35:47:597,1.7958,-1.0134,6.8308,67.4184,-0.0447,-0.4462,0.4452,110.6562
19:35:47:621,1.2906,-1.3258,9.207,68.6285,-0.2732,-0.8294,0.237,109.625
19:35:47:637,0.6178,-1.4347,10.6591,67.2702,-0.1851,-0.8595,0.192,108.7656
19:35:47:655,0.0719,-1.3078,10.61,67.7414,0.1233,-0.6608,0.3131,108.2656
19:35:47:673,0.2683,-0.9164,8.6204,68.5906,0.4216,-0.3604,0.5211,107.9844
19:35:47:697,0.9422,-0.3178,6.6428,67.6358,0.4866,-0.1916,0.6644,107.75
19:35:47:720,1.8185,0.1586,5.5152,68.4303,0.3643,-0.1396,0.6734,107.3906
19:35:47:739,2.0663,0.5824,5.66,67.5595,0.1742,-0.2092,0.5517,106.7344
19:35:47:754,2.0867,0.7009,6.4944,67.3894,0.1017,-0.252,0.4055,105.9375
19:35:47:772,1.8401,0.6207,6.9637,66.864,0.1332,-0.2496,0.2599,105.125
19:35:47:793,1.117,0.3681,7.4952,68.4893,0.155,-0.2307,0.1877,104.5
19:35:47:815,0.631,0.3825,7.8232,66.6556,0.1611,-0.158,0.2631,103.7188
19:35:47:837,0.6346,0.7057,8.0566,68.4409,0.1252,-0.1421,0.3922,103.7188
19:35:47:856,1.5252,1.1558,8.7258,66.3207,0.0253,-0.1682,0.4782,103.4844
19:35:47:873,2.3824,1.6131,9.8582,69.2479,-0.0607,-0.1783,0.401,103.1719
19:35:47:893,2.4889,1.6418,10.6914,67.7121,-0.0969,-0.0914,0.2061,102.7031
19:35:47:915,2.0304,1.23,11.0158,67.2333,-0.1017,-0.0339,0.0394,102.1406
19:35:47:938,1.2403,0.4328,11.7113,67.118,-0.1057,-0.161,0.0085,101.7188
19:35:47:958,0.6406,-0.4962,12.9743,69.3331,-0.0051,-0.3945,0.1749,101.4531
19:35:47:974,1.0811,-1.1989,13.4998,68.759,0.2514,-0.5618,0.4913,101.4688
19:35:47:996,2.2602,-1.2564,12.1962,66.9897,0.4903,-0.5647,0.7928,101.3906
19:35:48:017,3.3855,-0.726,10.4616,67.5518,0.4043,-0.5058,0.8876,101.0156
19:35:48:034,4.2893,-0.3741,9.9887,67.128,0.0064,-0.4148,0.7648,100.1875
19:35:48:053,4.7933,-0.5764,11.3522,68.0503,-0.408,-0.3751,0.4884,99.1719
19:35:48:078,4.5623,-1.1881,13.3418,69.3913,-0.4906,-0.2773,0.1805,98.1562
19:35:48:092,3.7435,-1.6095,14.0218,68.3244,-0.1798,-0.0108,0.0098,97.4531
19:35:48:112,3.5088,-1.588,11.5892,68.3088,0.2706,0.4012,-0.0035,97.1562
19:35:48:145,3.9386,-0.8577,8.0961,68.7317,0.4069,0.5363,-0.0581,97.125
19:35:48:163,4.6209,-0.2269,6.243,67.0516,0.1404,0.3035,-0.2675,97.125
19:35:48:172,4.8125,-0.0329,6.6428,67.1845,-0.3041,0.0071,-0.6246,97.0938
19:35:48:193,4.2271,-0.422,8.1859,67.6126,-0.6381,-0.0297,-0.9703,97.2188
19:35:48:213,2.836,-0.7141,8.9484,68.0343,-0.7697,0.2268,-1.1679,97.7344
19:35:48:238,1.3792,-0.7763,9.0717,68.4705,-0.7156,0.5168,-1.1444,98.7344
19:35:48:254,0.4706,-0.5357,8.4157,67.9478,-0.5055,0.622,-0.9247,100.0156
19:35:48:274,0.5855,0.0473,7.7525,67.8787,-0.2565,0.4452,-0.6419,101.4844
19:35:48:292,1.1589,0.6997,7.3539,67.4203,-0.0533,0.2039,-0.4664,102.8125
19:35:48:312,1.6892,1.2899,7.1528,68.0206,0.0921,0.0524,-0.4216,103.7188
19:35:48:335,2.0519,1.6873,6.9541,67.819,0.1574,0.0364,-0.4874,104.3594
19:35:48:352,2.0005,1.7986,6.8224,69.1065,0.1281,0.0971,-0.6251,104.8594
19:35:48:373,1.536,1.5664,7.3252,70.7886,0.0269,0.1472,-0.7359,105.6094
19:35:48:393,1.0117,1.3821,8.4732,68.5064,-0.0663,0.1938,-0.7175,106.3125
19:35:48:412,0.874,1.2971,9.8247,69.6406,-0.0442,0.2297,-0.5966,107.1562
19:35:48:433,0.8644,1.2312,10.5526,68.3194,0.1044,0.2779,-0.4523,108
19:35:48:454,1.1242,1.3928,10.5573,69.339,0.2389,0.3251,-0.3085,108.6562
19:35:48:474,1.3253,1.5664,10.3981,70.0047,0.2634,0.3498,-0.2296,109.1562
19:35:48:492,1.2583,1.5305,10.6184,69.7012,0.1843,0.348,-0.178,109.5
19:35:48:512,1.2942,1.2073,11.7389,68.8886,0.1167,0.2926,-0.1172,109.7344
19:35:48:534,1.2595,0.6279,12.6894,68.6447,0.1987,0.2721,-0.0496,109.8438
19:35:48:554,1.0931,0.2316,12.171,71.312,0.3459,0.3522,0.045,109.9844
19:35:48:573,1.0631,0.3466,11.0877,69.2005,0.3156,0.4074,0.1374,110.0938
19:35:48:593,1.4031,0.4555,10.8123,70.9452,0.1268,0.319,0.1544,110.0781
19:35:48:612,1.5683,0.1035,11.4803,70.4937,-0.1118,0.0433,0.075,109.9375
19:35:48:634,1.0643,-0.7823,12.9659,69.4965,-0.2615,-0.2502,0.021,109.7344
19:35:48:653,0.6358,-1.4946,15.0321,71.322,-0.1755,-0.2896,0.1211,109.5938
19:35:48:672,0.6717,-1.9291,14.9794,72.3103,0.319,0.0691,0.3075,109.5781
19:35:48:692,0.5903,-1.5018,10.8638,71.2647,0.7758,0.4875,0.4551,109.5469
19:35:48:712,0.8524,-0.9655,7.1061,71.2078,0.7324,0.4977,0.5139,109.3125
19:35:48:739,1.0979,-0.7392,5.8049,69.8521,0.355,0.1323,0.4434,108.8125
19:35:48:757,0.7363,-0.6315,6.3603,71.5528,-0.0154,-0.366,0.352,108.1875
19:35:48:772,0.6322,-0.5764,8.0375,71.6551,-0.2258,-0.7639,0.348,107.5625
19:35:48:792,0.9698,-0.4926,9.4273,73.0432,-0.2434,-0.7567,0.3685,107.1406
19:35:48:812,1.0021,-0.1275,9.116,70.7463,-0.1068,-0.399,0.3648,106.7656
19:35:48:836,1.2008,0.1155,7.2378,73.7525,-0.0043,-0.0209,0.3677,106.1719
19:35:48:852,1.7024,0.234,5.5786,73.1586,-0.0794,0.0912,0.3158,105.7969
19:35:48:872,2.0412,0.3765,5.2255,71.1838,-0.3198,-0.0457,0.1981,105.375
19:35:48:892,1.8161,0.3322,6.7111,71.7446,-0.5486,-0.2635,0.0593,105.0156
19:35:48:913,0.9171,0.0437,8.7485,72.1878,-0.4908,-0.3495,0.0178,104.8281
19:35:48:937,0.2563,-0.1933,9.5099,72.8143,-0.1427,-0.2046,0.1733,104.8125
19:35:49:023,1.4043,0.6566,7.1971,73.4471,0.1505,-0.1242,0.5368,104.8438
19:35:49:023,2.2938,1.1917,7.8076,74.1371,-0.1137,-0.2156,0.4678,104.6562
19:35:49:024,2.4781,1.4431,10.0929,73.9138,-0.3702,-0.2403,0.2937,104.1875
19:35:49:024,2.1621,1.2276,12.1028,72.6817,-0.3513,-0.0928,0.1363,103.0312
19:35:49:039,1.6928,0.9188,12.177,73.7048,-0.1129,0.1075,0.0812,103.0312
19:35:49:054,1.7347,0.7249,11.0661,72.0556,0.0029,0.1038,0.0862,102.75
19:35:49:071,1.7551,0.5058,11.1846,72.5282,-0.1009,-0.0773,0.0865,102.625
19:35:49:091,1.8042,-0.2269,12.6331,73.988,-0.1856,-0.2558,0.1065,102.5469
19:35:49:111,2.0172,-1.0241,13.179,75.0996,-0.1055,-0.2326,0.2215,102.4531
19:35:49:136,2.6062,-1.2995,12.5888,73.8393,-0.0197,-0.153,0.3674,102.375
19:35:49:154,3.2107,-1.3581,12.0932,73.7502,-0.0245,-0.1106,0.4181,102.2656
19:35:49:172,3.7734,-1.3126,11.788,74.3614,-0.0914,-0.0195,0.3619,102.0156
19:35:49:193,3.9146,-1.394,11.9292,73.1758,-0.1627,0.0729,0.1893,101.6094
19:35:49:212,3.4083,-1.6382,12.4691,74.0552,-0.0898,0.1538,0.0031,101.125
19:35:49:239,2.8049,-1.7627,11.6012,74.4771,0.1529,0.3309,-0.0786,100.7188
19:35:49:256,2.7319,-1.5281,9.7397,74.905,0.3225,0.4079,-0.0872,100.5312
19:35:49:273,3.097,-1.1738,8.3583,75.3394,0.2898,0.2859,-0.1412,100.5938
19:35:49:292,3.516,-0.829,8.1811,74.3838,0.1001,0.0822,-0.2818,100.6875
19:35:49:312,3.6812,-0.6806,8.873,75.0452,-0.0945,-0.0169,-0.5037,100.7656
19:35:49:337,2.9282,-0.5956,9.3579,73.5823,-0.1675,0.0622,-0.7322,100.9844
19:35:49:353,1.6258,-0.677,8.8371,74.8642,-0.1372,0.1994,-0.8227,101.4219
19:35:49:376,0.6717,-0.495,8.0123,73.819,-0.13,0.3392,-0.7213,102.125
19:35:49:394,0.4239,-0.0365,7.4581,73.4524,-0.114,0.4146,-0.5242,103.0625
19:35:49:412,0.7471,0.4531,7.0475,73.7126,-0.0032,0.3738,-0.3556,103.9844
19:35:49:437,1.2212,0.8254,6.2298,73.6908,0.139,0.2635,-0.2784,104.7344
19:35:49:456,1.5623,1.163,5.6875,73.6908,0.1627,0.1171,-0.2941,105.2188
19:35:49:473,1.6138,1.3126,6.0371,73.7595,0.0698,0.063,-0.3673,105.5781
19:35:49:492,1.2307,1.157,7.0211,73.0387,-0.033,0.0849,-0.4427,105.875
19:35:49:513,0.6334,0.9691,8.2134,72.164,-0.0751,0.128,-0.4014,106.2188
19:35:49:538,0.5879,1.1331,9.7242,73.3834,-0.0384,0.1586,-0.2366,106.7031
19:35:49:553,1.4319,1.4922,10.8471,72.6724,0.1664,0.2241,-0.1098,107.2031
19:35:49:573,1.949,1.9124,10.3491,71.7372,0.3883,0.3006,-0.1415,107.5781
19:35:49:593,1.8927,2.0105,9.8726,72.1492,0.3912,0.3461,-0.2358,107.75
19:35:49:613,1.4678,2.0273,10.0618,72.0422,0.2626,0.4143,-0.2925,107.8594
19:35:49:638,1.0201,1.7831,10.5813,71.7259,0.1406,0.3813,-0.2778,108.0469
19:35:49:655,0.7351,1.2731,11.618,72.4285,0.0895,0.2287,-0.2003,108.3281
19:35:49:679,0.5711,0.7488,12.5314,71.5034,0.1579,0.0726,-0.0776,108.6562
19:35:49:691,0.7459,0.5393,12.5421,71.7185,0.2746,0.0481,0.0766,109.0312
19:35:49:712,1.0141,0.7823,11.8191,71.5663,0.2229,0.1245,0.176,109.0938
19:35:49:741,1.2499,0.8338,11.6563,71.5737,-0.0192,0.2116,0.1898,109.0781
19:35:49:756,1.1302,0.4735,11.7712,72.1846,-0.2658,0.1962,0.1573,108.9062
19:35:49:772,0.8357,-0.1586,12.4655,72.0472,-0.4091,-0.0792,0.1507,108.6875
19:35:49:792,0.8967,-0.6123,14.2576,69.53,-0.2764,-0.2342,0.1893,108.5
19:35:49:812,0.7531,-0.7488,13.7799,69.5701,0.2724,-0.055,0.1898,108.3438
19:35:49:836,0.4095,-0.8182,9.9337,69.1278,0.7164,0.2223,0.1624,108.1719
19:35:49:854,0.3616,-0.6817,6.8284,66.7553,0.6184,0.3807,0.1384,107.9531
19:35:49:877,0.1845,-0.6614,5.4673,68.009,0.2024,0.2383,0.078,107.7344
19:35:49:891,-0.0897,-0.6111,6.237,67.7661,-0.237,-0.1785,0.0631,107.5156
19:35:49:912,0.3425,-0.5716,8.2829,67.4736,-0.4666,-0.6403,0.1001,107.375
19:35:49:932,0.9003,-0.2328,10.4891,68.0824,-0.4546,-0.7988,0.0881,107.3125
19:35:49:952,1.0907,0.1263,11.1619,66.8444,-0.2599,-0.5074,0.0164,107.2344
19:35:49:972,1.1074,0.2568,10.2353,68.2674,-0.0099,-0.0576,-0.0802,107.1562
19:35:49:992,1.038,0.1766,7.7921,67.9244,0.1912,0.2675,-0.1458,107.1094
19:35:50:012,1.2666,0.2915,5.7977,66.6782,0.1795,0.1653,-0.1884,107.1406
19:35:50:041,1.196,0.4926,5.5247,63.9845,-0.0461,-0.1445,-0.2826,107.2812
19:35:50:059,0.7459,0.2927,7.3587,65.4606,-0.2314,-0.4012,-0.3535,107.4375
19:35:50:071,-0.2597,-0.3921,9.3507,64.7691,-0.1963,-0.3261,-0.3095,107.7031
19:35:50:091,-0.5553,-0.4986,9.7014,65.5485,0.0224,-0.0361,-0.0776,108.0781
19:35:50:111,0.06,-0.0245,8.6552,65.8081,0.187,0.0865,0.119,108.6406
19:35:50:132,0.8477,0.5154,8.2146,65.9234,0.122,0.0281,0.1845,108.7344
19:35:50:152,1.5599,0.9499,8.8742,64.7718,-0.0434,-0.0691,0.1219,108.5781
19:35:50:172,1.8927,1.1151,9.9456,65.2331,-0.1044,-0.0566,-0.028,108.375
19:35:50:192,1.372,0.835,10.203,64.9031,-0.0679,0.0689,-0.1737,108.2344
19:35:50:213,0.6705,0.483,10.2258,65.2856,-0.0722,0.1288,-0.1721,108.2812
19:35:50:239,0.5556,0.0581,10.5849,63.8926,-0.1276,0.0561,-0.065,108.4688
19:35:50:255,0.6884,-0.4806,11.2948,64.2903,-0.2157,-0.0379,0.0825,108.6719
19:35:50:273,1.4319,-0.8254,11.9987,61.3776,-0.2471,-0.0888,0.2636,108.75
19:35:50:292,2.5248,-0.8194,12.116,62.3122,-0.2093,-0.0984,0.3611,108.6719
19:35:50:311,2.9689,-0.6638,11.2529,62.6754,-0.2171,-0.0912,0.3001,108.4062
19:35:50:331,2.9845,-0.6602,10.6806,61.2662,-0.4048,-0.0747,0.1762,108
19:35:50:352,2.9019,-1.2899,13.1958,63.2853,-0.7113,-0.0715,-0.1268,107.6875
19:35:50:373,2.2626,-1.5784,13.9284,61.5785,-0.4677,0.042,-0.1886,107.6875
19:35:50:392,2.3213,-1.8154,12.9408,61.6536,-0.07,0.2566,-0.1322,107.5312
19:35:50:412,2.8971,-1.5796,10.4065,60.6108,0.2184,0.3586,-0.1063,107.7344
19:35:50:439,3.5866,-1.2216,8.5833,58.1126,0.2416,0.1911,-0.2174,107.9844
19:35:50:455,3.7422,-0.9439,8.0423,59.7994,0.0945,0.0223,-0.4653,108.1406
19:35:50:474,3.1641,-0.8242,8.162,59.2776,-0.0605,0.0553,-0.7383,108.2656
19:35:50:491,1.9945,-0.8302,7.828,58.2057,-0.1076,0.1815,-0.9061,108.5
19:35:50:511,1.026,-0.7572,7.1324,57.8065,-0.1007,0.2558,-0.9101,109.0156
19:35:50:530,0.6142,-0.5046,6.7326,58.7095,-0.1089,0.2532,-0.8049,110.375
19:35:50:553,0.5831,-0.0784,6.6392,57.2557,-0.0967,0.1893,-0.6976,111.4531
19:35:50:572,0.4778,0.2017,6.7506,57.8968,-0.0812,0.1091,-0.628,112.4062
19:35:50:596,0.1893,0.3609,7.0762,56.6933,-0.0599,0.0542,-0.5484,113.2812
19:35:50:610,-0.0322,0.568,7.7956,56.8932,-0.0376,-0.0129,-0.4445,114.0469
19:35:50:631,-0.0993,0.7512,8.6552,53.8705,0.0216,-0.0337,-0.3404,114.7031
19:35:50:655,-0.0202,0.9248,9.3267,55.3278,0.1151,-0.0113,-0.2437,115.2812
19:35:50:676,0.206,1.2959,9.7733,55.6101,0.2258,0.0257,-0.1615,115.7188
19:35:50:691,0.5412,1.6754,10.2401,55.9958,0.3214,0.0753,-0.121,116.0469
19:35:50:711,0.6932,1.9627,10.4436,55.3774,0.3955,0.1895,-0.13,116.25
19:35:50:732,0.4646,2.0417,10.3323,54.1256,0.4365,0.3355,-0.1359,116.3906
19:35:50:752,0.066,1.9076,10.4305,54.1249,0.4418,0.4106,-0.08,116.5
19:35:50:771,-0.1759,1.7412,10.6962,53.4296,0.4722,0.3525,0.0503,116.6406
19:35:50:796,0.042,1.3653,11.1595,52.9027,0.5356,0.1256,0.201,116.75
19:35:50:810,0.607,0.9858,11.6467,51.8105,0.6013,-0.0733,0.3251,116.7812
19:35:50:831,1.1062,0.9703,11.5677,51.2484,0.5798,-0.1058,0.3627,116.7031
19:35:50:852,1.0955,1.0756,11.5545,52.3592,0.3752,0.0423,0.3211,116.4531
19:35:50:872,0.8632,0.9104,12.0717,51.5581,0.0629,0.3211,0.2788,116.0469
19:35:50:891,0.4694,0.4699,12.5314,52.3746,-0.1614,0.5578,0.2628,115.6094
19:35:50:913,-0.0023,-0.2137,12.7265,51.3297,-0.159,0.4833,0.3078,115.2344
19:35:50:938,-0.1004,-0.7787,13.1096,50.2648,0.077,0.1869,0.426,114.9062
19:35:50:954,0.2168,-0.914,12.1615,49.4924,0.489,0.0998,0.5139,114.6094
19:35:50:973,0.1318,-0.8673,9.1208,49.3767,0.7159,0.1919,0.4934,114.0625
19:35:50:991,0.4095,-0.7608,6.7003,48.8767,0.4759,0.2345,0.4239,113.5
19:35:51:011,0.7495,-0.7775,6.2969,47.4928,-0.0743,0.1142,0.233,112.875
19:35:51:077,0.3018,-1.0493,8.0171,47.0967,-0.5561,-0.1985,0.0087,112.3438
19:35:51:077,-0.4189,-1.3354,10.4628,45.3171,-0.6959,-0.492,-0.0576,111.9375
19:35:51:077,-0.881,-1.2456,12.0202,48.9582,-0.4626,-0.4568,0.0593,111.8125
19:35:51:091,-0.8295,-0.7691,11.0781,47.4446,-0.0599,-0.1413,0.2508,111.9062
19:35:51:111,-0.2704,-0.167,8.6444,45.9135,0.2096,0.2151,0.4311,111.9531
19:35:51:131,0.7411,0.5249,6.5866,46.1905,0.2964,0.3632,0.5121,111.7812
19:35:51:152,1.6629,0.9894,5.016,45.6017,0.2892,0.2481,0.4205,111.3906
19:35:51:172,2.0855,1.339,4.2762,46.0235,0.1561,-0.0699,0.2082,110.8438
19:35:51:191,1.7191,1.3473,4.9537,47.3478,-0.0535,-0.4515,-0.0512,110.2656
19:35:51:211,1.0572,1.0181,6.5447,46.1326,-0.2008,-0.6579,-0.2083,109.8906
19:35:51:231,0.4718,0.4016,8.0183,46.0955,-0.2527,-0.5985,-0.2246,109.7969
19:35:51:254,-0.043,0.2269,9.0753,46.227,-0.2874,-0.3658,-0.0752,109.9844
19:35:51:271,0.2336,0.6327,10.3203,47.4573,-0.2983,-0.1692,0.1525,110.2812
19:35:51:291,0.7411,1.0217,11.2086,46.0292,-0.1843,-0.031,0.2607,110.5
19:35:51:311,1.1553,1.4132,10.9141,45.1436,-0.013,0.0612,0.2655,110.4531
19:35:51:336,1.3768,1.7424,10.1144,46.1425,0.0655,-0.023,0.181,110.2188
19:35:51:354,1.4139,1.643,9.7481,45.8015,-0.0349,-0.2821,0.0543,109.9062
19:35:51:370,1.2415,1.1522,10.9069,45.5626,-0.2559,-0.4848,-0.043,109.6562
19:35:51:391,0.7591,0.562,12.9875,44.6503,-0.3803,-0.4459,-0.0336,109.5156
19:35:51:411,0.5807,0.0712,13.6495,45.4095,-0.2498,-0.1572,0.1195,109.5781
19:35:51:431,1.2427,-0.0856,12.2309,45.6889,-0.0469,-0.0217,0.3083,109.625
19:35:51:456,2.1477,0.0521,11.2971,46.1378,-0.0099,-0.1543,0.3685,109.5156
19:35:51:472,2.8372,0.0365,11.1583,43.9405,-0.123,-0.2052,0.2862,109.1719
19:35:51:493,3.431,-0.1012,11.4743,44.2362,-0.2631,-0.1884,0.1115,108.7656
19:35:51:511,3.7901,-0.4782,12.1914,44.5137,-0.335,-0.1817,-0.1489,108.4375
19:35:51:530,3.3939,-0.8673,12.693,42.6433,-0.2535,-0.1644,-0.4057,108.3281
19:35:51:553,2.9677,-1.1342,12.6415,42.6433,-0.0152,-0.0518,-0.537,108.5312
19:35:51:574,3.1377,-1.1917,10.683,43.51,0.2338,0.1863,-0.6254,108.9844
19:35:51:590,3.443,-1.2157,8.4624,45.5654,0.2003,0.2881,-0.7745,109.6094
19:35:51:614,3.3293,-1.4276,7.7214,43.0157,-0.0767,0.2598,-0.9793,110.2969
19:35:51:639,2.3333,-1.655,8.4337,41.5995,-0.3089,0.2327,-1.1284,111.125
19:35:51:656,1.1673,-1.5736,8.6671,42.8457,-0.3012,0.3245,-1.1117,112.2656
19:35:51:672,0.3066,-1.2133,7.6125,43.4321,-0.1726,0.4092,-0.95,113.5781
19:35:51:691,0.121,-0.6183,6.5555,42.6909,-0.1172,0.2937,-0.7282,114.8906
19:35:51:714,0.4047,0.1287,6.4728,42.8713,-0.1092,0.0316,-0.5724,115.9375
19:35:51:741,0.8513,0.7979,7.5227,41.4675,-0.0016,-0.1588,-0.5404,116.7812
19:35:51:758,0.5867,0.9667,7.5,41.0018,0.0176,-0.0299,-0.574,117.4531
19:35:51:770,0.3221,1.1151,8.0374,40.2408,-0.0045,0.1498,-0.591,118.0156
19:35:51:792,-0.0633,1.0828,8.9365,40.7477,0.0455,0.3727,-0.5924,118.625
19:35:51:810,-0.3746,0.9511,9.4141,40.2106,0.1715,0.6114,-0.5191,119.2812
19:35:51:830,-0.1687,0.993,9.0502,41.4423,0.2748,0.7602,-0.3766,119.9219
19:35:51:857,0.194,1.8681,8.5319,40.2507,0.2655,0.7602,-0.3034,120.6094
19:35:51:871,0.3293,2.4415,9.0825,42.9439,0.1856,0.5459,-0.3865,121.4375
19:35:51:900,0.0875,2.1817,10.0929,41.5535,0.1571,0.381,-0.5125,121.7812
19:35:51:909,-0.6272,1.722,10.6268,40.393,0.13,0.3996,-0.5641,121.9531
19:35:51:932,-1.2413,1.2444,11.1248,40.1321,0.0652,0.5003,-0.4821,122.3906
19:35:51:952,-1.379,0.8553,11.5833,40.7148,0.0333,0.5581,-0.2957,122.9688
19:35:51:971,-0.9624,0.562,11.6527,40.0963,0.0264,0.5267,-0.0664,123.5781
19:35:51:990,-0.2178,0.592,11.7712,41.4126,0.0011,0.4303,0.1171,124.125
19:35:52:010,0.1138,0.9751,12.0477,39.9526,-0.0336,0.3304,0.2045,124.4688
19:35:52:030,0.2515,1.2468,12.1615,39.6253,-0.1039,0.3014,0.2447,124.5312
19:35:52:051,0.2312,1.1905,12.2177,40.3848,-0.2069,0.2537,0.2532,124.4062
19:35:52:072,0.1761,0.5908,13.1239,38.2069,-0.2634,0.0356,0.2695,124.1719
19:35:52:090,0.2395,0.0688,14.2229,40.3677,-0.0834,-0.0417,0.3331,123.8906
19:35:52:113,0.7734,-0.1395,13.3346,38.3986,0.3358,0.092,0.3589,123.6094
19:35:52:130,1.1793,-0.2292,10.5717,39.2062,0.5966,0.2478,0.2178,123.2969
19:35:52:151,1.4498,-0.5453,8.217,39.0195,0.4804,0.3126,-0.0384,122.9219
19:35:52:177,1.5671,-0.9619,7.3695,38.5904,0.1268,0.2465,-0.3796,122.5312
19:35:52:193,1.0129,-1.4982,7.4102,38.4456,-0.2008,0.0348,-0.7292,122.2812
19:35:52:210,0.0097,-1.8585,8.0243,38.6305,-0.4104,-0.2092,-0.9399,122.3281
19:35:52:230,-0.8678,-1.7986,8.6192,38.4062,-0.4421,-0.3602,-0.9495,122.7344
19:35:52:254,-1.2533,-1.3414,9.134,38.5347,-0.2932,-0.3919,-0.8195,123.5781
19:35:52:271,-1.2796,-1.1534,8.9568,37.334,-0.0216,-0.3176,-0.6443,124.6406
19:35:52:290,-0.8774,-0.738,8.2541,35.743,0.224,-0.1876,-0.4363,125.7188
19:35:52:312,-0.2704,-0.2867,7.3479,36.782,0.3718,-0.1117,-0.297,127
19:35:52:330,0.0875,0.2508,6.5231,37.2494,0.3694,-0.1463,-0.2626,127.625
19:35:52:354,0.2527,0.647,6.8763,35.2497,0.2474,-0.1799,-0.2957,128.0312
19:35:52:370,0.4203,0.7069,7.482,37.9397,0.1673,-0.0816,-0.3604,128.3125
19:35:52:390,0.1497,0.6411,7.5981,37.6974,0.1201,0.043,-0.432,128.6406
19:35:52:410,-0.8762,0.6578,7.7968,37.1815,0.0053,0.1341,-0.4203,129
19:35:52:431,-1.7345,0.4675,8.8407,36.7846,-0.0921,0.1115,-0.2706,129.4375
19:35:52:456,-2.011,0.2029,10.1803,36.288,-0.0719,0.088,-0.0163,129.9375
19:35:52:472,-1.5226,0.519,10.9177,35.1629,0.0373,0.1402,0.2668,130.3594
19:35:52:491,-0.4045,1.0888,11.1344,36.2676,0.1534,0.1011,0.3608,130.5312
19:35:52:510,0.133,1.4838,11.26,36.0687,0.2016,0.0343,0.234,130.375
19:35:52:531,0.151,1.2695,11.6635,36.3313,0.1883,-0.0355,0.046,129.9688
19:35:52:555,-0.1878,0.6901,12.2201,36.3225,0.172,-0.0547,-0.0629,129.6094
19:35:52:574,-0.3794,0.2029,12.5996,36.1052,0.1886,0.0532,-0.0219,129.4531
19:35:52:592,0.03,0.0617,12.2022,35.1549,0.237,0.1743,0.0873,129.5
19:35:52:610,0.5532,0.3262,11.2876,35.604,0.2218,0.1887,0.1347,129.5625
19:35:52:630,1.1553,0.7177,10.5346,37.0107,0.0975,0.0729,0.0591,129.5156
19:35:52:655,1.6629,0.8936,10.6914,36.6965,-0.1491,-0.1519,-0.1433,129.375
19:35:52:671,2.0124,0.4304,12.6355,33.7974,-0.347,-0.4118,-0.3961,129.2344
19:35:52:695,1.6102,-0.4519,14.6071,34.3219,-0.2445,-0.3809,-0.6083,129.2812
19:35:52:710,0.7758,-1.0648,14.6179,34.3084,0.2075,-0.06,-0.6169,129.5781
19:35:52:731,1.2786,-1.2013,11.5857,34.6925,0.7236,0.1426,-0.4438,130.1875
19:35:52:756,2.684,-0.7452,8.6659,34.5204,0.8876,-0.0347,-0.3998,130.9219
19:35:52:777,3.7027,-0.3885,7.215,31.9682,0.7105,-0.3325,-0.6254,131.7344
19:35:52:800,3.4777,-0.3094,7.4928,32.8894,0.3941,-0.4736,-0.9761,132.9219
19:35:52:823,1.3792,-0.4591,6.8535,32.5963,0.127,-0.0044,-1.3333,134
19:35:52:835,0.7519,-0.0401,5.3954,33.4215,0.0091,0.1781,-1.2893,135.4531
19:35:52:863,0.6011,0.4028,5.1249,32.3468,-0.1806,0.1136,-1.2424,136.9688
19:35:52:879,0.4359,0.7021,5.7342,32.1795,-0.2724,-0.0741,-1.2398,138.3594
19:35:52:893,0.0001,0.823,6.5375,32.3043,-0.2229,-0.2784,-1.2515,139.7812
19:35:52:919,-0.5625,0.738,6.7458,33.5358,-0.119,-0.3983,-1.2203,141.2031
19:35:52:934,-0.9061,0.7524,6.9301,32.7692,-0.127,-0.448,-1.1253,142.6562
19:35:52:956,-1.0545,0.9619,7.6496,30.3537,-0.2594,-0.4046,-1.0251,144
19:35:52:972,-1.1467,1.0912,8.9784,32.144,-0.3856,-0.28,-0.9615,145.3125
19:35:52:992,-1.2688,1.1378,10.185,33.3548,-0.3918,-0.0321,-0.8983,146.5156
19:35:53:011,-1.3849,1.2911,10.5562,31.1041,-0.2836,0.1932,-0.8334,147.5781
19:35:53:032,-1.5872,1.3545,10.6651,31.7478,-0.1582,0.2822,-0.7543,148.6094
19:35:53:054,-1.8398,1.497,10.8315,33.1036,-0.0474,0.3354,-0.635,149.5625
19:35:53:071,-2.0002,1.7029,10.8052,30.7591,0.0565,0.41,-0.4805,150.375
19:35:53:146,-1.7453,1.9339,10.4329,32.5956,0.1079,0.4236,-0.3119,151.0938
19:35:53:146,-0.9719,2.001,10.7465,31.7539,0.0533,0.287,-0.1971,151.625
19:35:53:147,-0.0298,1.6263,11.8191,27.899,-0.0322,0.1584,-0.1774,151.9844
19:35:53:160,0.3772,1.2612,12.535,31.7867,-0.085,0.2012,-0.2206,152.1719
19:35:53:171,0.0372,1.2312,12.4907,29.5269,-0.1361,0.3003,-0.2571,152.2812
19:35:53:192,-0.2261,1.09,12.1579,29.0661,-0.2224,0.2939,-0.2395,152.2812
19:35:53:210,-0.2609,0.6447,12.4464,29.6161,-0.334,0.099,-0.1939,152.625
19:35:53:240,0.2467,-0.0126,14.2157,30.3434,-0.3329,-0.1924,-0.1436,153.1406
19:35:53:250,0.7483,-0.7201,15.9431,31.5274,-0.0051,-0.1775,-0.1327,153.1406
19:35:53:275,0.8022,-1.1271,14.3438,29.534,0.6197,0.2412,-0.1138,153.3594
19:35:53:290,0.8537,-1.1103,9.9959,29.4882,0.9958,0.5522,-0.0922,153.5156
19:35:53:309,1.2499,-1.0397,7.0882,29.2368,0.8844,0.4699,-0.134,153.6719
19:35:53:335,1.6162,-1.1977,6.237,29.6161,0.5641,0.1272,-0.28,153.7969
19:35:53:353,1.3457,-1.309,6.7661,28.8545,0.2735,-0.2984,-0.4722,153.9062
19:35:53:371,0.8225,-1.3138,7.7585,29.8939,0.0618,-0.5604,-0.6009,154.0625
19:35:53:390,0.4454,-1.218,8.5486,28.0424,-0.0935,-0.573,-0.6461,154.3906
19:35:53:410,0.0169,-0.8661,9.2956,28.9071,-0.1449,-0.4848,-0.611,154.9531
19:35:53:430,0.1031,-0.2915,9.2836,29.624,-0.0522,-0.37,-0.525,155.6406
19:35:53:456,0.3269,0.2747,8.6408,28.6379,0.0357,-0.2696,-0.501,156.4219
19:35:53:475,0.194,0.6004,7.8519,28.5045,0.0701,-0.1785,-0.5199,157.1406
19:35:53:491,-0.055,0.7512,7.3324,29.4697,0.0626,-0.1756,-0.5327,157.7344
19:35:53:513,-0.4189,0.9463,7.1504,29.4697,0.0495,-0.227,-0.5181,158.3125
19:35:53:529,-0.705,1.0086,7.1193,28.0141,0.0394,-0.3,-0.4786,159.2344
19:35:53:550,-0.7241,1.0229,7.0822,27.2528,0.0075,-0.406,-0.4041,159.8125
19:35:53:574,-0.5458,1.1714,7.5574,28.3628,-0.0711,-0.5362,-0.3511,160.4062
19:35:53:592,-0.4979,1.2001,8.4983,28.8219,-0.1577,-0.5825,-0.3359,160.9375
19:35:53:610,-0.4213,1.0948,9.626,28.8051,-0.2123,-0.5069,-0.3231,161.3906
19:35:53:629,-0.4943,1.0529,10.634,28.5009,-0.2155,-0.313,-0.305,161.7969
19:35:53:649,-0.7229,1.0612,11.047,28.5009,-0.1515,-0.0893,-0.2653,162.2031
19:35:53:672,-0.6834,1.1043,10.8782,28.4038,-0.0583,0.0084,-0.2142,162.5938
19:35:53:690,-0.5182,1.0277,10.7597,27.9646,-0.0173,-0.1056,-0.1891,162.9219
19:35:53:710,-0.0107,0.7835,11.5545,28.0517,-0.0458,-0.3056,-0.1657,163.2031
19:35:53:730,0.4275,0.5034,12.7852,28.9966,-0.0194,-0.345,-0.1535,163.4375
19:35:53:757,0.6166,0.337,12.6559,27.8682,0.0938,-0.1351,-0.1223,163.6406
19:35:53:773,1.1038,0.3825,11.2612,28.6504,0.1678,0.0457,-0.0661,163.8281
19:35:53:790,1.931,0.6267,10.1024,27.656,0.1079,-0.0126,-0.0778,164.0156
19:35:53:810,2.9162,0.8087,9.6057,26.368,-0.0554,-0.2427,-0.227,164.1094
19:35:53:830,3.5519,0.5285,10.1252,28.3844,-0.29,-0.5461,-0.5207,164.1719
19:35:53:856,3.4226,-0.2496,11.7353,25.3086,-0.4871,-0.6712,-0.8185,164.3281
19:35:53:874,2.9091,-1.157,13.27,26.4701,-0.4658,-0.456,-0.9724,164.7656
19:35:53:891,2.2794,-1.6203,12.8402,27.4506,-0.2069,0.0385,-0.9239,165.5469
19:35:53:910,2.3859,-1.4263,10.9524,26.2292,0.0527,0.3754,-0.7372,166.6562
19:35:53:930,3.4418,-0.9619,9.2812,28.7847,0.2253,0.3432,-0.6286,167.7969
19:35:53:954,4.421,-0.6578,8.1895,28.1812,0.3049,0.0617,-0.7388,169.0781
19:35:53:974,4.6844,-0.5094,7.6245,27.5883,0.2522,-0.1466,-0.9937,169.7812
19:35:53:991,4.0343,-0.574,7.1935,27.3976,0.1065,-0.1514,-1.2744,170.6094
19:35:54:015,2.866,-0.6794,6.8164,27.6452,-0.0714,-0.0265,-1.4534,171.6719
19:35:54:029,1.9227,-0.6255,6.5076,28.1042,-0.2474,0.1317,-1.4888,173.1406
19:35:54:051,1.5097,-0.2783,6.559,28.5399,-0.3902,0.1339,-1.4483,174.8125
19:35:54:070,1.378,-0.0497,7.2977,28.8069,-0.4469,-0.0632,-1.4456,175.6719
19:35:54:096,1.0991,-0.0054,8.1811,27.9196,-0.4104,-0.2403,-1.4683,177.2812
19:35:54:110,0.5484,0.0246,8.7258,28.0569,-0.3577,-0.2835,-1.4744,178.9375
19:35:54:129,0.0217,0.0269,9.1891,27.8814,-0.3214,-0.1556,-1.4206,180.625
19:35:54:149,-0.2896,0.1383,9.3159,27.6139,-0.2653,0.0201,-1.3138,182.3438
19:35:54:171,-0.2345,0.4507,9.1543,28.8434,-0.2107,0.0976,-1.2052,183.9531
19:35:54:190,-0.1076,0.8027,9.3375,26.1132,-0.1816,0.0886,-1.1175,185.5312
19:35:54:210,0.042,1.1079,9.4524,28.6915,-0.1217,0.1192,-1.0603,186.9844
19:35:54:229,-0.0035,1.3282,9.1807,27.8704,-0.0786,0.2196,-1.0342,188.25
19:35:54:249,-0.1878,1.473,8.7557,28.0111,-0.0892,0.2944,-1.0099,189.4844
19:35:54:270,-0.6212,1.5233,8.9736,27.6528,-0.1579,0.328,-0.9628,190.6875
19:35:54:292,-0.9193,1.5892,9.3567,29.1009,-0.1864,0.3858,-0.8526,191.7969
19:35:54:309,-1.0414,1.5664,9.5997,27.6604,-0.188,0.3269,-0.7351,193.4688
19:35:54:333,-0.9372,1.321,10.3526,28.1219,-0.2104,0.1757,-0.6232,194.4375
19:35:54:353,-0.4967,0.8158,11.0936,29.6053,-0.2514,0.0947,-0.5434,195.2344
19:35:54:370,-0.3231,0.3454,11.873,26.2268,-0.3678,0.1669,-0.5058,195.9375
19:35:54:389,-0.4093,0.064,12.6571,29.4338,-0.5169,0.3381,-0.4696,196.5625
19:35:54:409,-0.4847,-0.2843,13.2317,28.7856,-0.5766,0.4289,-0.4166,197.1406
19:35:54:429,0.4622,-0.4483,13.7249,28.6781,-0.5241,0.3075,-0.3559,197.6562
19:35:54:450,1.372,-0.5501,14.2217,30.6193,-0.412,0.0068,-0.4904,198.125
19:35:54:470,0.5939,-1.3497,15.1051,26.7559,-0.2826,-0.1114,-0.6997,198.5312
19:35:54:490,-0.9899,-2.1374,14.9435,27.8488,-0.033,0.3645,-0.6001,199.0625
19:35:54:510,-1.4843,-2.2248,12.3542,27.6655,0.338,0.9613,-0.1955,199.875
19:35:54:530,-0.4392,-1.9279,9.0538,30.5876,0.6197,1.0399,0.172,200.5625
19:35:54:551,1.4881,-1.1055,6.7865,28.3402,0.6266,0.0428,0.1531,200.7812
19:35:54:574,1.5671,-1.1941,7.0929,27.113,0.539,-0.402,-0.0525,200.6094
19:35:54:590,1.1637,-1.2073,7.7047,29.3734,0.3587,-0.553,-0.2392,200.6094
19:35:54:610,0.5651,-1.1833,8.4493,27.006,0.1092,-0.3895,-0.3434,200.1562
19:35:54:630,0.054,-1.2145,9.2848,28.146,-0.0887,-0.071,-0.3609,200.25
19:35:54:649,-0.3698,-1.1414,9.699,29.0503,-0.0591,0.16,-0.2832,200.5469
19:35:54:675,-0.523,-0.8553,9.1783,27.8678,0.1606,0.1416,-0.1596,200.9531
19:35:54:691,-0.5529,-0.4411,8.0853,28.4016,0.3699,-0.0595,-0.0531,201.3438
19:35:54:709,-0.1938,-0.161,7.3383,30.1314,0.4051,-0.2177,-0.003,201.6562
19:35:54:729,-0.1016,0.1024,7.0977,28.2865,0.2485,-0.1564,-0.0379,201.8438
19:35:54:749,-0.3423,0.2137,7.2964,27.9186,-0.0506,0.0729,-0.0991,201.9219
19:35:54:771,-0.5996,0.1131,8.2302,26.7011,-0.3745,0.3669,-0.1399,201.9531
19:35:54:790,-0.9133,0.0581,9.5207,28.1872,-0.5127,0.5767,-0.1473,202.0312
19:35:54:809,-1.0713,0.0281,10.294,28.8335,-0.338,0.5267,-0.117,202.1562
19:35:54:831,-1.1707,0.0126,10.197,28.0775,0.0104,0.2747,-0.0704,202.2969
19:35:54:857,-1.0426,0.2245,9.6631,28.4016,0.2967,-0.0134,-0.0094,202.4219
19:35:54:873,-0.7924,0.2855,9.4309,28.8498,0.4397,-0.2606,0.0029,202.5156
19:35:54:890,-0.6224,0.1921,9.213,28.6806,0.3971,-0.3021,-0.015,202.5469
19:35:54:914,-0.4308,-0.0616,9.4285,29.5653,0.192,-0.2667,-0.0203,202.5781
19:35:54:928,-0.4117,-0.3082,10.4484,30.1835,-0.0232,-0.2528,-0.0121,202.6094
19:35:54:951,-0.2716,-0.5656,11.6671,27.4352,-0.0882,-0.2406,0.0593,202.6406
19:35:54:972,0.1893,-0.5537,11.9089,29.7154,0.0069,-0.2518,0.1829,202.6719
19:35:54:991,0.9219,-0.2688,11.3486,29.3547,0.0788,-0.3807,0.2628,202.6875
19:35:55:009,1.5575,-0.0868,11.2337,28.5514,0.0208,-0.5812,0.2165,202.625
19:35:55:031,1.7287,-0.0616,11.5869,28.1797,-0.134,-0.7154,0.0833,202.4375
19:35:55:054,1.5468,-0.6746,12.8989,28.707,-0.274,-0.7391,-0.072,202.1406
19:35:55:071,0.8477,-1.2528,14.2468,27.6761,-0.2274,-0.4824,-0.1252,201.9219
19:35:55:088,0.5771,-1.5245,14.157,27.0416,0.1483,-0.076,-0.0065,201.8594
19:35:55:111,1.5013,-1.1331,11.5318,27.8663,0.649,0.1054,0.1493,201.9688
19:35:55:131,3.182,-0.5584,8.9975,27.99,0.8695,-0.1761,0.0836,202.125
19:35:55:148,4.2438,-0.3478,8.0554,27.0721,0.7377,-0.516,-0.2773,202.1406
19:35:55:210,3.8392,-0.4184,8.5857,27.3208,0.4991,-0.5722,-0.7263,201.875
19:35:55:210,2.6325,-0.5632,8.6444,28.6226,0.4037,-0.3514,-1.0283,201.9688
19:35:55:210,1.5001,-0.5405,7.3491,26.9359,0.3934,-0.0717,-1.1367,202.5781
19:35:55:228,0.7986,-0.2257,5.9425,29.0968,0.281,0.1198,-1.1191,203.5781
19:35:55:255,0.6705,0.2448,5.2159,28.2299,0.0517,0.2185,-1.0752,204.8438
19:35:55:272,0.5987,0.6231,5.4026,28.3409,-0.1976,0.2529,-1.0837,206.1406
19:35:55:289,0.1174,0.7608,6.2909,26.9788,-0.3473,0.2177,-1.104,207.3125
19:35:55:308,-0.5099,0.7895,7.5311,26.7616,-0.335,0.1203,-1.0283,208.5156
19:35:55:328,-0.8546,1.0026,8.3475,28.0419,-0.1979,-0.0049,-0.8613,209.7656
19:35:55:348,-0.5027,1.2647,8.9113,28.6813,-0.0328,-0.1349,-0.6744,210.9375
19:35:55:372,0.1186,1.6047,9.1448,28.3409,0.0732,-0.1857,-0.5862,212.0156
19:35:55:389,0.2826,1.7208,9.3818,26.4747,0.0874,-0.1732,-0.6078,212.9062
19:35:55:409,0.0695,1.6478,9.8798,28.5483,0.0386,-0.0925,-0.6384,213.6094
19:35:55:429,-0.3518,1.509,10.4305,26.6795,0.0019,0.0577,-0.603,214.2656
19:35:55:448,-0.7828,1.485,11.12,27.9279,0.0506,0.1549,-0.4962,215
19:35:55:473,-1.173,1.5018,11.3055,29.0049,0.2253,0.2106,-0.3223,215.7188
19:35:55:489,-1.258,1.728,10.6723,28.2871,0.4003,0.1759,-0.1202,216.3125
19:35:55:509,-1.094,2.0237,10.3,27.1576,0.4429,0.0385,0.0343,216.7812
19:35:55:529,-1.0366,1.9471,10.6567,27.2589,0.4053,-0.1479,0.1283,217.0156
19:35:55:549,-0.9097,1.6706,11.3558,28.1028,0.3814,-0.2766,0.2402,217.0469
19:35:55:572,-0.4476,1.4671,11.6156,27.984,0.3657,-0.2542,0.3275,216.875
19:35:55:590,-0.0921,1.3426,11.436,27.1286,0.2815,-0.1157,0.3475,216.625
19:35:55:608,0.0109,1.2432,11.1547,27.0182,0.0828,0.0441,0.3246,216.2969
19:35:55:628,-0.1735,0.7153,11.4217,26.6063,-0.1752,0.0694,0.2878,215.9062
19:35:55:648,-0.6619,0.0293,12.5374,25.7805,-0.3342,-0.1,0.3251,215.5312
19:35:55:673,-1.0641,-0.5357,14.1606,26.3848,-0.1595,-0.3418,0.4918,215.1875
19:35:55:690,-1.1252,-0.6722,14.2181,26.8469,0.4354,-0.5037,0.7632,214.8438
19:35:55:708,-0.541,-0.4699,11.4719,27.6438,1.0306,-0.5381,1.0077,214.3125
19:35:55:728,0.1821,0.0018,8.4181,27.6438,1.1231,-0.4667,1.1046,213.4844
19:35:55:748,0.7866,0.2664,6.9409,25.8298,0.7896,-0.3511,1.0751,212.4062
19:35:55:774,1.0033,0.6255,7.1097,26.5358,0.3681,-0.3016,0.9904,211.1562
19:35:55:792,1.3265,1.0241,8.2386,26.5533,0.1505,-0.3721,0.9081,209.9375
19:35:55:808,1.8281,1.1929,8.5845,27.002,0.1483,-0.452,0.7731,208.875
19:35:55:829,1.9095,1.1762,8.3212,26.9279,0.175,-0.4749,0.5845,207.875
19:35:55:848,1.4857,1.1271,8.059,25.9761,0.1633,-0.3983,0.4183,207.0469
19:35:55:876,0.8728,0.9212,7.719,27.7297,0.131,-0.2094,0.332,206.4219
19:35:55:891,0.3449,0.8362,7.3252,26.3196,0.0855,0.0388,0.3501,206.0156
19:35:55:908,0.2276,0.987,6.9325,27.6802,0.0461,0.1629,0.4356,205.6562
19:35:55:928,0.4598,1.1893,6.9397,26.1841,0.0186,0.1,0.499,205.2344
19:35:55:949,1.1362,1.7472,7.8806,27.3136,0.0317,-0.0555,0.5075,204.75
19:35:55:972,1.2882,1.8992,7.7406,27.0965,0.1244,-0.1596,0.3427,204.1562
19:35:55:990,1.1984,1.9471,7.6735,26.2579,0.0096,-0.1167,0.2583,203.5781
19:35:56:009,1.305,2.0213,8.4911,25.6001,-0.1667,-0.0499,0.2218,202.7344
19:35:56:028,1.5683,2.1099,9.444,26.449,-0.2421,0.0838,0.1818,202.7344
19:35:56:049,1.8389,2.1638,9.4464,25.0102,-0.2317,0.2713,0.1254,202.4375
19:35:56:073,2.0807,1.9591,8.8455,26.4867,-0.29,0.3581,0.0492,202.2188
19:35:56:090,2.5392,1.3677,8.8395,25.1784,-0.4637,0.2415,-0.0168,202.0312
19:35:56:108,2.5858,0.6375,10.1934,25.8965,-0.6762,0.0787,-0.0408,201.875
19:35:56:128,2.6613,0.3597,11.9927,26.7419,-0.7388,0.0098,0.0428,201.7969
19:35:56:149,2.7618,0.155,13.0868,24.6998,-0.5864,-0.0009,0.1299,201.8125
19:35:56:170,2.6936,0.0281,12.4176,27.0071,-0.3289,0.0287,0.1983,201.9062
19:35:56:190,2.848,-0.064,10.5969,26.6338,-0.269,-0.0454,0.2023,201.9219
19:35:56:207,2.842,-0.1754,9.8726,26.7396,-0.527,-0.2259,0.1134,201.8281
19:35:56:227,2.611,-0.5872,11.5988,25.09,-0.8322,-0.4054,-0.0187,201.625
19:35:56:248,2.125,-1.1438,13.9344,24.6951,-0.8011,-0.3602,-0.0786,201.4219
19:35:56:272,1.6677,-1.4539,14.3629,24.9163,-0.3958,-0.1311,-0.0003,201.3438
19:35:56:289,2.0148,-1.1474,11.8215,23.1982,0.0844,0.0516,0.1533,201.4688
19:35:56:307,3.0791,-0.5728,9.3219,24.4192,0.221,-0.0749,0.172,201.6562
19:35:56:328,4.0559,-0.2927,8.5642,23.7004,0.0226,-0.2342,-0.0235,201.7031
19:35:56:348,3.9661,-0.2616,9.1723,23.8522,-0.2559,-0.146,-0.3394,201.5312
19:35:56:373,2.9318,-0.4555,9.383,24.7927,-0.3672,0.1525,-0.5939,201.3125
19:35:56:391,1.6222,-0.416,8.6073,24.804,-0.3502,0.4345,-0.6672,201.7812
19:35:56:410,0.9087,-0.0521,7.4269,23.4266,-0.3097,0.5384,-0.5782,202.0781
19:35:56:433,0.9817,0.5381,6.7985,23.7806,-0.2908,0.4175,-0.4738,202.8438
19:35:56:447,1.2164,0.9631,6.8858,24.6326,-0.2778,0.2417,-0.4435,203.5781
19:35:56:468,1.433,1.2983,7.0439,25.1737,-0.2847,0.2375,-0.4587,204.1719
19:35:56:501,1.4474,1.4407,7.0582,23.5054,-0.3872,0.4953,-0.5101,204.6562
19:35:56:507,1.1158,1.558,7.2306,25.4587,-0.5364,0.8881,-0.5335,205.1719
19:35:56:528,0.8141,1.813,7.3324,24.3239,-0.5699,1.0561,-0.5231,205.7344
19:35:56:548,0.7411,1.9004,7.7573,23.5274,-0.4589,0.7427,-0.5303,206.3125
19:35:56:571,0.637,1.7232,8.9341,22.9137,-0.2448,0.2167,-0.5519,206.9062
19:35:56:591,0.5424,1.4084,10.2521,24.7035,0.012,-0.1671,-0.5615,207.5
19:35:56:609,0.3114,0.8625,11.0661,24.3196,0.1838,-0.2241,-0.5663,208.0938
19:35:56:628,-0.2082,0.3585,11.8646,24.4593,0.2107,-0.0166,-0.48,208.7344
19:35:56:649,-0.3985,0.0796,12.3027,23.6091,0.1995,0.2731,-0.3005,209.3906
19:35:56:674,-0.2884,-0.1131,12.7014,23.4005,0.187,0.4361,-0.0959,210
19:35:56:690,0.1545,-0.149,13.0437,23.152,0.2722,0.4521,0.1067,210.4219
19:35:56:707,0.6873,-0.2604,12.535,22.7784,0.4546,0.2867,0.237,210.6406
19:35:56:727,1.287,-0.3537,11.5497,25.2698,0.4991,0.0292,0.2796,210.5938
19:35:56:748,1.1505,-0.1861,11.5414,24.6325,0.3398,-0.1652,0.2471,210.3906
19:35:56:772,0.8094,-0.1167,11.9232,22.4349,0.1518,-0.1277,0.2268,210.0625
19:35:56:789,0.4311,-0.2532,11.7006,23.1787,-0.0354,0.0731,0.2244,209.75
19:35:56:807,-0.0969,-0.4998,11.4983,24.6939,-0.1436,0.202,0.2601,209.5
19:35:56:827,-0.7217,-0.7512,10.8052,23.9542,-0.037,0.2359,0.3547,209.1094
19:35:56:847,-1.1994,-0.6925,9.0155,24.5863,0.1918,0.2204,0.5251,208.8125
19:35:56:874,-0.9181,-0.3238,6.808,23.7057,0.2514,0.0755,0.6798,208.4219
19:35:56:891,-0.5278,-0.0054,5.8324,24.6755,-0.0077,-0.194,0.6833,207.7969
19:35:56:908,-0.5254,-0.1371,6.8284,21.6942,-0.4453,-0.4678,0.6103,207.0156
19:35:56:927,-0.365,-0.4675,9.3291,23.2637,-0.8309,-0.667,0.5906,206.2344
19:35:56:948,-0.0957,-0.653,12.9216,23.2688,-0.8791,-0.7093,0.5959,205.6094
19:35:56:974,-0.195,-0.7871,14.1774,24.1333,-0.3675,-0.4169,0.6202,204.9844
19:35:56:990,-0.5158,-0.7117,11.6323,23.8529,0.3039,-0.0467,0.7262,204.3594
19:35:57:007,-0.0562,-0.2508,8.3152,24.0795,0.6354,0.1144,0.886,203.7031
19:35:57:028,0.9602,0.3059,5.9832,25.0952,0.5936,0.0532,0.9052,203.3125
19:35:57:048,1.4247,0.9703,5.7809,22.8776,0.3153,-0.1546,0.7272,202.3594
19:35:57:074,1.3014,1.084,7.1061,24.0925,0.1236,-0.2715,0.4767,201.2656
19:35:57:090,0.6789,0.5369,8.156,25.2455,0.171,-0.3048,0.2852,200.3438
19:35:57:107,0.0779,0.2113,8.4636,23.1726,0.2951,-0.3149,0.27,199.6562
19:35:57:127,0.1234,0.2125,8.709,26.7518,0.3678,-0.3658,0.339,199.25
19:35:57:148,0.473,0.3466,9.1759,22.8984,0.3683,-0.3785,0.3629,198.9688
19:35:57:171,0.7064,0.4519,9.6631,24.4985,0.3294,-0.2424,0.3352,198.6094
19:35:57:190,0.9219,0.5034,9.7349,24.1801,0.2884,-0.0683,0.266,198.2031
19:35:57:208,1.0979,0.4256,9.7122,23.1729,0.2208,-0.011,0.1773,197.7812
19:35:57:278,1.2595,0.264,10.0629,23.169,0.1012,-0.0915,0.0857,197.2969
19:35:57:278,1.4869,-0.4232,10.9716,25.5054,-0.0298,-0.244,-0.0011,197.0781
19:35:57:278,1.5408,-1.2061,12.4428,23.074,-0.1158,-0.2829,0.0007,196.9844
19:35:57:291,1.7778,-1.9291,13.1527,24.2786,-0.0389,-0.1173,0.1544,197
19:35:57:308,2.5571,-2.0345,11.9448,25.0204,0.0999,0.1315,0.4101,197.0312
19:35:57:329,3.7219,-1.3605,10.1827,24.9782,0.0775,0.1658,0.5312,196.8594
19:35:57:347,3.7818,-1.0361,9.7074,25.3975,-0.4373,-0.1612,0.0793,196.3906
19:35:57:367,2.6577,-1.6143,11.4252,25.5938,-0.6032,-0.2092,-0.1095,195.7812
19:35:57:387,1.6413,-1.9136,12.5805,25.6922,-0.4799,-0.0686,-0.0768,195.7812
19:35:57:407,1.6844,-1.5281,11.9149,24.5584,-0.1148,0.0872,0.0894,195.3125
19:35:57:428,2.5392,-0.9942,9.79,23.6765,0.1696,0.0209,0.1299,195.5
19:35:57:447,3.0384,-0.4387,8.4109,23.9831,0.1595,-0.1271,-0.0158,195.625
19:35:57:471,3.0443,-0.155,8.0279,24.3207,-0.0652,-0.1266,-0.2762,195.5312
19:35:57:491,2.3488,-0.1598,8.071,26.173,-0.3036,0.0769,-0.5503,195.375
19:35:57:508,1.2954,-0.2089,7.9908,24.6347,-0.4354,0.2955,-0.7276,195.3906
19:35:57:532,0.2288,-0.2783,7.7322,24.5873,-0.4554,0.3988,-0.762,195.7188
19:35:57:546,-0.1795,-0.0856,7.5083,26.5916,-0.404,0.3647,-0.656,196.3438
19:35:57:568,-0.0514,0.3382,7.5251,26.936,-0.3241,0.2383,-0.5348,197.2031
19:35:57:600,0.2024,0.7727,7.7885,25.4188,-0.2445,0.0984,-0.4563,198.0938
19:35:57:607,0.5412,1.2228,8.1548,25.9347,-0.171,0.0611,-0.4171,198.8281
19:35:57:627,0.9494,1.5473,8.3846,25.9224,-0.0975,0.096,-0.4291,199.4531
19:35:57:648,1.2523,1.6945,8.6312,25.9834,-0.0583,0.1115,-0.4896,200.4688
19:35:57:671,1.3062,1.8154,9.1244,26.4861,-0.041,0.1128,-0.5447,200.9531
19:35:57:688,1.3684,1.6514,9.8283,26.8019,0.004,0.1373,-0.57,201.5156
19:35:57:707,1.2224,1.4228,10.2198,27.5625,0.0802,0.2156,-0.5756,201.8125
19:35:57:727,1.0284,1.2312,10.5155,28.1078,0.1396,0.2961,-0.5412,202.4219
19:35:57:748,0.88,1.0241,10.616,25.7799,0.1976,0.3919,-0.4701,203.0781
19:35:57:768,0.6908,0.8781,10.5837,27.4192,0.2663,0.4321,-0.3748,203.7031
19:35:57:791,0.6633,0.908,10.1839,27.1022,0.3486,0.4095,-0.2722,204.2656
19:35:57:811,0.6394,1.0038,9.8152,27.1022,0.359,0.2952,-0.2129,204.7031
19:35:57:827,0.4395,0.8601,10.0115,28.6492,0.293,0.1586,-0.1862,205.0469
19:35:57:847,0.3401,0.501,10.5478,28.3741,0.2293,0.1016,-0.146,205.2812
19:35:57:866,0.3461,0.4208,10.4508,28.9826,0.138,0.1946,-0.1029,205.4844
19:35:57:888,0.5987,0.3801,10.3083,29.9084,-0.0884,0.2827,-0.1199,205.6562
19:35:57:907,0.7435,0.0641,11.0925,28.5373,-0.3928,0.2186,-0.2192,205.7812
19:35:57:927,0.1557,-0.6482,12.5864,29.5056,-0.5742,-0.0182,-0.3239,205.8906
19:35:57:947,-0.8379,-1.3581,14.819,29.945,-0.4722,-0.2374,-0.276,206.0469
19:35:57:968,-1.1144,-2.1542,15.3601,30.4352,0.021,-0.1199,-0.0374,206.375
19:35:57:990,-1.1228,-2.1099,12.2333,30.2765,0.5273,0.2377,0.2846,206.7812
19:35:58:009,-0.4751,-1.5389,8.7689,29.7731,0.5934,0.2992,0.5446,206.9688
19:35:58:028,0.2994,-1.248,7.4964,31.4168,0.3007,0.0572,0.5959,206.8281
19:35:58:048,0.2108,-1.2599,8.1667,31.1243,0.0157,-0.2411,0.5374,206.2969
19:35:58:074,-0.2369,-1.1797,9.0741,31.4257,-0.0679,-0.4302,0.5643,205.625
19:35:58:089,-0.1411,-0.7907,9.3184,30.5353,-0.032,-0.5224,0.6836,204.9844
19:35:58:107,0.631,-0.2999,9.2932,31.3449,0.0197,-0.5498,0.7307,204.0781
19:35:58:127,1.1398,0.1921,9.1304,31.4052,0.0288,-0.4238,0.6551,203.3594
19:35:58:147,1.3014,0.3478,8.7653,32.3414,0.037,-0.1916,0.5238,202.9531
19:35:58:168,1.062,0.4028,8.0578,32.0735,0.0948,0.0111,0.4143,202.1719
19:35:58:191,0.7268,0.4124,7.0762,31.621,0.1609,0.0529,0.3951,201.5
19:35:58:209,0.9087,0.5764,6.6273,33.6683,0.1827,-0.0731,0.4335,201
19:35:58:229,1.1745,0.7895,6.7697,33.3578,0.1851,-0.2036,0.4324,200.5469
19:35:58:249,1.7048,0.9355,6.9182,33.5074,0.1673,-0.2832,0.3848,200.0469
19:35:58:273,1.9047,1.0122,7.4904,32.6885,0.0466,-0.345,0.2433,199.5781
19:35:58:288,1.2487,0.5142,8.5366,34.0644,-0.1249,-0.3322,0.1118,199.0938
19:35:58:307,0.1581,-0.0832,10.1707,34.6902,-0.2826,-0.2158,0.1707,198.7344
19:35:58:330,0.0217,-0.1742,11.9831,33.2227,-0.187,-0.1045,0.4026,198.5781
19:35:58:347,0.8309,-0.076,11.7126,34.2778,0.1963,-0.067,0.5656,198.4844
19:35:58:368,1.8006,0.1634,9.8283,37.0281,0.4344,-0.1311,0.5896,198.1875
19:35:58:389,2.8803,0.4435,8.6767,37.3741,0.3159,-0.3077,0.4729,197.6094
19:35:58:407,3.3999,0.5381,9.2525,38.1215,0.0157,-0.4955,0.2197,196.9531
19:35:58:427,3.103,0.2795,10.8087,36.6302,-0.1947,-0.5191,-0.0499,196.2969
19:35:58:447,2.2351,-0.4304,11.2457,37.5912,-0.2165,-0.3056,-0.1886,195.8906
19:35:58:467,1.7491,-0.7703,10.452,38.2297,-0.2362,-0.0691,-0.1519,195.8594
19:35:58:488,1.9634,-0.7931,9.5626,37.4839,-0.3638,-0.007,-0.0821,196.0625
19:35:58:510,2.5835,-0.6614,9.3255,37.3648,-0.669,-0.1524,-0.1039,196.2969
19:35:58:529,3.3831,-1.0373,12.0801,38.5763,-1.0682,-0.3903,-0.2467,196.4531
19:35:58:547,2.9845,-1.6346,15.9826,38.7412,-1.0136,-0.308,-0.4046,196.7031
19:35:58:568,2.1369,-2.3433,16.2831,39.3849,-0.3172,0.1536,-0.3601,197.0938
19:35:58:589,2.3357,-2.4164,12.1914,38.4899,0.3976,0.5142,-0.1207,197.6719
19:35:58:608,3.8715,-2.0512,8.1212,39.0196,0.6184,0.401,0.0063,198.0938
19:35:58:628,4.7275,-1.3617,6.1939,39.1355,0.3382,0.0406,-0.2038,198.1719
19:35:58:647,4.2462,-0.9379,7.002,39.6307,-0.1427,-0.0944,-0.5695,198.1094
19:35:58:668,2.8145,-0.987,8.2481,38.9956,-0.3824,0.153,-0.8653,198.2969
19:35:58:689,1.1314,-1.072,7.6281,39.3716,-0.3534,0.4747,-0.9452,198.9688
19:35:58:709,0.1174,-0.8793,6.5818,40.7401,-0.3342,0.5522,-0.8078,199.9844
19:35:58:729,-0.1507,-0.3992,6.6416,41.4689,-0.3252,0.3408,-0.5774,201.0781
19:35:58:747,0.3999,0.5501,7.2462,40.5928,-0.0706,-0.0832,-0.3095,201.9688
19:35:58:768,0.6418,0.902,6.9852,39.7466,0.0029,-0.1514,-0.2778,201.9688
19:35:58:790,0.9949,1.1091,6.6752,41.2938,-0.0493,-0.256,-0.2959,202.6562
19:35:58:809,1.1074,1.1678,7.5706,41.1829,-0.2024,-0.4669,-0.3324,203.4531
19:35:58:829,1.6102,1.0337,9.5063,42.2811,-0.2623,-0.6243,-0.3127,203.7812
19:35:58:850,2.4626,1.2288,11.2457,42.388,-0.1499,-0.6345,-0.2885,204.5
19:35:58:873,3.5579,1.7448,12.3231,42.1753,0.0661,-0.4126,-0.3697,204.5
19:35:58:889,4.0774,1.6789,12.3243,42.8649,0.2562,-0.0219,-0.6344,204.8906
19:35:58:906,3.2155,1.1295,11.3031,43.2926,0.3007,0.4393,-0.8997,205.25
19:35:58:926,1.7012,0.8326,10.2701,43.5523,0.1641,0.8068,-0.9364,205.6719
19:35:58:946,0.6035,0.6291,10.6627,44.7578,-0.017,0.8215,-0.7537,206.3438
19:35:58:967,0.1964,0.3478,12.2153,45.6894,0.0413,0.548,-0.4294,208.375
19:35:58:991,0.4742,0.185,12.5098,45.1824,0.3912,0.2361,-0.0802,209.1719
19:35:59:009,1.1039,0.3873,11.1296,45.3471,0.6466,0.0287,0.139,209.4688
19:35:59:027,1.3887,0.6267,9.7924,45.9643,0.4836,0.0398,0.1613,209.7188
19:35:59:047,1.4977,0.4256,9.7134,45.5748,-0.0152,0.21,0.087,209.625
19:35:59:066,1.8425,-0.2747,11.1547,45.2276,-0.5103,0.275,-0.0203,209.3906
19:35:59:091,1.3648,-1.0217,13.5573,45.491,-0.6858,0.0761,-0.1465,209.2188
19:35:59:109,0.3509,-1.7113,15.6857,44.8077,-0.3646,-0.0092,-0.1625,209.1875
19:35:59:127,-0.286,-2.4666,13.7979,45.8802,0.2964,0.2289,-0.0344,209.3125
19:35:59:146,-0.8738,-2.2727,9.6655,46.001,0.6011,0.3514,0.1637,209.5469
19:35:59:166,-0.8582,-2.1003,7.5502,46.6818,0.4224,0.1325,0.3541,209.6719
19:35:59:191,-0.6763,-2.068,7.3611,44.6851,0.1276,-0.1788,0.4905,209.5625
19:35:59:209,-0.5542,-1.8082,8.1141,46.0102,-0.0879,-0.403,0.6314,209.2344
19:35:59:227,-0.2573,-1.3725,8.9449,46.1247,-0.1387,-0.5186,0.784,208.7344
19:35:59:246,0.1474,-0.9212,9.3483,46.1667,-0.0173,-0.5628,0.9123,208.4375
19:35:59:267,0.6465,-0.5704,9.1292,45.7712,0.225,-0.5093,1.0122,207.7812
19:35:59:288,1.2247,-0.1323,7.7944,46.2042,0.4559,-0.3642,1.062,206.9062
19:35:59:334,1.7754,0.1826,6.2107,45.2373,0.5129,-0.2693,1.0178,205.8906
19:35:59:343,2.01,0.3561,5.4242,45.5881,0.3859,-0.2832,0.9131,204.7344
19:35:59:354,1.961,0.4375,5.7007,45.4698,0.1774,-0.3192,0.8045,203.5469
19:35:59:373,1.6952,0.4902,6.9038,47.4354,0.0434,-0.3152,0.7312,202.3438
19:35:59:389,1.7706,0.4998,7.4593,47.3766,0.0575,-0.2523,0.6953,201.2812
19:35:59:407,1.9562,0.5369,7.5814,48.2414,0.0455,-0.2539,0.6364,200.4062
19:35:59:427,2.192,0.6279,8.2805,48.0662,-0.0711,-0.2635,0.5669,199.1719
19:35:59:448,2.5835,0.732,9.541,47.2523,-0.1846,-0.2406,0.4625,198.4219
19:35:59:467,2.6744,0.7524,10.622,48.6404,-0.2072,-0.1751,0.3216,197.7656
19:35:59:489,2.4661,0.5704,11.2289,48.8179,-0.1454,-0.1093,0.1973,197.2031
19:35:59:509,2.3213,0.4232,11.3726,49.9252,-0.0615,-0.0646,0.1288,196.7812
19:35:59:526,2.3764,0.2173,11.2577,50.1172,-0.024,-0.0725,0.0756,196.5312
19:35:59:547,2.4458,-0.1885,11.2912,49.7449,-0.0455,-0.0992,0.026,196.375
19:35:59:566,2.368,-0.841,11.6742,49.4723,-0.0818,-0.1208,0.038,196.25
19:35:59:589,2.7558,-1.418,11.9149,47.9674,-0.069,-0.104,0.1597,196.2031
19:35:59:607,4.0116,-1.7939,11.4444,50.1993,-0.0599,-0.0885,0.254,196.2031
19:35:59:630,4.9489,-1.9435,10.9524,49.1193,-0.1539,-0.0163,0.1523,196.1094
19:35:59:646,5.0387,-1.9686,10.4149,50.6094,-0.3292,0.14,-0.0986,195.8594
19:35:59:667,4.0631,-1.9136,10.5358,48.6799,-0.5808,0.2801,-0.378,195.625
19:35:59:689,2.5356,-1.9734,12.0023,49.5801,-0.6693,0.4489,-0.4973,195.6094
19:35:59:708,1.785,-1.9674,12.0118,48.8636,-0.3894,0.6361,-0.3543,195.9375
19:35:59:735,2.4075,-1.4395,10.1659,49.4515,-0.0189,0.5173,-0.1481,196.5625
19:35:59:747,3.7183,-1.1797,8.8072,49.9677,0.1294,0.0151,-0.1165,197.0938
19:35:59:766,4.8196,-1.1726,8.867,49.5669,0.025,-0.4236,-0.2896,197.3906
19:35:59:789,4.4833,-1.0277,10.0905,49.333,-0.1542,-0.4491,-0.5862,197.5
19:35:59:810,2.9198,-1.1426,10.4197,47.1131,-0.1499,-0.0739,-0.7924,197.8906
19:35:59:827,1.3253,-1.0361,8.9293,48.6348,-0.0091,0.3355,-0.7564,198.5938
19:35:59:846,0.5496,-0.6542,7.1576,47.6612,0.0858,0.5211,-0.5482,199.5156
19:35:59:870,0.7435,-0.1407,5.9545,48.4904,0.1225,0.4577,-0.3085,200.3281
19:35:59:892,1.439,0.4878,5.6253,48.6131,0.134,0.2518,-0.1673,200.9375
19:35:59:908,1.9574,0.9703,5.5367,48.6131,0.1702,0.0478,-0.1796,201.2656
19:35:59:927,2.0436,1.2013,5.15,48.0393,0.1587,-0.0568,-0.2736,201.4375
19:35:59:950,2.0268,1.3198,4.5718,48.0412,0.0075,-0.1037,-0.3758,201.625
19:35:59:976,2.04,1.4383,4.7287,47.9157,-0.3726,-0.1751,-0.5053,201.9219
19:35:59:990,2.1752,1.3952,7.4449,48.1631,-0.893,-0.0787,-0.6392,202.3281
19:36:00:011,1.9083,1.1594,11.0817,47.8018,-1.1414,0.3363,-0.7788,202.6094
19:36:00:027,1.0907,0.6135,13.677,46.7079,-0.9361,0.699,-0.8342,203.3438
19:36:00:047,0.6645,0.179,14.6538,48.3953,-0.3888,0.7525,-0.7548,204.25
19:36:00:068,0.6932,-0.1466,13.8613,46.816,0.204,0.5853,-0.6318,205.25
19:36:00:091,0.4323,-0.0808,12.5409,46.3628,0.5055,0.4478,-0.4869,206.2344
19:36:00:109,0.6466,-0.1371,11.8059,46.365,0.539,0.4169,-0.3346,207.3906
19:36:00:127,1.0093,-0.1945,11.4695,47.5902,0.4253,0.4833,-0.2254,207.8906
19:36:00:148,0.5676,-0.5309,11.6838,47.2917,0.1915,0.5727,-0.0946,208.2344
19:36:00:176,0.1366,-0.4256,11.3091,47.0248,0.1526,0.4953,-0.0243,208.2344
19:36:00:192,-0.4189,-0.5836,11.108,46.2367,0.0493,0.2729,0.0063,208.4531
19:36:00:209,-0.6786,-1.3797,12.1698,45.3817,-0.1433,-0.0552,0.0838,208.6406
19:36:00:227,-0.7241,-2.1183,14.8753,45.5478,-0.1933,-0.2449,0.2641,208.7344
19:36:00:247,-0.2585,-2.4175,16.0951,45.7561,0.2607,-0.0318,0.4916,208.7188
19:36:00:269,0.279,-2.086,12.7612,45.6288,0.8919,0.3155,0.6455,208.625
19:36:00:291,0.9614,-1.5006,8.5941,44.1569,1.0991,0.3245,0.6796,208.3438
19:36:00:308,1.3433,-1.011,6.2418,44.2804,0.8453,0.0284,0.552,207.7656
19:36:00:330,0.9877,-0.8302,6.3232,44.2213,0.3918,-0.3636,0.3933,207.0312
19:36:00:346,0.8752,-0.9906,8.235,43.0856,0.0549,-0.5977,0.3581,206.2031
19:36:00:369,1.0368,-0.8098,9.8008,44.1489,0.0429,-0.5011,0.3957,205.2969
19:36:00:391,1.2463,-0.3262,9.5255,42.0951,0.2647,-0.2534,0.4282,204.9375
19:36:00:411,1.5324,0.094,7.9094,42.6835,0.4416,-0.0203,0.3936,204.5312
19:36:00:427,1.4881,0.1933,6.4537,41.9768,0.4421,0.0747,0.3115,204.0625
19:36:00:447,1.0679,0.4064,5.8934,40.5948,0.3164,0.0036,0.2655,203.5781
19:36:00:468,0.856,0.6375,6.2562,41.003,0.2264,-0.101,0.2884,203.375
19:36:00:492,1.0428,0.9188,6.5926,41.9306,0.2282,-0.1532,0.3129,202.9844
19:36:00:510,1.1745,1.2025,6.6368,39.862,0.236,-0.1687,0.2836,202.6719
19:36:00:527,1.2355,1.3916,6.9684,40.7538,0.1984,-0.2204,0.2239,202.3438
19:36:00:547,1.0787,1.4395,7.7346,40.2724,0.1409,-0.3282,0.1621,201.9844
19:36:00:566,0.8824,1.5006,8.8228,38.567,0.0879,-0.3967,0.1432,201.6562
19:36:00:592,1.1182,1.5209,10.0582,38.1105,0.0804,-0.3788,0.1475,201.4062
19:36:00:610,1.4594,1.7268,10.8051,37.3084,0.1167,-0.2901,0.1169,201.25
19:36:00:627,1.8496,1.8142,11.0865,38.2669,0.1361,-0.1849,0.0117,201.1094
19:36:00:647,1.9394,1.5449,11.3403,37.4865,0.1183,-0.1122,-0.1431,200.8906
19:36:00:666,1.6713,1.0229,11.7592,34.5001,0.0759,-0.1202,-0.2685,200.8125
19:36:00:691,1.0332,0.3454,12.7959,35.4208,0.0567,-0.1524,-0.276,200.8906
19:36:00:711,0.8453,-0.2005,13.416,34.6612,0.1707,-0.1034,-0.1255,201.1406
19:36:00:727,1.6808,-0.4064,12.6882,34.0927,0.3302,-0.0302,0.075,201.4688
19:36:00:746,2.9174,-0.3226,11.3223,32.1192,0.3718,-0.0779,0.1334,201.7188
19:36:00:767,3.4154,-0.1478,10.6842,31.7435,0.179,-0.2211,-0.0153,201.7188
19:36:00:793,3.1688,-0.4244,11.7688,30.3584,-0.0788,-0.3133,-0.2422,201.5625
19:36:00:808,2.3764,-0.9619,13.3885,31.7405,-0.106,-0.1908,-0.3947,201.4531
19:36:00:830,1.6006,-1.1893,13.1682,30.0341,0.1643,0.1083,-0.3849,201.625
19:36:00:847,1.5803,-0.914,10.9512,26.939,0.4972,0.2532,-0.2933,202.0469
19:36:00:868,2.2973,-0.7213,8.5319,27.8115,0.5574,0.0249,-0.2592,202.5
19:36:00:890,2.9881,-0.4196,8.0913,26.4993,0.3316,-0.3317,-0.3487,202.8281
19:36:00:909,2.9941,-0.1287,9.0287,26.3938,0.0985,-0.4214,-0.5095,203.0625
19:36:00:926,2.5523,-0.1622,9.1567,25.8496,0.0474,-0.1306,-0.6528,203.1875
19:36:00:947,1.8149,-0.0233,7.7693,25.192,0.0796,0.2755,-0.6877,203.875
19:36:00:968,1.269,0.3514,6.0742,24.7963,0.0352,0.4289,-0.6446,204.5781
19:36:00:990,0.8513,0.7057,5.6037,22.7334,-0.0879,0.3165,-0.5796,205.3125
19:36:01:010,0.5939,0.9595,6.2693,23.4544,-0.172,0.1759,-0.4909,206.0156
19:36:01:026,0.6322,1.2887,6.8942,22.2165,-0.1414,0.1677,-0.386,206.6719
19:36:01:047,0.7124,1.5544,6.9708,22.0775,-0.0775,0.177,-0.3087,207.2812
19:36:01:068,0.8201,2.0345,7.4856,21.6559,-0.0804,0.1576,-0.2397,207.75
19:36:01:091,1.1577,2.4762,8.4924,19.4211,-0.0671,0.1877,-0.2049,208.125
19:36:01:110,1.2391,2.7073,9.0131,18.8609,0.0037,0.2614,-0.2131,208.4219
19:36:01:126,1.1302,2.8078,9.0538,19.1,0.0503,0.3126,-0.2067,208.6406
19:36:01:147,1.1481,2.8593,9.2633,19.0277,0.0362,0.304,-0.1849,208.8594
19:36:01:167,0.947,2.8377,10.0881,16.235,0.0186,0.2721,-0.1535,209.0625
19:36:01:192,0.6238,2.8006,10.7333,15.9586,0.0943,0.3477,-0.0683,209.25
19:36:01:209,0.5963,2.8437,10.4951,15.0637,0.2024,0.4431,0.029,209.4531
19:36:01:226,0.4035,2.8629,10.2952,15.4532,0.2501,0.4124,0.0692,209.5
19:36:01:250,0.0564,2.7767,10.4257,12.6483,0.2479,0.2966,0.1136,209.3906
19:36:01:265,0.0779,2.56,10.8327,11.5696,0.2266,0.1698,0.1746,209.2656
19:36:01:287,0.291,2.1757,11.1068,9.95,0.1997,0.1067,0.193,209.0938
19:36:01:312,0.4682,1.7364,11.3414,9.9641,0.1308,0.0486,0.1704,208.8594
19:36:01:337,0.534,1.5185,11.8514,7.9869,0.0389,-0.0457,0.1211,208.625
19:36:01:402,0.3497,1.0816,12.6571,7.5183,-0.0107,-0.215,0.0537,208.4219
19:36:01:402,-0.0765,0.5106,13.6483,7.3526,0.0226,-0.2632,0.0804,208.2812
19:36:01:403,-0.2525,0.0389,13.6339,7.6199,0.2253,0.0345,0.2178,208.25
19:36:01:419,-0.2824,0.1514,11.1571,7.0533,0.4498,0.4542,0.3834,208.25
19:36:01:427,0.0612,0.3801,8.9999,7.1062,0.4756,0.5168,0.5009,208.1094
19:36:01:446,0.2778,0.4818,8.205,3.7362,0.3808,0.3738,0.5398,207.7031
19:36:01:465,-0.0741,0.5058,8.4804,6.0629,0.3246,0.1959,0.5675,207.125
19:36:01:496,-0.304,0.6195,8.618,6.294,0.3633,0.1285,0.6577,206.4531
19:36:01:505,-0.2968,1.0193,8.1225,7.8686,0.3981,0.0337,0.7685,205.4219
19:36:01:525,0.1905,1.412,6.9816,9.541,0.3204,-0.0622,0.8402,204.6719
19:36:01:547,1.2032,1.6634,7.3611,7.9579,0.1103,-0.1833,0.8266,203.7656
19:36:01:566,1.5899,1.977,7.0199,9.7358,-0.0522,0.1815,0.5171,202.8125
19:36:01:585,1.1302,1.8202,6.4537,8.6411,-0.069,0.1442,0.3877,202.8125
19:36:01:604,0.5568,1.7771,6.638,10.2685,-0.1241,-0.0691,0.3491,201.9375
19:36:01:625,0.4466,1.8633,7.6185,10.3948,-0.1145,-0.2121,0.3709,200.5312
19:36:01:647,0.5388,2.0512,7.7753,13.615,-0.0392,-0.2113,0.3765,200.0625
19:36:01:666,0.5077,2.4463,7.1097,11.7761,-0.0647,-0.1844,0.3808,199.7031
19:36:01:685,0.8058,2.8581,7.5251,12.3584,-0.2493,-0.2331,0.3805,199.3125
19:36:01:705,1.518,3.2328,8.6336,15.1075,-0.3475,-0.2158,0.2953,198.9219
19:36:01:724,1.7132,3.3597,9.3986,13.9883,-0.3372,-0.1162,0.0849,198.5312
19:36:01:745,1.2655,3.0903,9.7086,15.7956,-0.2855,0.0058,-0.1063,198.1562
19:36:01:766,0.795,2.6977,9.7385,16.736,-0.2503,-0.0262,-0.1601,197.7969
19:36:01:787,0.9614,2.2547,10.1862,18.6817,-0.274,-0.2283,-0.1311,197.8594
19:36:01:804,1.2559,1.8106,11.5186,19.9621,-0.3638,-0.4206,-0.0824,198.0469
19:36:01:826,1.433,1.2995,13.3143,21.1032,-0.4141,-0.3868,0.0066,198.25
19:36:01:845,1.9227,0.9643,14.0481,21.4351,-0.3153,-0.1239,0.1752,198.4219
19:36:01:865,2.6792,1.005,13.009,23.7494,-0.0951,0.0524,0.3166,198.5625
19:36:01:888,3.0036,1.2073,11.205,24.8278,0.0471,-0.1197,0.2585,198.5781
19:36:01:905,2.0795,0.92,10.6866,25.051,-0.0021,-0.5042,0.0865,198.4219
19:36:01:924,1.3672,0.1814,12.0908,26.9968,-0.0823,-0.7181,0.0716,198.0781
19:36:01:946,1.8185,-0.0545,12.7983,26.7049,0.0234,-0.4816,0.222,197.7969
19:36:01:965,3.4645,0.1478,11.6467,29.5737,0.2155,-0.2108,0.332,197.7656
19:36:01:987,5.089,0.4112,9.7852,29.5737,0.2762,-0.1543,0.1973,197.7812
19:36:02:009,5.7306,0.3741,8.6528,29.6016,0.1116,-0.2659,-0.1713,197.5781
19:36:02:030,5.2362,0.1107,8.8299,30.3943,-0.1832,-0.2374,-0.5916,197.2188
19:36:02:045,3.929,-0.2939,8.8958,33.2895,-0.3995,0.0271,-0.8925,196.9844
19:36:02:066,2.6218,-0.3382,8.4828,33.2999,-0.5002,0.3309,-0.9756,197.5
19:36:02:090,1.8065,-0.1071,7.8124,33.7462,-0.4703,0.5173,-0.9098,198.4219
19:36:02:106,1.4809,0.3597,6.7242,34.7399,-0.355,0.491,-0.7977,199.5469
19:36:02:129,1.5683,0.8829,6.0072,36.793,-0.261,0.2843,-0.7165,200.5781
19:36:02:152,1.6868,1.2229,5.739,37.2808,-0.225,0.0782,-0.7106,201.5312
19:36:02:166,1.5564,1.4479,5.8372,38.3031,-0.2573,-0.0219,-0.7468,202.3594
19:36:02:188,1.1709,1.5066,6.2897,40.404,-0.3422,-0.0249,-0.7628,203.125
19:36:02:209,0.6669,1.5628,7.2641,39.3848,-0.4144,0.026,-0.7042,203.9844
19:36:02:226,0.4083,1.831,8.1859,41.074,-0.3958,0.0516,-0.587,204.875
19:36:02:246,0.6645,2.1159,8.8742,42.9134,-0.2794,0.0084,-0.4858,205.7031
19:36:02:266,0.7914,2.3912,9.2645,43.5693,-0.1553,-0.0273,-0.4541,206.4844
19:36:02:287,0.5939,2.5014,9.5554,45.0564,-0.1004,0.0161,-0.4624,207.1094
19:36:02:309,0.1438,2.3721,9.9983,45.6032,-0.0836,0.1149,-0.4363,207.6406
19:36:02:326,-0.3159,2.2703,10.2916,48.2867,-0.0469,0.2127,-0.3513,208.1562
19:36:02:346,-0.5901,2.1326,10.3251,49.6465,-0.0043,0.2295,-0.2193,208.6875
19:36:02:372,-0.4847,2.1159,10.5382,49.9695,0.0035,0.1184,-0.0893,209.2969
19:36:02:389,-0.3255,1.8813,11.0075,52.1863,-0.0557,0.0177,-0.0243,209.5156
19:36:02:406,-0.371,1.3402,11.6407,52.4195,-0.1726,0.0452,0.0063,209.6094
19:36:02:425,-0.3051,0.5405,12.1711,54.312,-0.3377,0.1701,0.0852,209.625
19:36:02:446,0.054,0.1347,12.863,56.9148,-0.5095,0.2625,0.2213,209.6406
19:36:02:466,0.5268,-0.064,13.8111,56.0714,-0.6056,0.2556,0.3257,209.6094
19:36:02:491,0.8022,-0.4543,15.019,58.1488,-0.5278,0.1387,0.3853,209.4219
19:36:02:509,0.6525,-0.811,15.4942,59.083,-0.2027,0.1315,0.4492,209.1094
19:36:02:526,0.2874,-0.8745,13.331,60.7522,0.2274,0.3227,0.5656,208.7344
19:36:02:546,0.4227,-0.5956,10.3048,61.0867,0.42,0.3301,0.6841,208.2656
19:36:02:566,1.0284,-0.41,8.5055,63.1262,0.338,0.0457,0.6934,207.6875
19:36:02:594,1.6186,-0.4771,8.4636,64.6673,0.1015,-0.3098,0.5725,206.9531
19:36:02:610,1.7527,-0.6375,9.2848,63.8289,-0.0895,-0.4867,0.3986,206.1094
19:36:02:628,1.6653,-0.4447,9.869,65.8194,-0.1811,-0.4148,0.262,205.375
19:36:02:646,1.8125,0.0329,9.7433,67.5734,-0.1915,-0.1679,0.1648,204.6875
19:36:02:666,1.8688,0.7189,9.3974,67.2615,-0.1332,0.0364,0.0362,204.4375
19:36:02:694,2.2459,1.6442,8.9688,69.3425,-0.0019,0.149,-0.1079,204.2656
19:36:02:710,2.6936,2.3661,8.1165,70.2254,0.1305,0.0931,-0.3474,204.2344
19:36:02:726,2.5368,2.2907,7.4329,71.0611,0.1257,-0.1258,-0.673,204.3438
19:36:02:746,1.3277,1.5413,7.8591,70.9697,-0.0003,-0.2504,-0.9223,204.7344
19:36:02:764,-0.3231,0.4196,9.2621,72.9981,-0.0629,-0.1034,-0.9135,205.5
19:36:02:785,-1.361,-0.4136,10.2796,73.6842,0.1364,0.2803,-0.6025,206.5156
19:36:02:808,-1.3514,-0.501,9.3375,75.5783,0.5257,0.5192,-0.1601,207.5781
19:36:02:825,-0.3818,0.0066,7.5502,74.7246,0.8048,0.3232,0.1978,208.2344
19:36:02:845,0.6825,0.4878,6.6225,78.3373,0.8091,-0.0667,0.3515,208.3594
19:36:02:867,1.3468,0.7919,6.7949,77.5044,0.5582,-0.2827,0.3501,208.0625
19:36:02:891,1.6294,0.8553,8.0937,78.8287,0.2136,-0.2273,0.2785,207.8594
19:36:02:909,1.4929,0.7859,9.6176,80.9482,-0.0075,0.0484,0.2002,207.6406
19:36:02:924,1.3026,0.7536,10.2856,80.8674,-0.0202,0.2934,0.132,207.0938
19:36:02:947,1.0835,0.4268,10.0199,82.4416,-0.0045,0.0409,0.0162,206.7188
19:36:02:966,0.8321,-0.2041,11.211,82.728,-0.0381,-0.2491,0.0061,206.5469
19:36:02:990,0.4215,-0.8733,12.0058,85.916,0.0184,-0.2648,0.1637,206.4062
19:36:03:007,0.5999,-0.8649,11.3654,84.5554,0.094,-0.1559,0.421,206.4375
19:36:03:026,1.1302,-0.2592,10.3239,87.0013,0.0631,-0.1074,0.6002,206.4375
19:36:03:045,1.7263,0.4555,9.5674,87.9038,-0.1068,-0.1458,0.6058,206.2969
19:36:03:066,2.1214,0.665,9.7673,86.8739,-0.3707,-0.239,0.4657,205.8125
19:36:03:085,1.7646,0.3873,10.9464,88.7181,-0.5878,-0.3034,0.282,205.1406
19:36:03:108,1.2738,0.0162,12.3805,88.803,-0.6463,-0.1974,0.2149,204.4688
19:36:03:125,1.3014,-0.2352,13.0306,88.7558,-0.474,0.0031,0.2418,204.0156
19:36:03:144,1.633,-0.5561,12.0884,89.7876,-0.2328,0.0974,0.2798,203.7656
19:36:03:165,2.0783,-0.7284,11.0721,90.4588,-0.1406,0.0063,0.3187,203.5781
19:36:03:184,2.6828,-0.6518,10.9871,90.8191,-0.1182,-0.0483,0.3182,203.3438
19:36:03:210,2.6637,-0.4579,10.3191,90.2715,-0.0027,0.0777,0.2484,202.6719
19:36:03:229,2.1537,-0.1095,8.6204,89.0228,0.1185,0.2718,0.2029,202.5
19:36:03:245,1.8688,0.258,6.814,90.865,0.1803,0.3522,0.2244,202.1875
19:36:03:266,1.9011,0.6794,5.3811,91.3772,0.1633,0.2359,0.2412,201.7812
19:36:03:285,2.3692,1.2516,5.1141,89.744,0.0615,0.0358,0.2042,201.7812
19:36:03:307,3.1018,1.7699,5.6516,92.0205,-0.0096,-0.0728,0.0327,201.5
19:36:03:326,3.0408,1.9818,5.8851,92.1884,-0.0594,-0.0211,-0.277,201.2031
19:36:03:349,2.3069,1.9639,6.0371,92.5176,-0.1633,0.1352,-0.5402,200.9688
19:36:03:364,1.5707,1.9136,6.7494,93.3291,-0.2908,0.2036,-0.6752,201.2344
19:36:03:385,1.4821,2.0177,8.4385,95.5016,-0.2969,0.1597,-0.7034,201.5156
19:36:03:405,1.5073,2.1063,9.6476,94.382,-0.0828,0.0015,-0.737,202.2344
19:36:03:453,1.0907,2.0369,9.8211,95.9901,0.1547,-0.1815,-0.779,203.0312
19:36:03:454,0.4203,1.8597,9.7864,96.9969,0.1686,-0.1588,-0.7431,203.8125
19:36:03:464,-0.0897,1.5748,10.44,97.4964,0.013,0.051,-0.6049,204.6875
19:36:03:483,-0.2633,1.4958,11.2445,98.5373,-0.1334,0.3429,-0.3982,205.5781
19:36:03:506,-0.2477,1.3833,11.8909,98.7116,-0.167,0.508,-0.2022,206.3594
19:36:03:525,-0.1579,1.2324,12.4871,97.5376,-0.0621,0.4228,-0.0395,206.8906
19:36:03:547,-0.0585,1.0289,12.4105,99.7063,0.1281,0.283,0.0846,207.2031
19:36:03:564,0.115,0.8649,11.6647,99.6091,0.1949,0.2167,0.1786,207.3125
19:36:03:585,0.4718,0.9727,11.2972,99.3119,0.0432,0.2625,0.2282,207.25
19:36:03:609,0.9255,0.9619,11.4468,99.9506,-0.2077,0.348,0.1714,207.0781
19:36:03:629,0.7902,0.5429,11.703,99.5603,-0.4317,0.3847,0.0415,206.8125
19:36:03:645,0.1091,-0.1981,12.2393,102.0232,-0.5944,0.271,-0.0445,206.6562
19:36:03:665,-0.7026,-0.89,13.5764,100.518,-0.531,0.1339,0.0159,206.4531
19:36:03:685,-0.9276,-1.1702,13.3669,100.8797,-0.1238,0.194,0.2338,206.4062
19:36:03:705,-0.4955,-0.9367,10.47,99.2733,0.2983,0.2721,0.4569,206.4531
19:36:03:724,0.1689,-0.4268,7.7094,100.215,0.3412,0.0737,0.5142,206.3125
19:36:03:744,0.5005,-0.2675,7.0582,99.5205,0.0421,-0.211,0.3933,205.8906
19:36:03:764,0.3796,-0.5405,7.98,98.6311,-0.2796,-0.3692,0.2583,205.2969
19:36:03:784,0.042,-0.5345,8.733,99.7823,-0.4064,-0.4475,0.2191,204.7969
19:36:03:806,-0.0286,-0.167,9.1053,100.6168,-0.4016,-0.5234,0.262,204.4531
19:36:03:825,0.3197,0.0712,9.5434,99.6737,-0.3374,-0.48,0.2899,204.2188
19:36:03:844,0.4718,0.2233,9.4393,98.1786,-0.1736,-0.2693,0.2881,204
19:36:03:864,0.6011,0.2077,8.2194,98.5721,0.065,-0.1405,0.299,203.7188
19:36:03:885,0.7184,0.2963,6.7745,99.6377,0.1989,-0.2076,0.3086,203.4219
19:36:03:906,0.7184,0.5106,6.8009,98.4348,0.2093,-0.3482,0.2923,203.0938
19:36:03:925,0.5915,0.434,7.9465,100.0939,0.2069,-0.3072,0.2346,202.7656
19:36:03:945,0.1677,-0.2424,8.4397,100.6439,0.2471,-0.0715,0.2417,202.4219
19:36:03:964,-0.5158,-0.3909,8.1835,101.5385,0.2607,0.1996,0.4455,202.125
19:36:03:985,-0.3494,-0.0389,8.3367,99.5116,0.2701,0.1805,0.7379,201.7188
19:36:04:005,0.7315,0.6015,8.6791,99.3961,0.3145,-0.0339,0.9035,201.1875
19:36:04:024,1.5276,1.2396,8.9772,100.7417,0.3068,-0.222,0.8652,200.3281
19:36:04:044,2.0244,1.6083,9.4381,100.0262,0.257,-0.2779,0.6974,199.3281
19:36:04:064,1.9083,1.6825,9.6488,101.1372,0.1907,-0.2185,0.4625,198.3281
19:36:04:086,1.6593,1.6538,9.6033,101.1372,0.0631,-0.1402,0.2663,197.5469
19:36:04:104,1.554,1.3473,10.4005,103.4728,-0.1507,-0.1849,0.1041,197.0469
19:36:04:124,1.2367,0.6195,12.0489,101.9203,-0.3036,-0.2534,0.0039,196.75
19:36:04:144,1.0452,-0.1706,13.4172,104.08,-0.2871,-0.2172,0.05,196.6719
19:36:04:164,1.5276,-0.5513,13.3358,101.803,-0.143,-0.1157,0.1983,196.6562
19:36:04:184,2.6098,-0.4675,12.2034,101.2187,-0.0961,-0.0701,0.2607,196.6875
19:36:04:207,3.5507,-0.3633,11.4348,99.4835,-0.2202,-0.0979,0.1022,196.5625
19:36:04:224,3.3999,-0.5932,11.8191,99.7849,-0.4211,-0.1711,-0.2078,196.2969
19:36:04:243,2.2219,-1.1761,13.0713,100.4724,-0.4882,-0.067,-0.4368,196.0625
19:36:04:264,0.8752,-1.4646,13.1527,100.6375,-0.2772,0.32,-0.3996,196.3438
19:36:04:284,0.8884,-1.3282,10.8806,98.3384,0.106,0.6332,-0.1644,196.875
19:36:04:306,2.0184,-0.5393,7.7358,98.1599,0.3273,0.4657,-0.0219,197.3281
19:36:04:323,3.4585,0.1814,6.2993,97.7103,0.2016,-0.1394,-0.1684,197.4688
19:36:04:344,4.3983,0.0233,7.6101,98.2188,-0.1361,-0.6422,-0.5537,197.4531
19:36:04:365,2.1932,-1.2288,10.5825,96.4179,-0.4567,0.035,-1.2243,197.6406
19:36:04:385,0.625,-1.303,9.711,97.6054,-0.3409,0.6652,-1.1591,197.6406
19:36:04:409,0.1893,-1.078,8.0339,96.6544,-0.2162,0.9467,-0.9452,198.2969
19:36:04:428,0.1282,-0.489,7.1157,96.2021,-0.1358,0.7666,-0.7449,199.4688
19:36:04:443,0.1665,-0.0796,7.0391,94.2331,-0.0607,0.4415,-0.6035,202.1719
19:36:04:463,0.2324,0.155,7.4461,95.6267,0.0269,0.2159,-0.4544,202.7344
19:36:04:485,0.3604,0.5656,7.7633,94.2621,0.1153,0.2324,-0.2941,204.0469
19:36:04:506,0.7447,1.0564,7.5634,94.3962,0.1811,0.3325,-0.1772,204.7031
19:36:04:525,1.0811,1.497,7.3168,93.1131,0.1558,0.3245,-0.166,205.2031
19:36:04:543,0.941,1.6801,7.7789,93.297,0.0123,0.2763,-0.2358,205.5312
19:36:04:563,0.5795,1.5928,9.134,91.306,-0.1385,0.2619,-0.2904,205.7188
19:36:04:584,0.4023,1.4706,10.6567,94.5068,-0.1257,0.3123,-0.3132,205.875
19:36:04:608,-0.1495,1.1426,11.5114,93.0709,0.0756,0.3597,-0.3194,206.125
19:36:04:624,-0.8211,1.0553,11.0374,92.56,0.3108,0.4646,-0.2267,206.4531
19:36:04:647,-1.1419,1.3629,9.9337,92.7496,0.3902,0.5131,-0.0882,206.7812
19:36:04:668,-1.1814,1.673,9.5231,93.1278,0.2831,0.3853,0.0082,207.125
19:36:04:683,-0.8367,1.6107,10.0222,92.0037,0.1119,0.136,0.0401,207.3594
19:36:04:704,-0.2022,1.2396,10.7142,91.9121,-0.0168,-0.0667,-0.0094,207.4375
19:36:04:726,0.0025,0.8374,10.8135,90.8871,-0.1731,-0.1096,-0.1165,207.3594
19:36:04:744,0.0288,0.4459,11.3881,89.6308,-0.4527,-0.0659,-0.2224,207.375
19:36:04:771,0.5508,0.0162,12.3769,92.0848,-0.7513,0.1062,-0.3364,207.4219
19:36:04:795,1.4845,-0.6614,12.7492,90.0106,-1.0418,0.2359,-0.5319,207.625
19:36:04:810,1.3756,-1.0217,13.938,89.4596,-1.3241,0.4188,-0.8006,207.9375
19:36:04:824,-0.3363,-1.4611,15.6893,87.6449,-1.1803,0.7251,-0.9732,208.4062
19:36:04:848,-2.0733,-2.4427,14.7305,87.1844,-0.4706,0.8907,-0.7849,209.1094
19:36:04:864,-2.6431,-2.7527,11.1978,85.0848,0.3068,0.5594,-0.3042,210.125
19:36:04:884,-2.1966,-2.5025,8.3882,84.2852,0.787,-0.2281,0.1328,211.1719
19:36:04:909,-1.7453,-1.971,6.7745,83.2441,0.8951,-0.9069,0.4266,211.7969
19:36:04:926,-0.9001,-1.3749,6.4824,82.802,0.6533,-1.1173,0.6343,211.8906
19:36:04:945,-0.0202,-1.1187,7.0941,81.8546,0.3199,-0.9144,0.7057,211.5938
19:36:04:966,0.1198,-0.817,7.5215,79.5408,0.1385,-0.6025,0.703,211
19:36:04:985,0.2539,-0.4747,7.4221,79.804,0.1132,-0.3591,0.6916,210.2969
19:36:05:004,0.1665,-0.1766,6.8547,79.2654,0.1326,-0.2382,0.6458,209.9062
19:36:05:024,0.2455,-0.0473,6.5507,80.0744,0.1385,-0.2941,0.6167,209.1094
19:36:05:044,0.2898,-0.0042,6.5758,77.7114,0.1254,-0.4291,0.5504,208.375
19:36:05:066,-0.0382,-0.0197,7.5227,77.4255,0.0916,-0.521,0.4942,207.2812
19:36:05:085,-0.1064,-0.1095,8.575,78.3167,0.1955,-0.4861,0.5153,206.625
19:36:05:107,0.388,0.0844,8.2422,76.5073,0.3859,-0.3343,0.5555,206.0781
19:36:05:123,1.2978,0.5884,7.4329,76.5971,0.4346,-0.2944,0.4884,205.5312
19:36:05:144,2.2866,1.3485,8.2134,75.2712,0.3499,-0.4134,0.2521,204.9062
19:36:05:164,2.0891,1.4862,9.6715,75.661,0.3268,-0.5226,-0.1628,204.2812
19:36:05:185,0.1785,0.5309,10.5047,73.4643,0.3728,-0.582,-0.4576,203.8594
19:36:05:209,-1.3335,-0.3861,11.0529,73.4801,0.3651,-0.3929,-0.3085,203.7969
19:36:05:228,-1.0498,-0.2089,11.0757,73.7328,0.3116,-0.0483,0.0583,204.2344
19:36:05:246,0.0971,0.3023,10.6411,74.2834,0.1923,0.1855,0.2793,204.7188
19:36:05:264,0.8513,0.4531,10.6651,71.6478,-0.0067,0.2265,0.315,204.8438
19:36:05:286,1.0416,0.2508,11.4444,71.6406,-0.1438,0.1791,0.3203,204.5938
19:36:05:311,1.3588,0.0102,11.7592,71.1688,-0.102,0.1525,0.3754,204.2344
19:36:05:332,2.0555,-0.0868,10.938,70.5286,-0.0362,0.0761,0.413,203.875
19:36:05:350,3.0443,-0.0006,10.5202,69.4352,-0.1249,-0.0741,0.3347,203.25
19:36:05:367,3.6824,0.1467,10.7561,69.9026,-0.3555,-0.1988,0.071,202.7969
19:36:05:384,3.255,-0.2963,12.5014,68.6633,-0.6283,-0.145,-0.2944,202.4219
19:36:05:409,1.8867,-1.0864,14.2169,67.1293,-0.6623,0.2313,-0.4757,202.375
19:36:05:425,1.1457,-1.4958,14.6526,66.5752,-0.3031,0.5709,-0.3687,202.75
19:36:05:445,1.597,-1.2611,12.7289,66.2974,0.2543,0.5629,-0.1692,203.2969
19:36:05:518,2.9306,-0.9092,10.8554,65.1414,0.6352,0.1933,-0.1063,203.7188
19:36:05:518,3.6932,-0.5956,9.547,63.623,0.7675,-0.1458,-0.2754,203.875
19:36:05:519,3.1748,-0.3214,8.9006,63.6968,0.7494,-0.3138,-0.5111,203.9062
19:36:05:532,2.2243,-0.2292,8.5259,62.0052,0.7627,-0.353,-0.6736,204.0625
19:36:05:543,1.4761,-0.1478,7.3108,60.5745,0.7406,-0.174,-0.7402,204.5
19:36:05:569,0.7734,0.1143,5.9509,61.4382,0.4541,0.2018,-0.7207,205.1875
19:36:05:583,0.2276,0.4615,5.8539,59.2147,0.0591,0.5259,-0.6232,205.9531
19:36:05:604,-0.1136,0.7835,6.407,60.2337,-0.1188,0.6409,-0.4762,206.7656
19:36:05:629,-0.0107,1.0529,6.6297,59.0199,-0.0293,0.4982,-0.2973,207.5
19:36:05:644,0.2659,1.3821,6.3328,58.2039,0.1563,0.21,-0.15,208.2656
19:36:05:664,0.3712,1.6382,5.9054,57.9087,0.2336,-0.0345,-0.0621,208.5625
19:36:05:684,0.3293,1.8741,5.8408,57.7195,0.1345,-0.1777,0.0047,208.7188
19:36:05:712,0.5376,2.0477,6.6368,56.0017,-0.0748,-0.3096,0.0524,208.7812
19:36:05:730,0.8118,2.2236,8.3224,56.8466,-0.2975,-0.3146,0.0367,208.7969
19:36:05:746,1.0057,2.3218,10.1527,55.865,-0.3902,-0.19,-0.0358,208.7656
19:36:05:765,0.3676,2.0369,11.9711,55.8356,-0.131,0.1163,-0.2302,208.7656
19:36:05:784,-0.0873,1.831,11.442,55.1705,-0.0266,0.2127,-0.2259,208.7656
19:36:05:809,-0.3207,1.6299,11.4636,54.9278,-0.0423,0.1584,-0.1686,209.0156
19:36:05:827,-0.4763,1.2743,11.855,55.4702,-0.0602,0.071,-0.093,209.5
19:36:05:844,-0.4404,1.0313,11.7832,56.0106,-0.065,0.05,0.0394,209.5
19:36:05:864,-0.0574,1.2659,11.2433,54.1707,-0.1846,0.0798,0.1951,209.7969
19:36:05:884,0.4167,1.3988,11.1296,52.5045,-0.448,0.0694,0.2647,209.7969
19:36:05:911,1.0751,1.0888,12.1531,50.2062,-0.763,-0.1152,0.267,209.6562
19:36:05:928,1.5252,0.3909,14.8633,49.5842,-0.8959,-0.215,0.1858,209.5312
19:36:05:944,1.0416,-0.4507,16.562,49.4522,-0.4906,-0.0206,0.1091,209.2344
19:36:05:963,0.6441,-0.9212,13.829,49.7615,0.2378,0.3384,0.1648,208.8594
19:36:05:983,0.5723,-0.7643,8.8934,47.4326,0.5822,0.3927,0.2383,208.7812
19:36:06:004,1.0308,-0.5788,6.0574,47.651,0.3055,0.124,0.1712,208.6719
19:36:06:030,1.1469,-0.8876,6.1819,47.0776,-0.2269,-0.1556,-0.0168,208.4688
19:36:06:048,0.5951,-1.1642,7.5622,44.3822,-0.5872,-0.2733,-0.1314,208.1719
19:36:06:063,-0.2022,-1.0277,8.551,45.4649,-0.6512,-0.1911,-0.0912,207.9531
19:36:06:083,-0.3087,-0.7763,8.2996,44.085,-0.5286,-0.0278,0.0572,208
19:36:06:110,0.1055,-0.4064,7.3982,42.7781,-0.4059,0.0036,0.1744,208.1562
19:36:06:126,0.5735,0.0186,7.3324,42.1097,-0.367,-0.1551,0.1925,208.2969
19:36:06:145,0.5963,0.3047,8.7102,42.7871,-0.3358,-0.2454,0.1201,208.25
19:36:06:163,0.2731,0.1227,10.0929,42.7871,-0.1744,0.0084,0.0295,208.0625
19:36:06:184,-0.3842,-0.4088,10.0091,41.1802,0.0868,0.377,0.0391,207.7969
19:36:06:209,-0.9839,-0.4124,8.5115,41.2692,0.3302,0.5917,0.2122,207.7188
19:36:06:227,-0.5338,0.2113,7.2019,38.6306,0.4253,0.4931,0.4314,207.7031
19:36:06:244,0.5699,0.7871,6.8655,38.521,0.3867,0.1586,0.4679,207.5625
19:36:06:269,1.2056,0.981,7.4054,38.6369,0.2458,-0.2177,0.3174,207.1562
19:36:06:283,1.1182,0.8098,8.9281,37.7469,0.0562,-0.4134,0.1113,206.5781
19:36:06:304,0.2838,0.2843,10.8159,39.6103,-0.057,-0.321,-0.0219,206.1406
19:36:06:330,-0.2812,-0.2711,11.9771,37.4024,0.0224,-0.0765,0.0338,205.9062
19:36:06:344,-0.2225,-0.3047,11.2792,37.0134,0.1997,0.0617,0.1658,205.9062
19:36:06:364,0.1474,-0.1873,10.6112,34.6567,0.2405,-0.076,0.238,205.9219
19:36:06:386,0.1821,-0.167,10.8064,36.4159,0.1654,-0.2837,0.2308,205.8125
19:36:06:409,-0.2848,-0.5094,11.697,35.829,0.1132,-0.403,0.2676,205.5625
19:36:06:427,0.042,-0.8924,12.086,35.6935,0.1497,-0.3895,0.4468,205.2812
19:36:06:445,1.2032,-1.0493,11.4923,34.8826,0.171,-0.2792,0.596,205.0469
19:36:06:464,2.5679,-0.8769,10.8123,33.2653,0.0506,-0.2281,0.5533,204.6719
19:36:06:485,3.188,-0.6255,11.1403,32.3611,-0.2016,-0.2496,0.2987,204.3906
19:36:06:512,3.1066,-1.0026,12.9109,32.092,-0.3752,-0.1476,-0.0134,203.4219
19:36:06:528,2.696,-1.4515,13.659,30.1635,-0.2591,0.2329,-0.2115,202.9219
19:36:06:544,2.3572,-1.5389,12.1172,29.4039,0.0479,0.5384,-0.2802,202.7812
19:36:06:563,2.5823,-1.5951,9.7577,28.5528,0.2157,0.3645,-0.3348,202.9375
19:36:06:584,2.9965,-1.8238,9.0478,28.5973,0.1158,-0.035,-0.4384,203.2188
19:36:06:611,2.9234,-1.7639,9.7625,28.2558,-0.102,-0.1708,-0.5617,203.5469
19:36:06:628,2.4242,-1.5951,9.8965,28.2637,-0.2346,0.0944,-0.6451,203.9688
19:36:06:646,1.4857,-1.1714,9.0227,26.443,-0.2519,0.4377,-0.6539,204.5156
19:36:06:663,0.6932,-0.7572,7.4617,25.7062,-0.1664,0.5459,-0.5734,205.2344
19:36:06:686,0.151,-0.2556,6.1089,26.5981,-0.0844,0.3757,-0.4456,205.9844
19:36:06:710,0.0384,0.2831,5.5774,25.0975,-0.0466,0.0809,-0.3066,206.6406
19:36:06:730,0.2132,0.677,5.6983,23.9931,-0.0506,-0.109,-0.2115,207.2188
19:36:06:748,0.4071,1.011,6.255,24.0171,-0.0551,-0.154,-0.1495,207.625
19:36:06:762,0.5639,1.2037,6.7841,23.5972,-0.0344,-0.129,-0.1226,207.9062
19:36:06:784,0.5137,1.6119,7.336,22.8906,-0.0277,-0.0563,-0.1207,208.2031
19:36:06:810,0.3999,1.6873,8.1093,21.4895,-0.0354,0.0087,-0.1476,208.3438
19:36:06:830,0.0432,1.6071,8.9568,22.3625,0.0229,0.0167,-0.1607,208.4844
19:36:06:845,-0.3291,1.6239,9.8128,21.3186,0.1443,-0.0361,-0.1348,208.6562
19:36:06:863,-0.4356,1.5963,10.2868,20.758,0.3223,-0.1674,-0.0706,208.8281
19:36:06:883,-0.6176,1.6215,10.7321,21.9902,0.4754,-0.4236,0.0239,208.9844
19:36:06:910,-0.1627,1.7472,11.612,21.0045,0.6719,-0.8555,0.1778,209.0625
19:36:06:928,0.7722,2.0907,12.6666,20.206,0.8781,-1.2699,0.2564,209.0469
19:36:06:943,1.6461,2.3002,13.5896,20.8532,0.927,-1.1977,0.229,208.8594
19:36:06:963,2.4901,2.1291,13.8602,18.8171,0.8099,-0.5519,0.1643,208.7344
19:36:06:984,2.8744,2.0488,12.8187,19.2011,0.6053,0.2617,0.0772,208.5
19:36:07:011,2.6218,2.1949,11.5701,16.8631,0.371,0.6524,-0.0094,208.2812
19:36:07:028,2.2435,2.2703,11.199,16.3841,0.1611,0.5562,-0.0813,208.0938
19:36:07:045,2.2423,1.8094,12.0477,16.242,0.0541,0.2484,-0.1479,207.9844
19:36:07:064,1.9777,0.9655,12.5194,15.6721,0.131,0.1123,-0.2379,207.9531
19:36:07:085,1.3002,0.2269,11.6575,16.4972,0.2794,0.1299,-0.2752,208.125
19:36:07:104,0.6813,-0.5393,9.9696,14.6606,0.3614,0.1861,-0.2645,208.3594
19:36:07:127,0.0217,-1.0936,8.2757,14.9238,0.2703,0.14,-0.2051,208.6406
19:36:07:143,-0.5673,-1.6765,7.737,14.6147,0.0285,-0.0347,-0.0781,208.9062
19:36:07:164,-1.5262,-1.9172,9.1663,14.6979,-0.2168,-0.3586,0.4519,209.1094
19:36:07:187,-0.9001,-1.5712,9.389,14.8651,-0.1111,-0.4672,0.7912,209.1094
19:36:07:213,-0.4644,-0.8398,9.4021,14.4857,0.1129,-0.6371,1.0391,209.0938
19:36:07:226,0.2048,-0.2903,8.8563,13.638,0.4373,-0.8457,1.2135,208.6562
19:36:07:244,0.9267,0.2879,7.7621,13.9188,0.6778,-0.9559,1.3584,207.7969
19:36:07:262,1.9634,0.902,6.9445,13.5324,0.7337,-0.9583,1.4295,206.6719
19:36:07:283,2.8229,1.5987,6.4992,14.0758,0.6232,-0.7186,1.3451,205.3438
19:36:07:303,3.3723,2.0979,6.0251,14.3933,0.4128,-0.3468,1.1203,203.9062
19:36:07:328,3.3149,2.3661,5.7618,12.8531,0.1358,-0.0139,0.8127,202.2969
19:36:07:344,2.8684,2.4068,5.9509,14.6748,-0.139,0.1834,0.5515,200.0938
19:36:07:363,2.5703,2.4559,6.6895,15.1006,-0.3196,0.1245,0.3712,199.0156
19:36:07:382,2.5248,2.4535,8.3643,14.5425,-0.3606,-0.1506,0.2138,198.25
19:36:07:402,2.2686,2.2176,9.9624,14.5737,-0.2471,-0.3463,0.0774,197.9531
19:36:07:431,1.8185,2.0213,10.8363,15.8518,-0.094,-0.2944,0.0178,197.5625
19:36:07:449,1.7299,1.9243,10.6292,16.8278,-0.021,-0.0275,0.0117,197.3906
19:36:07:464,2.0053,1.9148,10.0881,17.5266,-0.1204,0.2279,-0.0224,197.375
19:36:07:483,2.5619,1.5317,10.3263,17.4165,-0.3625,0.2875,-0.1236,197.4062
19:36:07:502,2.9031,0.9044,11.9663,17.9213,-0.5936,0.2119,-0.2672,197.3906
19:36:07:528,2.5547,0.1083,13.8817,20.7714,-0.5971,0.1871,-0.3625,197.4219
19:36:07:586,2.368,-0.7476,14.5629,18.4114,-0.3071,0.2359,-0.297,197.5781
19:36:07:586,2.7666,-0.9044,12.7157,20.1674,0.0154,0.3341,-0.1295,197.9219
19:36:07:586,3.528,-0.495,10.5693,20.3271,0.0221,0.2662,-0.1085,198.3906
19:36:07:607,3.6285,-0.5046,10.0199,23.1764,-0.2642,0.1205,-0.2917,198.8281
19:36:07:628,2.7211,-0.9355,11.6922,22.0153,-0.5385,0.1296,-0.4456,198.8906
19:36:07:646,1.6665,-1.3605,12.614,22.4872,-0.4629,0.4223,-0.3916,199.0938
19:36:07:661,1.1481,-1.3916,11.5306,22.6282,-0.13,0.6777,-0.1465,199.5781
19:36:07:683,1.7814,-1.0816,9.0574,22.8816,0.1593,0.618,0.1445,200.1406
19:36:07:703,3.2766,-0.6303,7.6089,22.1697,0.2112,0.1682,0.271,200.4375
19:36:07:727,4.5706,-0.1251,7.4652,24.4091,0.1031,-0.2784,0.144,200.3594
19:36:07:743,4.7071,0.3094,7.8627,25.1456,-0.0621,-0.3841,-0.1894,200.0312
19:36:07:762,3.7087,0.1885,7.7885,25.1282,-0.2195,-0.1197,-0.5396,199.7656
19:36:07:783,2.3093,0.0173,7.0678,25.5313,-0.3774,0.2774,-0.7159,199.7969
19:36:07:803,1.1517,0.0569,6.6261,27.0081,-0.5217,0.5,-0.7015,200.2656
19:36:07:827,0.6717,0.3142,6.9708,28.12,-0.5502,0.4367,-0.5601,201
19:36:07:846,0.8812,0.6901,7.5478,28.8056,-0.416,0.2143,-0.4051,201.8438
19:36:07:864,1.2966,1.0995,7.8016,26.5362,-0.2003,0.0127,-0.313,202.5938
19:36:07:884,1.6018,1.4635,7.4904,28.284,-0.0421,-0.0851,-0.3077,203.1719
19:36:07:910,1.8089,1.7029,7.2809,27.6365,-0.0439,-0.056,-0.3588,203.3594
19:36:07:929,1.937,1.9387,7.4353,27.5894,-0.1579,0.0625,-0.4387,203.9062
19:36:07:945,2.0208,2.0907,8.1823,30.3436,-0.3119,0.1424,-0.5412,204.2969
19:36:07:964,1.8532,2.05,9.2645,30.566,-0.4077,0.193,-0.6509,204.7344
19:36:07:982,1.4366,1.8813,10.4508,32.5541,-0.4035,0.2457,-0.7202,205.2969
19:36:08:003,0.941,1.576,11.3259,32.215,-0.3161,0.3256,-0.7191,206.0156
19:36:08:027,0.388,1.3569,11.5905,33.7213,-0.1888,0.4188,-0.6454,206.8125
19:36:08:045,-0.0669,1.1283,11.5952,32.9962,-0.0834,0.4068,-0.5087,207.625
19:36:08:063,-0.2513,0.8673,11.9161,34.5962,-0.0032,0.2601,-0.334,208.4062
19:36:08:082,-0.2537,0.6566,12.5194,34.7724,0.0839,0.107,-0.1593,209.0625
19:36:08:103,0.0899,0.4483,12.4727,34.442,0.1497,0.1376,0.0156,209.5156
19:36:08:123,0.5029,0.6004,11.8059,36.0866,0.0964,0.262,0.1419,209.7812
19:36:08:143,1.117,0.8661,11.7784,36.22,-0.0719,0.3088,0.1738,209.8438
19:36:08:162,1.5097,0.7763,12.4344,37.0676,-0.1973,0.2004,0.0633,209.75
19:36:08:182,1.0727,0.2628,13.4531,36.4127,-0.1896,-0.0124,-0.0842,209.4375
19:36:08:202,-0.2309,-0.5273,14.3977,36.0051,0.004,-0.1042,-0.1116,209.3594
19:36:08:227,-1.0198,-1.1702,13.6519,39.0153,0.3475,0.116,0.1019,209.4688
19:36:08:244,-0.6451,-1.315,10.9177,39.0153,0.6112,0.2851,0.4029,209.5938
19:36:08:262,0.1857,-1.224,8.7174,38.9314,0.5939,0.0731,0.5624,209.4531
19:36:08:285,0.7315,-1.1319,8.5438,38.3459,0.3694,-0.2784,0.5779,208.9844
19:36:08:312,0.8501,-1.1343,9.6428,39.3792,0.2178,-0.4694,0.5395,208.3125
19:36:08:325,0.5161,-1.1414,10.0474,40.8986,0.2312,-0.3703,0.5443,207.6562
19:36:08:342,0.4335,-1.011,9.3255,39.7237,0.3188,-0.1777,0.6295,207.3594
19:36:08:362,0.4107,-0.6398,8.047,39.3665,0.4192,-0.0933,0.7304,206.7969
19:36:08:383,0.868,-0.0808,7.2019,40.6487,0.482,-0.1793,0.8332,206.1406
19:36:08:402,1.5731,0.3418,6.583,40.4606,0.5002,-0.2832,0.8375,205.3438
19:36:08:427,1.8604,0.7093,6.3531,41.4404,0.4317,-0.2952,0.7432,204.4219
19:36:08:448,1.6497,0.7991,6.5303,40.8074,0.3164,-0.1807,0.6394,203.4844
19:36:08:466,1.3193,0.8721,6.6883,40.2464,0.2429,-0.047,0.5906,202.1562
19:36:08:483,1.2044,0.9667,6.5794,40.9622,0.1923,0.0377,0.5792,201.4219
19:36:08:504,1.4426,1.3414,6.5303,41.6295,0.1129,0.0436,0.5611,200.7656
19:36:08:526,1.7359,1.6969,7.0893,41.4089,0.0104,-0.0893,0.4737,200.0781
19:36:08:545,1.937,1.7639,8.2158,41.2254,-0.0692,-0.263,0.3355,199.4219
19:36:08:563,1.9885,1.6035,10.4987,43.6215,-0.1177,-0.2566,0.0569,198.9219
19:36:08:583,1.8293,1.2612,10.9308,43.7182,-0.0908,-0.1223,-0.0603,198.9219
19:36:08:605,1.7539,0.8757,10.9799,43.7833,-0.1089,0.0108,-0.117,198.5625
19:36:08:628,1.7934,0.4316,11.035,44.0819,-0.1792,0.05,-0.1378,198.3906
19:36:08:645,1.8664,0.1873,11.7377,45.2304,-0.2682,0.0332,-0.1101,198.4375
19:36:08:662,2.1405,-0.1419,12.4643,43.9661,-0.2509,0.0191,-0.052,198.4375
19:36:08:685,2.6553,-0.4064,12.195,44.7639,-0.1521,0.0148,0.0343,198.75
19:36:08:701,3.3771,-0.3861,11.1356,44.7901,-0.1246,-0.0099,0.0596,198.8906
19:36:08:723,3.7506,-0.5704,10.5669,45.9675,-0.241,-0.0512,-0.0616,198.9688
19:36:08:746,3.1653,-0.744,10.6687,43.7701,-0.4024,-0.0797,-0.2331,198.9062
19:36:08:764,2.3752,-1.0588,11.7784,44.7457,-0.4749,-0.1096,-0.2999,198.8906
19:36:08:788,1.8867,-1.2468,12.5685,44.6418,-0.3111,-0.0076,-0.227,199.5
19:36:08:801,2.0938,-1.1139,11.5007,43.8378,-0.0005,0.1448,-0.0824,199.5
19:36:08:824,3.0443,-0.7356,9.3842,46.6301,0.1982,0.1064,-0.0275,199.6719
19:36:08:850,3.9146,-0.5776,8.2122,45.4508,0.1377,-0.1205,-0.1434,199.9688
19:36:08:867,4.3911,-0.6015,8.4732,44.2417,-0.1004,-0.2126,-0.3617,200.0469
19:36:08:882,3.9302,-0.6434,8.9868,44.2866,-0.2772,-0.0235,-0.6129,200.0469
19:36:08:902,2.8157,-0.647,8.4122,45.6746,-0.3159,0.2843,-0.7796,200.2031
19:36:08:927,1.8508,-0.4076,7.1779,45.8339,-0.3364,0.5008,-0.8107,200.6406
19:36:08:946,1.4019,-0.1909,6.1808,44.4194,-0.3699,0.5139,-0.7753,201.375
19:36:08:963,1.2331,0.1885,5.8743,43.6137,-0.4091,0.3573,-0.7311,202.2344
19:36:08:982,1.1529,0.4531,6.1724,44.7623,-0.425,0.198,-0.7205,203.1562
19:36:09:002,0.8513,0.7069,6.7182,45.4607,-0.4117,0.1605,-0.7074,204.0312
19:36:09:026,0.7363,1.0612,7.3683,45.727,-0.3763,0.2039,-0.647,205.2656
19:36:09:045,0.7818,1.485,7.7047,44.2176,-0.3313,0.2726,-0.6022,206.1094
19:36:09:062,0.6334,1.7627,8.4157,43.5997,-0.3366,0.2625,-0.5937,206.8906
19:36:09:082,0.6142,1.8968,9.7541,46.6976,-0.3068,0.2579,-0.5766,207.5781
19:36:09:102,0.5603,1.8789,10.8171,46.9068,-0.1515,0.2241,-0.5838,208.2656
19:36:09:127,0.4406,1.7328,11.1858,46.7105,0.0386,0.1799,-0.5878,208.9531
19:36:09:144,0.0815,1.5724,11.1344,45.7711,0.1465,0.2159,-0.5647,209.6094
19:36:09:163,-0.3123,1.4359,11.0733,45.7621,0.1398,0.2886,-0.4893,210.25
19:36:09:182,-0.6511,1.2193,11.5426,46.439,0.0887,0.3091,-0.3609,210.9062
19:36:09:202,-0.5841,1.0193,12.2441,46.6274,0.1089,0.2681,-0.1966,211.5
19:36:09:227,-0.4045,0.8098,12.3398,47.1211,0.1923,0.2518,-0.0661,211.9531
19:36:09:244,-0.3339,0.6279,11.6276,47.0296,0.1864,0.2412,0.0327,212.2656
19:36:09:262,0.1091,0.6638,11.6695,46.9126,-0.0019,0.2039,0.1214,212.3906
19:36:09:283,0.777,0.5632,12.6188,46.9798,-0.2202,0.1269,0.1256,212.3906
19:36:09:303,0.9626,-0.1287,13.9056,46.9468,-0.3084,-0.0749,0.0591,212.3594
19:36:09:329,0.388,-0.9427,15.1841,44.9374,-0.1494,-0.2249,0.0628,212.0625
19:36:09:344,-0.0346,-1.5425,14.9734,44.2238,0.3169,-0.1562,0.2141,212.0156
19:36:09:361,-0.1447,-1.5903,11.7185,43.3473,0.8019,0.0952,0.4404,211.9844
19:36:09:381,0.2742,-1.0983,7.968,43.8414,0.8834,0.1775,0.6079,211.8594
19:36:09:404,0.8405,-0.7967,6.0838,43.6004,0.5574,-0.0331,0.5975,211.4688
19:36:09:426,0.8465,-0.677,6.7601,43.5823,0.1257,-0.3796,0.4929,210.8438
19:36:09:444,0.8082,-0.7081,8.5965,43.92,-0.1052,-0.5884,0.4383,210.1094
19:36:09:461,0.9494,-0.6901,9.2968,43.8878,-0.1127,-0.5229,0.4015,209.4844
19:36:09:482,0.6681,-0.4304,8.9341,41.8777,-0.0328,-0.3538,0.3573,209
19:36:09:502,0.5292,-0.3226,7.8304,42.706,0.0083,-0.2297,0.3544,208.5781
19:36:09:530,0.5987,-0.3011,7.0582,41.5154,-0.069,-0.2398,0.3704,208.1875
19:36:09:552,0.6765,-0.252,7.2402,41.9126,-0.1918,-0.3421,0.3776,207.7969
19:36:09:562,0.4897,-0.0521,7.8914,41.862,-0.2216,-0.3799,0.3991,207.4219
19:36:09:582,0.3748,0.1048,8.454,39.3508,-0.0778,-0.3383,0.4729,207.0156
19:36:09:666,0.3808,0.2316,8.0339,40.0063,0.1427,-0.2134,0.5888,206.3906
19:36:09:666,0.613,0.7237,6.9397,41.3195,0.2514,-0.1157,0.7099,205.9062
19:36:09:667,1.0284,1.1738,6.662,39.5668,0.1601,-0.1727,0.7256,205.2188
19:36:09:667,1.3193,1.3318,7.5323,40.4043,-0.0064,-0.2864,0.6474,204.4062
19:36:09:682,1.3468,1.236,9.383,40.2058,-0.0953,-0.3551,0.5432,203.6094
19:36:09:701,1.123,1.0062,10.7034,39.0429,-0.004,-0.3498,0.4655,202.8906
19:36:09:722,1.0871,0.7189,10.9428,39.4866,0.1619,-0.3141,0.4524,202.2969
19:36:09:743,1.1984,0.6746,10.6974,39.4968,0.2314,-0.3192,0.4529,201.7812
19:36:09:762,1.7156,0.501,11.1056,39.9885,0.1622,-0.3873,0.4218,201.2812
19:36:09:781,2.4302,-0.0042,12.2536,38.4806,0.0748,-0.4374,0.3371,200.7656
19:36:09:802,2.6038,-0.6135,13.2987,37.9896,0.0533,-0.3761,0.2367,200.5156
19:36:09:828,2.8133,-1.2683,13.4831,36.6429,0.1164,-0.1966,0.2231,200.1094
19:36:09:847,3.9194,-1.5425,12.4476,36.5541,0.1931,-0.0646,0.2516,199.8125
19:36:09:862,5.1919,-0.9535,11.0494,36.1627,0.0759,-0.0179,0.1049,199.5625
19:36:09:882,5.0986,-0.6147,10.8794,36.416,-0.2301,0.0159,-0.3031,199.2812
19:36:09:902,3.3975,-1.1187,11.8514,36.1551,-0.4487,0.2614,-0.6661,199.0156
19:36:09:928,1.469,-1.6119,11.8634,35.5037,-0.3225,0.6857,-0.6725,199.3906
19:36:09:947,0.9327,-1.5054,9.8942,36.0473,0.0418,0.8969,-0.387,200.1875
19:36:09:963,3.1221,-0.252,5.5439,34.3784,0.2908,-0.1037,-0.0741,200.9062
19:36:09:987,4.0894,-0.1299,6.0072,34.7417,-0.0399,-0.7061,-0.2568,201.3594
19:36:10:002,4.2031,-0.4495,8.0099,35.8658,-0.4261,-0.7354,-0.5276,201.3594
19:36:10:023,3.2012,-0.7129,8.9939,34.1314,-0.6522,-0.2385,-0.7487,201.4219
19:36:10:047,1.9586,-0.8817,8.5211,33.4167,-0.7915,0.3022,-0.827,202.4531
19:36:10:063,1.0739,-0.9224,8.3212,35.1719,-0.9944,0.6723,-0.7716,202.4531
19:36:10:088,0.7244,-0.6853,8.7677,33.7634,-1.1414,1.0167,-0.6499,203.3438
19:36:10:100,0.5065,-0.2101,9.3004,34.2285,-1.1939,1.372,-0.5721,204.3594
19:36:10:121,0.3449,0.1862,9.796,33.9711,-1.0743,1.7121,-0.53,205.3125
19:36:10:146,-0.0789,0.2879,9.3591,31.6241,-0.7217,1.7736,-0.4869,206.8125
19:36:10:161,-0.2142,0.4004,8.1859,31.6821,-0.2706,1.3594,-0.3439,207.4688
19:36:10:181,0.1126,0.835,8.0015,31.5677,0.1148,0.5363,-0.1985,207.7812
19:36:10:204,0.7794,1.1271,8.7174,30.4618,0.481,-0.2843,-0.1465,208.2969
19:36:10:226,1.2607,1.3521,9.2022,31.5592,0.7737,-0.8105,-0.223,208.5781
19:36:10:245,0.9817,1.3282,9.4967,31.8057,0.9454,-1.0068,-0.3505,208.6875
19:36:10:262,0.0959,1.1905,9.3626,31.8691,0.9635,-0.8648,-0.3921,208.8438
19:36:10:281,-0.7612,1.1031,9.2274,31.362,0.8144,-0.5117,-0.28,209.0938
19:36:10:301,-1.6962,0.8194,9.6009,29.0328,0.5848,-0.1405,-0.0603,209.4688
19:36:10:321,-2.2349,0.3083,10.5047,30.4006,0.4397,0.0271,0.2846,209.8906
19:36:10:344,-0.7684,-0.0545,10.8602,30.4005,0.4394,-0.0947,0.6844,210.2031
19:36:10:361,1.05,0.7392,11.5054,30.5045,0.4043,-0.5109,0.8482,210.2344
19:36:10:381,1.7527,1.2504,12.4691,29.1055,0.4581,-0.9216,0.7243,209.9062
19:36:10:401,1.5109,0.9212,11.922,28.9094,0.4754,-1.1051,0.5374,208.1875
19:36:10:421,1.9945,0.3549,12.5661,29.5915,0.0432,-1.0385,0.5033,207.375
19:36:10:446,2.8875,-0.4292,14.9052,28.7296,-0.4546,-0.6116,0.5033,207.0781
19:36:10:462,2.7941,-0.7883,17.0624,28.4463,-0.4916,0.0329,0.454,206.5469
19:36:10:483,2.3967,-0.9619,16.2891,29.745,0.1182,0.6106,0.434,206.0625
19:36:10:503,1.931,-1.1187,11.4145,28.904,0.7822,0.8945,0.4354,205.5781
19:36:10:527,1.7634,-0.7057,6.7147,26.8769,0.8946,0.7618,0.4423,205.0938
19:36:10:544,1.5468,-0.0497,4.269,29.8128,0.4727,0.3831,0.3195,204.5312
19:36:10:561,0.8381,0.0844,4.5563,27.502,-0.1292,0.021,0.1688,203.9062
19:36:10:581,0.5388,-0.3513,5.9677,26.7953,-0.5103,-0.198,0.1384,203.3594
19:36:10:602,0.3401,-0.3094,7.0056,25.912,-0.6527,-0.2353,0.1603,203.0625
19:36:10:623,0.4622,-0.1454,7.3755,28.0725,-0.6498,-0.1652,0.2077,202.9375
19:36:10:643,0.7423,-0.1418,7.5167,26.3347,-0.6037,-0.1583,0.2063,202.8281
19:36:10:661,0.6274,-0.2688,8.5295,27.1555,-0.5412,-0.2584,0.1927,202.6875
19:36:10:681,-0.134,-0.5465,9.626,28.0218,-0.3055,-0.3809,0.2487,202.5
19:36:10:702,-0.6691,-0.8829,10.8423,28.5276,0.1758,-0.6885,0.4718,202.3281
19:36:10:720,0.1091,-0.9631,10.9656,27.2079,0.8549,-0.8912,0.7965,202.1406
19:36:10:747,1.4163,-0.3789,9.5386,26.2352,1.4008,-0.8891,0.9691,202
19:36:10:763,2.3165,0.4639,7.7489,27.9566,1.4762,-0.7232,0.8945,201.0625
19:36:10:783,2.7511,0.9738,6.9792,27.0694,1.061,-0.4792,0.6591,199.9375
19:36:10:801,2.6349,1.0289,7.8268,27.3881,0.4378,-0.101,0.4308,198.7188
19:36:10:822,2.2088,0.671,9.3602,28.0992,0.0224,0.2723,0.327,197.75
19:36:10:845,2.2686,0.5692,10.4424,27.1343,-0.0381,0.4417,0.3475,197.0625
19:36:10:861,2.8444,0.7129,10.537,27.8889,0.0796,0.3725,0.3523,196.625
19:36:10:881,3.419,0.6889,10.3574,28.5227,0.1561,0.0867,0.2623,196.2344
19:36:10:901,3.8248,0.4938,10.4149,29.8251,0.1025,-0.1937,0.131,195.7812
19:36:10:921,3.8572,0.003,10.9895,27.2846,-0.037,-0.3168,0.0247,195.375
19:36:10:944,3.9673,-0.4914,11.5473,27.1102,-0.1614,-0.2401,0.0218,195.1406
19:36:10:961,4.2582,-0.6087,11.3199,27.5529,-0.2245,-0.0353,0.034,195.0938
19:36:10:982,4.4378,-0.4938,10.2772,27.7533,-0.3036,0.099,-0.0376,195.125
19:36:11:001,4.4605,-0.1862,9.5901,27.8019,-0.5036,0.0135,-0.1694,195.125
19:36:11:021,4.4593,-0.1502,10.4065,28.4649,-0.7071,-0.2611,-0.3492,195.1875
19:36:11:047,4.269,-0.6315,11.7592,26.9502,-0.7465,-0.3916,-0.5055,195.4375
19:36:11:060,4.081,-0.8158,12.4703,27.8243,-0.5872,-0.1929,-0.5447,195.9531
19:36:11:081,4.1493,-0.7045,11.4923,26.8424,-0.2586,0.0958,-0.5497,196.625
19:36:11:100,4.4904,-0.4938,9.2741,28.8214,-0.0234,0.1102,-0.6174,197.3438
19:36:11:121,4.7275,-0.3094,8.0901,28.313,-0.0559,-0.158,-0.7868,198
19:36:11:147,4.2702,-0.4483,8.2517,27.8755,-0.2117,-0.2973,-1.0273,198.6719
19:36:11:161,3.1018,-0.7272,8.3714,30.4591,-0.3033,-0.1322,-1.1977,199.5938
19:36:11:181,1.8484,-0.8829,7.6364,29.6474,-0.3305,0.1615,-1.2102,200.7969
19:36:11:202,0.8728,-0.7344,6.7697,30.728,-0.3587,0.3365,-1.0643,202.2344
19:36:11:229,0.5544,-0.167,6.5722,29.4029,-0.3577,0.2777,-0.8158,203.5781
19:36:11:242,1.056,0.5489,7.0606,29.9467,-0.2266,0.0699,-0.5945,204.2344
19:36:11:263,1.682,1.1917,7.0882,28.2562,0.0179,-0.1218,-0.5175,205.3438
19:36:11:281,1.9574,1.7376,6.3543,30.8643,0.1422,-0.2419,-0.5599,206.125
19:36:11:306,2.1238,1.9243,6.1951,30.1961,0.0306,-0.3088,-0.6571,206.7656
19:36:11:328,1.7982,1.8573,7.0738,31.3677,-0.2205,-0.2845,-0.7535,207.6875
19:36:11:347,1.5145,1.7651,8.624,30.4899,-0.3997,-0.1165,-0.7623,208.4062
19:36:11:364,1.6485,1.722,10.3503,32.2049,-0.2655,0.3269,-0.7375,209.3281
19:36:11:388,1.2966,1.6502,10.4161,32.19,-0.2083,0.4763,-0.7428,209.3281
19:36:11:400,0.8189,1.3521,10.701,31.3331,-0.2163,0.573,-0.6866,211.1406
19:36:11:422,0.4622,1.2683,11.2648,31.9074,-0.2242,0.6244,-0.5556,211.9531
19:36:11:446,0.2467,1.242,12.0082,33.0302,-0.1545,0.5781,-0.4089,213.5938
19:36:11:466,0.1545,0.9894,12.529,33.7042,-0.0075,0.4883,-0.2834,213.5938
19:36:11:482,0.0276,0.7895,12.4117,33.5651,0.1321,0.4409,-0.1705,214.2031
19:36:11:500,0.0528,0.6602,11.8754,33.3446,0.122,0.4502,-0.085,214.6562
19:36:11:522,0.3329,0.3921,11.6671,32.9154,-0.0679,0.4556,-0.0339,214.9531
19:36:11:545,0.4371,-0.094,12.3267,32.6073,-0.3571,0.3698,-0.0174,215.1094
19:36:11:561,0.127,-0.8422,14.1032,32.7205,-0.5507,0.1741,0.0447,215.2031
19:36:11:581,-0.304,-1.7256,16.2376,34.3865,-0.3643,0.1727,0.2231,215.2031
19:36:11:600,-0.3052,-2.5157,14.7233,34.1095,0.3063,0.5901,0.5161,215.2188
19:36:11:621,-0.2836,-2.3924,9.9349,34.5262,0.8171,0.8076,0.8229,214.9688
19:36:11:646,0.3736,-1.8369,6.4214,34.8732,0.7851,0.4694,1.037,214.7031
19:36:11:666,0.8225,-1.1809,5.6397,34.3373,0.3558,-0.1556,1.0349,213.8594
19:36:11:752,1.5623,-1.1031,7.324,35.5689,-0.13,-0.5804,0.9917,212.75
19:36:11:752,2.3405,-1.0277,9.3914,36.3012,-0.3832,-0.5503,0.9017,212.1094
19:36:11:753,1.8784,-0.7787,10.3862,35.346,-0.3417,-0.1796,0.7603,210.9219
19:36:11:753,1.038,-0.7272,9.4309,36.1301,-0.119,0.2569,0.7286,209.8281
19:36:11:763,0.6861,-0.7009,7.4174,35.492,0.0485,0.4902,0.8247,208.8906
19:36:11:781,0.9015,-0.2855,5.8001,35.2315,0.0429,0.3496,0.9464,208.0625
19:36:11:802,1.1481,0.1514,6.1748,36.2367,-0.0759,-0.031,0.9595,207.2188
19:36:11:820,1.1529,0.2292,7.5095,36.3253,-0.0554,-0.2803,0.911,206.2969
19:36:11:840,1.0188,0.0664,8.0087,36.1263,0.1308,-0.3719,0.8708,205.2031
19:36:11:867,0.8118,0.0174,7.6376,36.9322,0.3321,-0.3796,0.8569,204.1094
19:36:11:881,0.8441,0.149,6.8284,36.9655,0.3659,-0.3983,0.8516,202.625
19:36:11:900,1.1781,0.3585,6.9744,37.4895,0.1859,-0.4398,0.8178,201.6406
19:36:11:922,1.524,0.3777,8.2374,35.5554,-0.0687,-0.4228,0.7145,200.6562
19:36:11:945,1.7168,0.1706,9.8104,38.4332,-0.208,-0.3405,0.5746,199.7344
19:36:11:962,1.8317,-0.0748,10.4173,37.5697,-0.1776,-0.1905,0.4463,198.8594
19:36:11:980,1.9753,-0.4184,9.8475,40.0641,-0.1422,-0.1519,0.327,198.1562
19:36:12:000,2.4542,-0.6279,9.6703,40.0723,-0.2836,-0.2422,0.2095,197.5938
19:36:12:020,2.8863,-0.8805,10.7465,38.0955,-0.5651,-0.3239,0.0332,197.2031
19:36:12:046,2.7678,-1.3964,12.687,38.4853,-0.7997,-0.2068,-0.133,196.9062
19:36:12:062,2.6792,-2.0548,14.0852,37.582,-0.8272,0.1189,-0.1628,196.8125
19:36:12:080,3.121,-2.3912,13.8889,38.1278,-0.6887,0.4425,-0.093,196.9688
19:36:12:101,3.6525,-2.3673,12.5577,38.503,-0.5957,0.5914,-0.0749,197.25
19:36:12:122,3.6812,-1.9124,11.7329,38.9686,-0.6834,0.5163,-0.1391,197.4844
19:36:12:145,3.2478,-1.7208,12.7792,38.7284,-0.8456,0.3802,-0.2427,197.6094
19:36:12:164,2.3177,-1.8645,14.8418,38.7048,-0.7185,0.5384,-0.2254,197.9219
19:36:12:181,2.1238,-1.9016,14.3773,38.6855,-0.0975,0.8178,-0.0006,198.2812
19:36:12:200,3.4394,-1.5078,11.0841,40.6638,0.6131,0.7059,0.2039,198.5938
19:36:12:221,5.2482,-1.2276,8.1751,40.0319,0.9625,0.0556,0.095,198.6562
19:36:12:247,5.9258,-1.1187,6.9684,38.8914,0.8392,-0.5514,-0.3263,198.5312
19:36:12:262,5.0507,-1.2312,7.5431,40.1729,0.448,-0.6449,-0.8075,198.2656
19:36:12:279,3.2634,-1.6167,8.1201,41.6516,0.1696,-0.1937,-1.1093,198.2969
19:36:12:300,1.4977,-1.7939,7.2593,41.2404,0.0637,0.4308,-1.1332,198.9062
19:36:12:321,0.6154,-1.2971,5.6696,40.0317,-0.0157,0.8415,-0.9601,200.0156
19:36:12:344,0.4957,-0.7548,4.9705,41.6563,-0.0855,0.7741,-0.7804,201.2656
19:36:12:362,0.7172,-0.24,5.0136,39.5896,-0.0807,0.4015,-0.6768,202.4688
19:36:12:380,0.8872,0.0006,5.508,40.3494,-0.0405,-0.0254,-0.6648,203.4531
19:36:12:400,0.7351,0.1059,6.401,41.3987,-0.0399,-0.2424,-0.6893,204.2812
19:36:12:420,0.461,0.1634,7.1097,41.3987,-0.0778,-0.2174,-0.6997,205
19:36:12:443,0.0995,0.2017,8.0638,42.9795,-0.1582,-0.1306,-0.6683,206.1875
19:36:12:459,0.0995,0.3094,9.2741,43.0356,-0.1968,-0.0185,-0.5822,206.9844
19:36:12:480,0.1988,0.4902,10.1515,42.4141,-0.1417,0.0492,-0.5189,207.7188
19:36:12:500,0.4586,0.5776,10.8052,43.0241,-0.0682,0.0654,-0.4997,208.3906
19:36:12:520,0.3377,0.6219,11.3391,43.2289,0.0139,0.0734,-0.5178,209
19:36:12:546,-0.0119,0.4172,11.6108,43.7327,0.1169,0.0737,-0.5114,209.5469
19:36:12:564,-0.1639,0.1658,11.4324,43.3778,0.1976,0.042,-0.4214,210.1406
19:36:12:579,0.3114,-0.0401,11.5905,43.9888,0.188,-0.0595,-0.2789,210.7188
19:36:12:604,1.5887,-0.0772,11.9975,45.7366,0.1108,-0.0667,-0.1985,211.1719
19:36:12:629,2.4626,0.0676,11.9687,44.1378,-0.0711,0.1232,-0.3332,211.4688
19:36:12:645,2.1142,-0.003,12.2106,45.7368,-0.3819,0.3661,-0.5979,211.7031
19:36:12:665,0.7974,-0.5525,13.2484,45.1214,-0.6575,0.5405,-0.7617,212.0781
19:36:12:680,-0.4715,-1.2001,14.4898,45.474,-0.6783,0.519,-0.7039,212.3594
19:36:12:700,-1.44,-2.0045,15.8246,47.1492,-0.3337,0.3283,-0.4424,213.1875
19:36:12:720,-1.3634,-2.6079,14.8573,44.972,0.3377,0.2228,0.0053,214.0938
19:36:12:745,-0.7601,-2.1374,11.5569,45.721,0.8791,0.2785,0.4511,214.9844
19:36:12:762,1.1314,-1.3078,5.8755,45.6051,0.7923,-0.1144,0.5949,214.9688
19:36:12:781,1.0823,-1.7448,5.8719,47.6598,0.3302,-0.5114,0.413,214.9688
19:36:12:801,0.546,-2.2116,7.5526,45.941,-0.0458,-0.7615,0.3328,213.6719
19:36:12:822,0.0001,-2.0488,8.8563,46.3226,-0.1696,-0.749,0.4045,213.6719
19:36:12:845,-0.0382,-1.4754,9.5638,47.6245,-0.0754,-0.6574,0.5802,212.9688
19:36:12:863,0.4239,-0.9499,9.0263,47.5177,0.1334,-0.4829,0.7166,212.1406
19:36:12:879,0.6729,-0.6015,7.7693,48.0694,0.2895,-0.3434,0.7765,212.1406
19:36:12:900,0.868,-0.1622,6.7218,46.3334,0.3196,-0.3189,0.8061,211.0938
19:36:12:920,0.8297,0.4447,6.6297,46.6995,0.2384,-0.3687,0.781,210.2656
19:36:12:945,0.886,0.7296,7.3324,48.4161,0.1989,-0.3791,0.7142,209.4219
19:36:12:964,0.7232,0.8326,7.8651,48.2604,0.2703,-0.2973,0.6287,208.4844
19:36:12:979,0.6334,0.756,7.7238,47.2368,0.3558,-0.2014,0.5749,207.5781
19:36:13:000,0.9985,0.7308,7.5814,47.7867,0.3723,-0.1753,0.5336,206.0625
19:36:13:020,1.3481,0.665,7.7226,50.0231,0.3044,-0.2401,0.4498,205.7188
19:36:13:048,1.4522,0.4627,8.6552,49.5077,0.1662,-0.3391,0.3608,205.0625
19:36:13:064,1.6509,0.1395,9.8882,49.2707,0.0631,-0.3125,0.3011,204.4844
19:36:13:079,1.8125,-0.252,10.6016,49.7272,0.0128,-0.1461,0.2516,204.0156
19:36:13:101,2.0543,-0.647,10.6148,50.0689,-0.0301,0.0263,0.2218,203.6562
19:36:13:120,2.4901,-0.987,10.6663,51.268,-0.122,0.0779,0.1978,203.3438
19:36:13:145,2.7115,-1.1175,11.0398,48.8718,-0.2152,0.0638,0.1517,203.2188
19:36:13:162,2.3859,-1.1809,11.466,50.8877,-0.2525,0.0651,0.0977,202.9688
19:36:13:179,2.0328,-1.4395,11.1918,49.9551,-0.2328,0.112,0.1208,202.75
19:36:13:200,1.8437,-1.6023,10.5861,50.5155,-0.2855,0.1469,0.2114,202.5938
19:36:13:220,2.186,-1.6981,10.4568,51.8414,-0.4112,0.0822,0.3211,202.5156
19:36:13:246,2.7546,-1.4946,10.7597,52.0101,-0.5542,-0.0046,0.3776,202.3906
19:36:13:263,3.2359,-1.254,11.9101,52.2365,-0.64,-0.1114,0.3363,202.1719
19:36:13:280,3.3017,-1.3892,13.3203,51.75,-0.5385,-0.1167,0.2548,201.8594
19:36:13:300,3.4406,-1.5401,13.6686,50.6869,-0.224,0.0279,0.2335,201.3125
19:36:13:320,3.9218,-1.321,11.9292,52.8284,0.1702,0.1924,0.2298,201.0469
19:36:13:344,4.7706,-0.9643,9.8415,51.776,0.3654,0.1381,0.1214,200.8281
19:36:13:361,5.5487,-0.9571,8.5642,51.7995,0.3228,-0.0086,-0.1521,200.5469
19:36:13:379,5.2578,-0.9894,8.2625,51.1253,0.1089,-0.0273,-0.525,200.2969
19:36:13:399,3.8943,-1.1366,8.4253,52.1643,-0.0844,0.1626,-0.8416,200.2656
19:36:13:419,2.2531,-1.3521,7.9309,52.1691,-0.13,0.4577,-0.9625,200.625
19:36:13:444,1.1003,-1.1785,6.808,51.8157,-0.1169,0.6436,-0.8909,201.4219
19:36:13:463,0.5675,-0.7308,5.812,52.9564,-0.1079,0.5967,-0.73,202.5
19:36:13:480,0.6884,-0.2316,5.6564,54.5284,-0.1103,0.3118,-0.5905,203.5312
19:36:13:503,0.9279,0.1035,6.2286,52.9858,-0.0812,0.0044,-0.5292,204.4688
19:36:13:519,0.9267,0.2508,6.9469,54.7685,-0.0463,-0.129,-0.5117,205.2188
19:36:13:540,0.9123,0.4794,7.5323,55.0283,-0.0349,-0.1311,-0.4864,205.8125
19:36:13:561,1.0859,0.7907,8.2158,54.3579,-0.0559,-0.1085,-0.4611,206.4219
19:36:13:589,1.4486,1.1211,9.1089,55.7976,-0.0567,-0.0323,-0.472,207.2656
19:36:13:600,1.603,1.388,9.5183,56.7004,-0.0093,0.0521,-0.558,207.7812
19:36:13:624,1.3085,1.3186,9.7577,56.5288,-0.0381,0.1576,-0.6621,208.3125
19:36:13:651,0.8884,1.066,10.4951,56.8218,-0.1212,0.3104,-0.6967,208.625
19:36:13:661,0.3389,0.8134,11.5629,56.5877,-0.1337,0.4734,-0.647,209.3281
19:36:13:693,0.0528,0.6183,11.8383,57.8068,0.0208,0.577,-0.5063,210.0781
19:36:13:698,-0.0394,0.5776,11.2565,58.5326,0.1851,0.4894,-0.3521,210.875
19:36:13:721,0.1426,0.3837,10.9907,58.4137,0.2408,0.2588,-0.216,211.5469
19:36:13:745,0.2886,-0.021,11.5605,57.8289,0.2799,-0.1423,-0.1204,212
19:36:13:763,-0.2238,-0.5908,12.7145,58.1775,0.4184,-0.6947,0.0279,212.2969
19:36:13:818,-0.6427,-0.6111,13.5333,59.0095,0.5795,-1.1045,0.2886,212.4688
19:36:13:819,-0.0897,-0.6602,13.5058,57.023,0.5441,-1.1359,0.556,212.5312
19:36:13:832,1.0452,-0.6662,14.5676,58.9756,0.3233,-0.8973,0.7307,212.3594
19:36:13:848,1.9346,-0.4675,15.8354,61.1271,0.3886,-0.419,0.7304,211.875
19:36:13:863,1.8903,-0.6542,13.7524,58.666,0.788,0.1749,0.6199,210.7344
19:36:13:879,1.3864,-0.8876,9.6512,60.2459,1.048,0.4169,0.5866,209.875
19:36:13:900,1.3325,-0.9379,6.7506,60.6786,0.9569,0.1376,0.6066,209.0781
19:36:13:921,1.5731,-0.9068,6.1185,59.6299,0.6152,-0.3583,0.5893,208.2812
19:36:13:947,1.5623,-0.75,7.5682,60.214,0.2477,-0.6542,0.5632,207.5312
19:36:13:965,1.7323,-0.6794,9.0239,60.0082,0.0591,-0.5695,0.5872,206.8281
19:36:13:980,1.6713,-0.4352,9.5853,59.5883,0.0607,-0.2158,0.6149,206.2031
19:36:14:000,1.6042,-0.149,8.2637,60.2635,0.1611,0.1664,0.637,205.6094
19:36:14:019,1.6557,-0.0413,6.5363,59.7564,0.1499,0.2462,0.6338,204.9062
19:36:14:039,1.7287,0.1012,6.2286,60.7861,0.0024,0.1661,0.6268,204.1406
19:36:14:063,1.9179,0.3466,6.7925,61.3668,-0.094,0.0984,0.6021,203.3906
19:36:14:078,2.0579,0.5094,7.0726,60.4291,-0.0924,0.0553,0.5264,202.6875
19:36:14:104,2.2112,0.5585,7.4305,60.8466,-0.0929,0.0183,0.4463,202.3438
19:36:14:119,2.0304,0.659,7.8064,60.7816,-0.0586,0.0521,0.3499,201.7031
19:36:14:141,1.9179,0.6566,7.3731,61.3911,0.0117,0.0947,0.27,201.1719
19:36:14:177,2.2016,0.1538,7.8232,61.1869,-0.355,-0.105,0.0947,200.5312
19:36:14:180,2.1549,-0.0485,9.7134,62.4654,-0.5404,0.0367,0.0284,200.2188
19:36:14:199,1.9143,-0.1586,10.9476,61.6113,-0.5028,0.2881,-0.0049,200.0312
19:36:14:222,1.7455,-0.1395,10.9356,62.7532,-0.3382,0.5014,0.0287,199.9844
19:36:14:245,1.8724,-0.1502,10.2677,61.6873,-0.1915,0.3922,0.0873,200.0469
19:36:14:262,2.0879,-0.2783,10.3167,61.7434,-0.1364,-0.0145,0.128,200.0469
19:36:14:280,2.3823,-0.483,11.4851,62.324,-0.0898,-0.4241,0.1635,200.0156
19:36:14:299,2.7319,-0.7009,12.3279,62.0926,-0.0125,-0.4821,0.189,199.9219
19:36:14:318,3.0803,-0.8122,11.9161,62.1016,0.021,-0.1945,0.2202,199.7812
19:36:14:341,3.3736,-0.7608,10.4329,62.1767,-0.0434,0.0785,0.2213,199.6406
19:36:14:364,3.6944,-0.507,9.286,62.6464,-0.2485,0.1088,0.131,199.4375
19:36:14:380,3.7602,-0.4459,9.2118,63.1417,-0.5518,-0.0227,-0.068,199.0625
19:36:14:399,3.4454,-0.8182,10.78,63.4148,-0.8445,-0.1716,-0.2919,198.875
19:36:14:420,3.03,-1.5532,13.0473,62.7442,-0.9292,-0.1141,-0.403,198.8594
19:36:14:438,2.8456,-1.9794,14.2217,63.1131,-0.6756,0.1647,-0.3926,199.1562
19:36:14:464,3.0096,-2.0321,12.2548,63.6225,-0.2418,0.3901,-0.3388,199.4062
19:36:14:482,3.8021,-2.1578,9.6009,62.0917,-0.085,0.2273,-0.3258,199.9375
19:36:14:498,4.2977,-2.153,9.3591,62.4565,-0.2815,-0.0132,-0.4456,200.4688
19:36:14:519,3.9901,-2.0752,10.7704,62.4565,-0.3758,0.0036,-0.6099,200.875
19:36:14:539,2.9629,-1.977,10.306,63.0479,-0.1262,0.1552,-0.7282,201.25
19:36:14:564,2.0256,-1.6334,8.2541,64.0249,0.1433,0.2508,-0.7016,201.7812
19:36:14:582,1.797,-1.1366,6.4716,62.6068,0.269,0.1919,-0.6041,202.5156
19:36:14:599,1.8951,-0.5752,5.4805,62.5157,0.2876,0.0404,-0.554,203.3281
19:36:14:619,1.7862,0.0114,5.2686,64.0648,0.2258,-0.0694,-0.5782,204.1094
19:36:14:640,1.5192,0.3107,5.4565,64.2951,0.1598,-0.1058,-0.6201,204.7812
19:36:14:667,1.1326,0.4675,5.8108,62.6068,0.0796,-0.1189,-0.6384,205.6719
19:36:14:683,0.6047,0.568,6.8799,63.6695,-0.0666,-0.1194,-0.5969,206.3281
19:36:14:698,0.6094,0.8721,8.5738,62.8475,-0.1302,-0.0307,-0.4829,207.0469
19:36:14:719,1.1781,1.3055,9.5745,64.5247,-0.0096,0.0353,-0.4227,207.7656
19:36:14:739,1.5324,1.6873,9.8906,62.703,0.1071,0.0787,-0.4816,208.375
19:36:14:762,1.5085,1.7352,10.1467,64.3902,0.0871,0.1959,-0.5916,208.875
19:36:14:780,0.874,1.4431,10.6771,64.2326,0.0005,0.3823,-0.6621,209.375
19:36:14:798,-0.019,1.1259,11.3857,63.0361,-0.0522,0.5309,-0.5852,209.9531
19:36:14:819,-0.4644,1.1582,11.9915,64.1651,0.0189,0.5858,-0.3617,210.6719
19:36:14:840,-0.3734,1.3629,11.9592,63.6768,0.1878,0.4675,-0.1125,211.3906
19:36:14:863,0.4454,1.5724,11.612,63.6017,0.3321,0.2284,0.082,211.9219
19:36:14:879,1.7587,1.4383,11.3223,62.3779,0.3236,0.0952,0.1059,212.1719
19:36:14:899,2.4494,1.1331,11.0158,63.9592,0.1254,0.0766,-0.0509,212.1406
19:36:14:918,1.4306,0.653,11.5306,63.1479,-0.1957,-0.0531,-0.2587,211.9688
19:36:14:939,-0.2668,-0.2879,13.015,63.9386,-0.461,-0.1623,-0.2368,211.9219
19:36:14:963,-0.8917,-1.2264,14.3941,62.0704,-0.4788,-0.112,0.0529,212.0938
19:36:14:981,-0.6595,-1.4766,14.7664,63.9378,-0.212,0.1176,0.4207,212.4531
19:36:14:999,0.3976,-1.5808,13.9787,65.0094,0.2967,0.3256,0.6729,212.625
19:36:15:020,1.1505,-1.9459,11.2481,63.271,0.8035,0.3647,0.724,212.375
19:36:15:045,1.1828,-1.9986,8.3762,62.3446,0.9657,0.1927,0.6953,211.7188
19:36:15:063,1.1254,-1.9818,6.8595,62.4534,0.7492,-0.0725,0.6255,210.8438
19:36:15:080,0.5903,-1.9818,6.8224,61.1306,0.3388,-0.2693,0.58,210
19:36:15:098,0.2455,-1.7962,8.4457,62.0271,0.0043,-0.4289,0.6532,209.1875
19:36:15:119,0.5699,-1.2923,10.136,62.1809,-0.0466,-0.3676,0.785,208.4688
19:36:15:139,1.3289,-0.8398,10.3574,61.8715,0.1364,-0.1128,0.8311,207.8281
19:36:15:163,1.6018,-0.4758,9.0622,61.2416,0.339,0.1317,0.7621,207.0312
19:36:15:180,1.5121,-0.1574,7.6137,61.5428,0.4429,0.2228,0.6759,206.0938
19:36:15:199,1.3876,-0.1383,6.4238,60.3622,0.4746,0.1163,0.5933,205.1875
19:36:15:218,1.0069,-0.2855,6.0096,60.1809,0.4285,-0.0813,0.5762,203.9375
19:36:15:238,0.698,-0.3226,6.4513,61.2993,0.3595,-0.2467,0.6838,203.2031
19:36:15:263,1.0739,-0.1395,7.148,61.9505,0.3108,-0.2699,0.8663,202.5625
19:36:15:279,1.8999,0.1862,7.7094,60.1616,0.2621,-0.1687,0.9789,201.7656
19:36:15:299,2.5332,0.7991,8.0279,59.8322,0.1678,0.0055,0.944,200.7656
19:36:15:319,2.9629,1.3641,8.4313,61.3215,0.0778,0.1498,0.7853,199.625
19:36:15:338,2.8456,1.5149,8.9425,60.4644,0.0139,0.1943,0.5667,199.125
19:36:15:359,2.5248,1.4407,9.6966,60.1974,0.0298,0.1363,0.3888,198.1094
19:36:15:380,2.1298,1.2947,10.051,58.9838,0.1382,-0.0166,0.2503,197.3125
19:36:15:398,2.0567,0.8865,10.361,58.4235,0.2202,-0.2648,0.1552,196.7812
19:36:15:419,2.1669,0.3071,10.7764,58.2131,0.1992,-0.4571,0.0886,196.4062
19:36:15:440,2.1298,-0.0964,11.3379,60.825,0.0796,-0.4624,0.0551,196.1719
19:36:15:463,2.2064,-0.5189,11.8682,60.9311,-0.0685,-0.316,0.0836,196.0156
19:36:15:480,2.7487,-0.7392,12.1124,59.363,-0.1755,-0.1551,0.1456,195.9844
19:36:15:498,3.2526,-0.7775,11.8383,56.7595,-0.2325,-0.0712,0.1091,195.9219
19:36:15:519,2.9713,-0.9403,11.2984,59.1223,-0.3121,-0.0654,-0.0155,195.7812
19:36:15:539,2.4063,-1.072,11.3331,57.5583,-0.4187,-0.0779,-0.1037,195.6875
19:36:15:564,1.627,-1.2647,11.9675,56.9368,-0.4487,-0.0302,-0.0983,195.75
19:36:15:581,1.8448,-0.8553,10.604,57.3969,0.0128,0.1815,0.1698,195.9219
19:36:15:600,2.6218,-0.5968,8.9425,57.2964,0.1723,0.0047,0.1709,195.9219
19:36:15:618,3.2742,-0.5525,7.9405,58.8988,0.1316,-0.2427,0.0399,196.0781
19:36:15:640,3.3388,-0.4699,7.9561,58.9817,-0.0748,-0.3205,-0.1649,195.8438
19:36:15:665,2.7211,-0.574,8.5378,57.6997,-0.274,-0.1708,-0.3535,195.5938
19:36:15:683,1.7778,-0.7224,8.4241,58.0811,-0.3348,0.1152,-0.4235,195.8125
19:36:15:698,0.9829,-0.5716,7.6915,58.0625,-0.2999,0.3562,-0.3479,195.8125
19:36:15:718,0.8441,-0.1167,6.6368,58.1517,-0.2354,0.4106,-0.2147,196.25
19:36:15:738,1.0141,0.3945,6.1305,57.6997,-0.2171,0.2705,-0.114,196.75
19:36:15:765,1.3301,0.8996,6.3866,56.1215,-0.2186,0.1096,-0.0706,197.1562
19:36:15:782,1.53,1.2791,7.1408,56.966,-0.2075,0.0058,-0.1005,197.5
19:36:15:798,1.3804,1.3509,7.992,56.7921,-0.1904,0.0271,-0.1468,197.5469
19:36:15:818,1.3744,1.3713,8.636,56.9631,-0.1806,0.1014,-0.1449,197.6406
19:36:15:870,1.463,1.479,9.4656,57.01,-0.1656,0.1887,-0.154,197.7812
19:36:15:870,1.2822,1.5987,9.9241,56.5917,-0.0996,0.3035,-0.1647,197.9531
19:36:15:883,1.0631,1.6251,9.8379,57.2611,-0.028,0.3927,-0.1564,198.1406
19:36:15:899,0.6322,1.6646,9.5482,55.7515,-0.0083,0.4284,-0.1327,198.3281
19:36:15:918,0.2024,1.5221,9.3411,57.9516,-0.0304,0.4143,-0.06,198.5
19:36:15:939,-0.1184,1.2456,9.28,55.5975,-0.1036,0.3568,0.05,198.6719
19:36:15:965,-0.2106,0.981,9.5829,57.0046,-0.2048,0.2806,0.1765,198.7969
19:36:15:983,-0.2692,0.7236,10.6028,56.5607,-0.3076,0.0896,0.2729,198.8594
19:36:16:001,-0.4428,0.2448,12.4655,56.978,-0.2991,-0.1532,0.3688,198.7188
19:36:16:019,-0.3614,-0.4902,14.1427,54.7489,-0.1321,-0.264,0.5131,198.4844
19:36:16:040,-0.0358,-0.9296,14.0685,55.1766,0.0618,-0.0582,0.6958,198.1406
19:36:16:063,0.1689,-0.8565,12.9815,54.0304,0.0818,0.2926,0.8511,197.6875
19:36:16:082,0.4143,-0.665,11.9113,54.2872,-0.0453,0.5874,0.9411,197
19:36:16:098,0.4526,-0.6494,11.5473,53.941,-0.1385,0.6289,0.9334,196.0938
19:36:16:118,0.1103,-0.9475,11.5581,52.613,-0.0573,0.4393,0.9004,195.1094
19:36:16:139,-0.6176,-1.2791,10.8626,53.5112,0.1803,0.2329,0.9139,194.0156
19:36:16:166,-1.1587,-1.6047,9.1436,52.7147,0.3505,-0.0036,1.0055,192.9688
19:36:16:185,-0.9731,-1.9962,7.9764,52.5285,0.2261,-0.3082,1.1046,191.9375
19:36:16:198,-0.7014,-2.3134,8.8251,52.7063,-0.1481,-0.5935,1.1424,190.875
19:36:16:218,-0.5841,-2.6366,11.4671,53.2231,-0.4072,-0.7253,1.1803,189.6562
19:36:16:238,-0.3518,-2.7647,13.774,51.3482,-0.2882,-0.6241,1.2644,188.3594
19:36:16:262,-0.3554,-2.7085,13.6076,53.4255,0.179,-0.3173,1.3552,187.125
19:36:16:279,-0.5709,-2.4463,10.9775,53.717,0.6064,-0.0289,1.5036,185.7812
19:36:16:299,-0.0478,-2.1482,8.6001,50.8139,0.8024,0.0793,1.6852,184.2812
19:36:16:319,0.5053,-1.6155,6.8212,50.8535,0.8416,0.042,1.7845,181.7812
19:36:16:338,1.2056,-0.9726,5.9054,50.1364,0.7758,-0.1093,1.8024,180.8125
19:36:16:363,1.8987,-0.3921,5.7701,48.9709,0.6354,-0.2843,1.7022,178.7344
19:36:16:378,2.532,0.1538,6.2981,50.2517,0.4655,-0.402,1.486,176.6094
19:36:16:398,2.532,0.319,7.2713,47.8835,0.2858,-0.4267,1.1813,174.625
19:36:16:418,1.9598,0.228,8.3978,48.0084,0.1036,-0.2694,0.9392,172.75
19:36:16:439,1.4247,0.0317,9.632,47.3172,0.0256,-0.052,0.8218,171.1875
19:36:16:462,1.0883,-0.0353,10.2772,48.3957,0.098,0.1381,0.8047,170.0469
19:36:16:480,1.0236,-0.0449,10.3072,48.2796,0.2296,0.246,0.8348,169.0469
19:36:16:497,1.1266,0.1766,9.7697,47.225,0.343,0.295,0.8633,168.125
19:36:16:523,1.2702,0.5585,9.0538,48.1002,0.3707,0.2705,0.8468,167.1719
19:36:16:545,1.4845,0.7727,8.6528,47.2552,0.2687,0.1104,0.7648,166.2031
19:36:16:564,1.5755,0.5764,9.6164,44.89,0.0754,-0.1474,0.6284,165.1719
19:36:16:581,1.5204,0.0018,11.2158,44.89,-0.0306,-0.2606,0.5235,164.2031
19:36:16:599,1.4247,-0.3825,12.2213,45.7871,0.0061,-0.1421,0.5174,163.0781
19:36:16:618,1.9322,-0.6877,11.5126,47.3031,0.1329,0.0348,0.5435,162.5
19:36:16:638,2.2662,-0.5285,10.0426,45.9115,0.0882,0.0289,0.4934,161.9062
19:36:16:663,2.6266,-0.513,9.8427,46.0098,-0.1662,-0.1311,0.36,161.2969
19:36:16:680,2.4015,-1.0277,11.4288,45.0581,-0.4525,-0.3338,0.164,160.7344
19:36:16:697,1.2463,-1.6083,13.7321,44.1579,-0.5041,-0.2219,0.1089,160.3281
19:36:16:718,0.1115,-2.0249,14.4252,43.086,-0.1241,0.2193,0.3086,160.2031
19:36:16:738,0.0791,-1.801,11.2864,43.8888,0.4301,0.618,0.6798,160.1562
19:36:16:762,1.3816,-1.1785,7.5191,43.6881,0.6706,0.5144,0.9563,159.8125
19:36:16:780,2.69,-0.4747,5.3811,43.7396,0.5129,-0.0611,0.9443,158.9688
19:36:16:798,3.3747,0.0293,6.0838,44.4022,0.1009,-0.6494,0.7049,157.8594
19:36:16:818,3.1808,0.0605,8.2793,42.012,-0.2181,-0.7572,0.3786,157.25
19:36:16:839,2.2626,-0.1921,9.5925,42.3973,-0.2754,-0.4539,0.1429,156.2656
19:36:16:862,1.2331,-0.234,9.1101,43.8458,-0.1585,0.0454,0.0705,155.6875
19:36:16:879,0.6597,-0.0437,7.3707,41.8202,-0.1228,0.4359,0.1147,155.4844
19:36:16:904,0.5544,0.264,6.3483,43.1732,-0.2392,0.5296,0.1813,155.25
19:36:16:920,0.4897,0.8242,7.3946,41.912,-0.338,0.0923,0.2386,155.0625
19:36:16:940,0.4107,1.0134,7.8363,40.8519,-0.2503,-0.0606,0.2569,154.8438
19:36:16:964,0.5053,1.2528,7.9297,41.8856,-0.2123,-0.1186,0.2758,154.5938
19:36:16:980,0.6645,1.4671,8.4062,40.1189,-0.2373,-0.182,0.2543,154.3438
19:36:16:997,0.7375,1.4754,9.1759,39.7162,-0.2631,-0.2448,0.1941,154.3438
19:36:17:018,0.5663,1.3126,10.1348,41.6028,-0.2754,-0.2204,0.1272,154.0625
19:36:17:039,0.0324,1.066,11.1056,38.1472,-0.2567,-0.0843,0.103,153.6094
19:36:17:064,-0.5398,0.8051,12.0537,38.2976,-0.1784,0.1411,0.1781,153.6094
19:36:17:082,-1.027,0.6411,12.1459,39.9182,-0.0005,0.3877,0.3342,153.5
19:36:17:097,-1.3586,0.5644,11.5354,37.983,0.1832,0.4114,0.5472,153.4062
19:36:17:117,-1.0641,0.5872,11.2134,37.894,0.302,0.2774,0.7725,153.2344
19:36:17:137,-0.5182,0.5752,11.1703,38.0924,0.3697,0.0995,0.8966,152.8594
19:36:17:164,-0.2166,0.416,11.3558,37.6241,0.3672,-0.0177,0.9302,151.3125
19:36:17:181,0.0229,0.1538,11.5988,38.0978,0.2629,-0.0401,0.9161,150.2812
19:36:17:197,0.1629,-0.1933,12.3255,37.2074,0.0599,-0.0345,0.8663,149.75
19:36:17:218,-0.1232,-0.6626,13.6842,37.0679,-0.1134,0.0167,0.8314,148.6406
19:36:17:237,-0.8223,-1.175,14.8035,36.236,-0.0605,0.1695,0.8953,147.6094
19:36:17:258,-1.3394,-1.6502,14.5341,35.9393,0.2743,0.3925,1.1081,147.1562
19:36:17:279,-1.3897,-1.5652,11.9496,34.5874,0.678,0.6383,1.4032,146.2188
19:36:17:297,-0.5841,-1.1498,8.3822,34.8775,0.8213,0.6284,1.6474,145.2031
19:36:17:318,0.3569,-0.6315,6.1065,32.8797,0.5928,0.1392,1.6908,143.9219
19:36:17:338,0.6166,-0.4639,6.9924,33.1851,0.1704,-0.5993,1.5427,142.3281
19:36:17:362,0.7208,-0.8015,9.7254,34.1707,-0.0874,-0.9881,1.4322,140.375
19:36:17:379,1.02,-0.9068,11.6216,33.6561,-0.0064,-0.904,1.4016,138.3906
19:36:17:400,1.3062,-0.829,11.284,32.5496,0.3337,-0.5301,1.3771,136.7031
19:36:17:417,1.2463,-0.5788,8.7473,33.1587,0.6461,-0.1149,1.3438,134.2812
19:36:17:437,1.0727,-0.3011,6.0515,32.6672,0.714,0.0771,1.3294,132.6719
19:36:17:463,1.1888,-0.0569,4.2654,32.3295,0.5337,-0.0118,1.3171,131.1406
19:36:17:479,1.4414,0.2221,4.1648,31.7161,0.192,-0.3367,1.2668,129.5156
19:36:17:497,1.7012,0.4914,6.1197,31.3852,-0.0991,-0.6219,1.1808,127.9375
19:36:17:518,1.9274,0.5836,7.9022,32.0662,-0.1262,-0.6478,1.0468,126.4844
19:36:17:539,1.8616,0.5441,8.6492,30.2862,-0.0096,-0.5391,0.8924,125.0781
19:36:17:562,1.694,0.5776,8.8407,29.0915,0.0887,-0.4132,0.7829,123.8125
19:36:17:582,1.7515,0.6578,8.8,30.1762,0.1265,-0.3658,0.6996,122.7188
19:36:17:600,1.6533,0.7991,9.2992,30.4175,0.1023,-0.411,0.6127,121.8125
19:36:17:617,1.8484,0.9224,9.8702,29.4167,0.1121,-0.3559,0.548,120.9375
19:36:17:638,2.1621,1.1139,9.4297,29.5157,0.0882,-0.2246,0.4396,120.1719
19:36:17:664,2.4626,1.1199,9.3495,28.5527,-0.1222,-0.2222,0.258,119.5312
19:36:17:680,2.3775,0.6363,10.64,29.0476,-0.4261,-0.1812,0.0473,118.9375
19:36:17:698,2.1082,-0.3585,12.207,29.7894,-0.6243,-0.0385,-0.084,118.7031
19:36:17:718,1.9334,-1.2815,13.2832,29.6469,-0.6796,0.1946,-0.0611,118.4062
19:36:17:739,2.2148,-1.6538,13.3825,28.866,-0.6184,0.4601,0.0916,118.5312
19:36:17:766,3.2036,-1.4802,12.7133,29.5518,-0.5675,0.6148,0.2055,118.75
19:36:17:780,3.8955,-1.327,12.0872,28.8494,-0.5678,0.6151,0.1075,118.8594
19:36:17:797,3.6453,-1.6263,11.8071,28.793,-0.6139,0.4417,-0.113,118.7812
19:36:17:818,2.5128,-2.3936,12.7361,28.5111,-0.6732,0.3325,-0.2398,118.6719
19:36:17:838,1.5228,-3.052,13.7201,28.4587,-0.5441,0.4968,-0.0936,118.7812
19:36:17:863,1.5599,-3.3357,13.0174,28.2043,-0.1518,0.6731,0.2242,119.1094
19:36:17:879,2.6828,-3.0329,10.7896,29.3639,0.249,0.5738,0.4884,119.4375
19:36:17:935,3.9865,-2.621,8.8934,27.5151,0.4496,0.1714,0.5267,119.4531
19:36:17:936,4.4007,-2.1171,8.1177,29.4052,0.4495,-0.2419,0.3674,119.0938
19:36:17:951,3.9386,-1.6466,8.0183,28.0943,0.3467,-0.3437,0.1477,118.4531
19:36:17:958,3.0132,-1.3294,7.6544,29.1159,0.2914,-0.1884,-0.0166,117.875
19:36:17:982,2.1298,-1.0469,6.6871,30.202,0.2509,0.0185,-0.084,117.5156
19:36:17:998,1.7874,-0.6925,5.7666,30.1122,0.1625,0.1802,-0.0717,117.4062
19:36:18:022,1.9143,-0.3334,5.0196,29.4401,0.0197,0.2324,-0.0776,117.4844
19:36:18:036,1.9394,0.1095,5.0615,29.7434,-0.1462,0.1919,-0.1441,117.5469
19:36:18:059,1.8951,0.3849,5.6013,29.1728,-0.2583,0.0846,-0.2336,117.6406
19:36:18:080,1.5911,0.5585,6.5698,30.5486,-0.2764,0.0489,-0.3034,117.8281
19:36:18:098,1.433,0.6446,6.7805,30.2522,-0.2075,0.0947,-0.3122,118.1406
19:36:18:125,1.6796,0.9164,6.8392,30.3706,-0.2115,0.0801,-0.3119,118.5
19:36:18:137,1.8317,1.0576,7.5191,31.0623,-0.3236,0.0276,-0.3612,118.875
19:36:18:158,1.8365,1.1055,9.1927,31.6776,-0.4218,-0.0755,-0.431,119.2656
19:36:18:182,1.7239,0.9272,11.3067,30.4462,-0.3585,-0.1183,-0.5117,119.4844
19:36:18:197,1.0763,0.5058,12.4548,31.2857,-0.1329,-0.0148,-0.5508,119.9531
19:36:18:217,0.6346,0.1778,12.286,31.4192,0.0714,0.1844,-0.464,120.5312
19:36:18:239,0.3796,0.3226,11.6347,30.6644,0.1148,0.4223,-0.313,121.1719
19:36:18:267,0.3964,0.5477,11.5701,32.0341,0.0368,0.5938,-0.1825,121.75
19:36:18:283,0.309,0.5752,12.2704,34.4607,-0.0514,0.6894,-0.1085,122.2031
19:36:18:300,0.0576,-0.1933,12.9863,33.5293,-0.0647,0.6468,-0.0496,122.5938
19:36:18:319,-0.0154,-0.8218,13.689,33.5955,-0.1055,0.442,0.136,122.7656
19:36:18:337,-0.0442,-0.6877,15.9012,35.0625,-0.1396,0.2406,0.3898,122.8594
19:36:18:357,0.3269,-0.7129,17.3365,35.6633,0.1412,0.2635,0.6221,122.75
19:36:18:381,0.7687,-1.0816,13.446,35.095,1.0365,0.3813,0.8945,122.3438
19:36:18:398,0.9015,-0.9834,10.5298,35.3682,1.29,0.2478,0.9547,122.3438
19:36:18:417,1.208,-0.7955,7.8304,35.3777,1.2887,0.0406,0.9155,121.6406
19:36:18:438,1.4426,-0.6782,6.1101,35.9305,0.9926,-0.2142,0.7446,120.7188
19:36:18:463,1.3026,-0.7428,5.9246,36.1658,0.5153,-0.455,0.4995,118.5469
19:36:18:481,0.6489,-0.9918,7.215,35.7321,0.0924,-0.6137,0.3192,117.4219
19:36:18:496,0.1486,-1.1307,8.3954,37.2553,-0.1228,-0.5727,0.299,116.5
19:36:18:516,0.1031,-1.169,9.2393,36.8426,-0.0961,-0.4323,0.3765,115.9219
19:36:18:536,-0.1028,-0.8422,8.9568,37.255,0.1369,-0.305,0.4985,115.5469
19:36:18:555,0.3892,-0.4363,7.7681,37.1941,0.3798,-0.2995,0.6767,115.2188
19:36:18:582,1.3397,0.082,6.6847,37.4433,0.4733,-0.4259,0.7669,114.7969
19:36:18:602,2.1812,0.4579,6.8284,37.9475,0.4027,-0.5594,0.7251,114.2344
19:36:18:621,2.5679,0.7811,7.555,37.2146,0.3353,-0.524,0.6226,113.4219
19:36:18:637,2.8839,1.0014,7.7466,38.3395,0.351,-0.4294,0.5267,112.5
19:36:18:656,3.1724,1.2731,7.6149,39.1796,0.3308,-0.4227,0.4095,111.6875
19:36:18:681,3.2323,1.327,8.0243,39.1796,0.2527,-0.4888,0.241,110.9375
19:36:18:698,2.7941,1.327,8.7593,38.6241,0.2104,-0.5423,0.0958,110.2969
19:36:18:716,2.1669,1.1905,9.2573,40.832,0.2461,-0.5335,0.0391,109.8125
19:36:18:736,1.7754,1.1307,9.4895,38.9519,0.3135,-0.4949,0.1043,109.5156
19:36:18:757,2.0639,1.2312,9.5183,41.4328,0.3601,-0.4265,0.2186,109.3594
19:36:18:780,2.5954,1.4838,9.2417,43.4764,0.3603,-0.3567,0.2436,109.2656
19:36:18:798,2.9151,1.4647,8.9066,41.942,0.2722,-0.3716,0.1403,109.0469
19:36:18:817,2.9103,1.1881,9.134,42.5913,0.0938,-0.4318,0.0034,108.7188
19:36:18:836,2.8349,0.653,10.1587,44.3865,-0.1134,-0.4805,-0.1242,108.4375
19:36:18:857,2.4123,0.0664,11.4719,41.6316,-0.245,-0.3924,-0.1809,108.3594
19:36:18:880,2.174,-0.7093,12.0034,44.7263,-0.236,-0.1991,-0.1231,108.4375
19:36:18:897,2.4482,-1.0864,11.3726,45.0127,-0.1814,-0.0454,0.0186,108.6875
19:36:18:917,3.2,-0.9463,10.355,45.5511,-0.2096,0.0084,0.0918,108.9062
19:36:18:938,3.6597,-0.8529,9.5961,45.3741,-0.3436,0.0103,-0.0288,109.0156
19:36:18:958,3.2478,-1.0684,9.3626,45.3712,-0.5438,0.017,-0.2299,108.9531
19:36:18:981,2.4422,-1.4084,10.0749,45.2003,-0.6706,0.0401,-0.3327,108.9219
19:36:18:997,1.8712,-1.7747,10.4269,46.0864,-0.6013,0.165,-0.28,109.0156
19:36:19:016,1.8125,-1.8525,9.5123,47.5973,-0.449,0.3035,-0.137,109.375
19:36:19:037,2.2986,-1.643,8.2505,46.8676,-0.3843,0.3107,-0.0014,109.875
19:36:19:058,2.9809,-1.4311,7.549,46.6433,-0.4517,0.1315,0.0404,110.4219
19:36:19:081,3.5328,-1.1965,7.7202,47.3913,-0.5883,-0.0174,-0.0062,110.5625
19:36:19:096,3.7746,-0.9044,8.2841,46.2417,-0.7121,0.0454,-0.1066,110.5938
19:36:19:116,3.5723,-0.5776,8.4253,46.4586,-0.7819,0.3094,-0.2355,110.6406
19:36:19:138,3.0575,-0.349,8.1093,46.7321,-0.8176,0.5195,-0.3308,110.7969
19:36:19:162,2.5823,-0.1287,8.0949,48.4058,-0.8317,0.5946,-0.3599,111.125
19:36:19:181,2.1848,0.1873,8.4122,49.5605,-0.7675,0.6324,-0.3425,111.5781
19:36:19:198,2.0352,0.586,8.1057,49.7728,-0.5944,0.6303,-0.2975,112.125
19:36:19:224,2.2267,0.9367,7.6556,48.3805,-0.4541,0.5088,-0.2666,112.6875
19:36:19:235,2.3907,1.224,7.5933,49.525,-0.4014,0.3735,-0.2858,113.1875
19:36:19:258,2.5775,1.3904,8.0782,50.5998,-0.441,0.2635,-0.346,113.5938
19:36:19:284,2.5344,1.3605,9.1316,51.8936,-0.4922,0.2534,-0.4219,113.9688
19:36:19:297,2.119,1.2288,10.2688,51.8946,-0.4639,0.3144,-0.468,114.4062
19:36:19:316,1.6593,1.0409,10.9632,52.0292,-0.347,0.3895,-0.4531,114.8906
19:36:19:336,1.4103,0.8841,11.278,51.6253,-0.1989,0.4329,-0.3825,115.5
19:36:19:357,1.4079,0.7524,11.1703,52.4036,-0.073,0.4468,-0.3244,116.3906
19:36:19:379,1.0596,0.4723,11.017,52.9176,-0.0296,0.4127,-0.3119,116.8594
19:36:19:398,0.3293,-0.2316,11.4193,53.2979,-0.0661,0.3112,-0.2624,117.2812
19:36:19:416,-0.4033,-0.9176,12.675,53.7616,-0.077,0.2327,-0.0627,117.6719
19:36:19:438,-0.0466,-1.3138,13.3203,54.375,0.0554,0.2329,0.278,117.9844
19:36:19:465,1.1505,-1.2444,12.7457,55.9957,0.2016,0.2303,0.5254,118.0938
19:36:19:482,1.9406,-0.89,12.0717,55.5462,0.1566,0.1496,0.5422,117.7812
19:36:19:498,2.4913,-0.8793,12.6355,55.9767,-0.0485,0.083,0.4007,117.5156
19:36:19:516,2.2914,-1.4611,13.9416,54.494,-0.1838,0.0582,0.1882,116.9062
19:36:19:537,1.1469,-2.487,15.1734,54.0282,-0.0466,0.1307,0.0513,116.3438
19:36:19:558,-0.14,-3.4351,13.9942,54.5307,0.4168,0.4159,0.1147,116.0312
19:36:19:581,-0.7529,-3.7367,10.1132,53.7769,0.8275,0.6287,0.3267,115.9375
19:36:19:598,-0.4356,-3.4662,6.5602,53.0784,0.833,0.454,0.5355,115.875
19:36:19:616,0.1126,-2.7791,5.2973,53.7174,0.4442,0.0105,0.589,115.625
19:36:19:637,0.443,-2.3529,6.6237,52.1947,0.0029,-0.3937,0.4881,114.8125
19:36:19:657,0.4059,-2.3529,8.387,52.2052,-0.1585,-0.5913,0.3739,114.1094
19:36:19:682,0.1689,-1.9938,8.8934,53.4963,-0.1065,-0.627,0.3765,113.5156
19:36:19:698,0.2982,-1.4778,8.8204,51.9303,-0.0213,-0.6603,0.4596,113.0625
19:36:19:716,0.6549,-1.0277,8.8455,51.8462,0.0623,-0.6771,0.5627,112.625
19:36:19:740,1.2762,-0.6255,8.7964,52.799,0.1683,-0.6177,0.6354,112.0625
19:36:19:755,1.7646,-0.2089,8.3439,55.0082,0.2671,-0.4723,0.6497,111.3594
19:36:19:778,2.204,0.2843,7.2031,51.8399,0.2352,-0.1176,0.5086,110.6094
19:36:19:797,2.0687,0.3274,7.2558,52.972,0.1137,0.0127,0.4205,110.6094
19:36:19:816,1.7239,0.3382,7.7083,51.712,0.0376,0.1293,0.3848,109.8125
19:36:19:836,1.5061,0.3849,8.0913,51.7838,0.0557,0.1546,0.4055,109.0625
19:36:19:856,1.6785,0.507,8.2613,52.1756,0.123,0.0191,0.442,107.9844
19:36:19:881,1.943,0.5632,8.6875,50.6719,0.1656,-0.202,0.4165,107.5469
19:36:19:898,2.1058,0.5202,9.5039,51.9632,0.1758,-0.2965,0.3461,107.0938
19:36:19:916,2.0699,0.422,10.0462,52.7659,0.2051,-0.1977,0.2729,106.5938
19:36:19:935,1.8568,0.2316,9.7685,51.6177,0.2368,-0.092,0.2197,106.0938
19:36:20:003,2.0915,0.0006,9.4081,51.4042,0.1859,-0.2259,0.189,105.6562
19:36:20:004,2.7523,-0.4794,10.2461,50.4105,0.021,-0.5018,0.1259,105.3281
19:36:20:004,3.3245,-1.1079,11.9651,51.3224,-0.1611,-0.5831,0.0188,105.0469
19:36:20:018,3.188,-1.6131,13.2724,49.6002,-0.2511,-0.3261,-0.0773,104.7969
19:36:20:041,2.9749,-2.1745,13.1251,49.3471,-0.1933,0.0396,-0.0693,104.625
19:36:20:055,3.2143,-2.0548,11.5557,50.4497,-0.131,0.1839,-0.0056,104.5938
19:36:20:076,4.0307,-1.801,10.6016,48.7578,-0.2192,0.0907,-0.0741,104.7031
19:36:20:097,4.0056,-1.74,10.7884,50.5096,-0.4149,-0.0153,-0.3295,104.8125
19:36:20:116,3.0874,-2.1195,11.8574,49.1871,-0.5233,0.0026,-0.5676,104.8438
19:36:20:136,1.9801,-2.572,12.4081,48.0818,-0.412,0.1868,-0.6102,104.9531
19:36:20:155,1.451,-2.6486,11.5605,47.7264,-0.1337,0.3845,-0.4563,105.375
19:36:20:181,1.8796,-2.2476,9.5853,48.4119,0.1353,0.3528,-0.2853,106.4531
19:36:20:198,2.7642,-1.9626,8.2876,46.7584,0.2245,0.0438,-0.2477,107.1406
19:36:20:215,3.2455,-1.8202,7.8627,47.005,0.1388,-0.2054,-0.3545,107.5781
19:36:20:236,3.036,-1.6466,7.9824,46.907,-0.0133,-0.2158,-0.5042,107.8438
19:36:20:256,2.4135,-1.564,7.9381,46.0945,-0.1156,-0.0464,-0.6142,108.1406
19:36:20:281,1.548,-1.3234,7.2617,45.7694,-0.1523,0.1573,-0.6312,108.6094
19:36:20:297,1.0177,-1.09,6.589,45.3015,-0.1859,0.2385,-0.5625,109.25
19:36:20:315,0.8728,-0.7332,6.3292,45.5878,-0.217,0.206,-0.4571,109.9688
19:36:20:337,1.0057,-0.2771,6.4992,44.8117,-0.2128,0.1208,-0.3692,110.7031
19:36:20:357,1.2631,0.0856,6.7482,46.2926,-0.1763,0.0172,-0.3426,111.3281
19:36:20:380,1.2954,0.3849,7.1636,44.7221,-0.1627,-0.056,-0.3468,111.7969
19:36:20:398,1.4103,0.6518,7.9165,44.7377,-0.1686,-0.1194,-0.3284,112.2188
19:36:20:416,1.6785,0.9056,8.9712,44.4488,-0.1617,-0.1689,-0.2914,112.4375
19:36:20:436,2.3045,1.1857,10.0893,45.819,-0.1033,-0.1197,-0.2491,112.8438
19:36:20:456,3.1365,1.4335,10.6771,44.3289,-0.0296,0.0175,-0.3202,113.2031
19:36:20:480,3.2886,1.4671,11.1272,46.1891,-0.0434,0.3134,-0.5402,113.7031
19:36:20:498,2.4745,0.9894,11.3905,46.7052,-0.086,0.7496,-0.7828,114
19:36:20:516,0.9291,0.246,11.351,46.0979,-0.0903,1.0569,-0.843,114.4688
19:36:20:537,-0.1124,-0.3729,11.6407,46.7941,0.0107,1.0676,-0.6267,115.2969
19:36:20:558,-0.219,-0.5405,11.6707,46.6922,0.2304,0.8231,-0.2912,116.3438
19:36:20:582,0.1497,-0.5884,11.6335,45.1566,0.4575,0.487,-0.0219,117.25
19:36:20:596,0.5891,-0.8625,11.023,46.1932,0.6048,0.2652,0.1307,117.8438
19:36:20:615,0.7519,-1.0038,9.9061,46.2728,0.5185,0.1256,0.2122,118.0156
19:36:20:637,0.9889,-0.7835,10.0737,46.0516,0.1667,-0.0427,0.2436,117.9219
19:36:20:656,1.3935,-0.9882,11.7377,46.074,-0.2256,-0.1037,0.1981,117.6875
19:36:20:680,1.1374,-1.6047,13.5872,44.3281,-0.4349,-0.0254,0.1065,117.4062
19:36:20:696,0.048,-2.1494,15.159,45.2468,-0.2661,0.0327,0.1105,117.1406
19:36:20:722,-0.7876,-2.6019,14.1642,47.2188,0.2301,0.1344,0.2817,117
19:36:20:735,-0.8857,-2.5516,11.3115,46.001,0.6461,0.1408,0.5414,116.9219
19:36:20:757,-0.3051,-2.1003,8.5989,46.0009,0.7649,0.0372,0.744,116.5312
19:36:20:781,0.0516,-1.6622,6.7817,45.5755,0.5968,-0.1871,0.7805,115.8906
19:36:20:799,0.1078,-1.4802,6.5734,45.0226,0.2701,-0.4254,0.7781,115
19:36:20:815,0.3533,-1.2193,7.5131,46.406,0.0091,-0.6015,0.8418,114.0469
19:36:20:836,1.1577,-0.8326,8.4481,46.4178,-0.0469,-0.7272,0.9035,113.1719
19:36:20:857,1.8664,-0.5608,8.9341,45.538,0.0405,-0.7881,0.8679,112.1875
19:36:20:883,2.0208,-0.2771,8.721,44.1519,0.171,-0.6659,0.7968,111.125
19:36:20:898,1.9442,-0.064,7.6257,45.4051,0.2506,-0.4212,0.7392,110.6094
19:36:20:916,1.8496,-0.1059,6.6452,45.1308,0.1955,-0.2797,0.6817,109.6562
19:36:20:936,1.7,-0.1179,6.4417,46.9358,0.0767,-0.2227,0.6585,108.7344
19:36:20:956,1.7084,-0.0497,7.0032,46.2759,-0.0059,-0.247,0.6639,107.875
19:36:20:982,1.9286,0.0808,7.7047,47.3948,0.0202,-0.2733,0.6639,107.1406
19:36:21:001,2.0903,0.313,8.0506,47.2052,0.1076,-0.2464,0.6287,106.3594
19:36:21:018,2.2638,0.3825,7.8387,47.0561,0.1758,-0.2132,0.5629,105.5938
19:36:21:037,2.2124,0.4747,7.8244,47.313,0.1204,-0.2579,0.4838,104.5
19:36:21:057,1.6856,0.422,9.1005,45.8921,0.0155,-0.3466,0.4263,103.8281
19:36:21:081,1.5276,0.2352,10.355,48.0523,0.0682,-0.3876,0.4793,103.2344
19:36:21:097,2.2507,0.325,11.0003,48.063,0.2546,-0.4675,0.5573,102.7656
19:36:21:115,3.2622,0.7991,10.7238,48.1862,0.3952,-0.5258,0.4942,102.1875
19:36:21:139,4.0236,0.8493,10.4616,49.0468,0.3209,-0.5514,0.2583,101.5
19:36:21:155,4.0978,0.2951,11.0913,49.6527,0.0828,-0.4749,-0.031,100.8594
19:36:21:177,3.328,-1.2791,12.9204,49.9831,-0.1734,-0.0033,-0.1711,100.5156
19:36:21:197,3.6597,-1.552,11.94,50.1019,-0.1108,0.2313,-0.0358,100.5156
19:36:21:216,4.3731,-1.4431,10.9069,51.0376,-0.1499,0.2311,0.0098,100.75
19:36:21:237,4.6401,-1.3868,10.4113,49.6567,-0.2727,0.1842,-0.1135,100.75
19:36:21:257,4.2726,-1.4455,10.5011,51.5157,-0.4336,0.156,-0.2959,100.9688
19:36:21:283,3.613,-1.6586,11.0099,50.0914,-0.5494,0.2183,-0.4267,101.0625
19:36:21:298,2.8253,-1.6969,11.6288,52.9472,-0.539,0.3914,-0.4496,101.0625
19:36:21:315,2.3704,-1.7891,11.4923,49.903,-0.3113,0.5903,-0.3631,101.9062
19:36:21:340,2.7834,-1.7891,9.8235,50.516,0.0245,0.5983,-0.2347,102.8281
19:36:21:354,3.6297,-1.5233,7.8818,51.7716,0.2232,0.2819,-0.228,102.8281
19:36:21:375,4.2809,-1.2731,6.8954,51.2968,0.1739,-0.1199,-0.394,103.2969
19:36:21:397,4.1541,-1.1295,6.9062,51.3969,-0.0772,-0.2305,-0.668,103.5938
19:36:21:414,3.1964,-1.1929,7.4664,52.6326,-0.3598,-0.0073,-0.9178,103.8438
19:36:21:435,1.9382,-1.303,7.5646,52.5485,-0.5217,0.3453,-1.0169,104.2344
19:36:21:457,0.8932,-1.169,7.3144,52.7631,-0.5704,0.5544,-0.9415,105
19:36:21:480,0.5053,-0.7955,7.2186,53.0543,-0.4943,0.471,-0.766,106.0938
19:36:21:497,0.5496,-0.3334,7.1935,52.4688,-0.2756,0.157,-0.6019,107.3594
19:36:21:516,0.7519,0.0784,6.9206,53.3719,-0.0708,-0.1213,-0.4882,108.4688
19:36:21:539,1.1074,0.3861,6.8056,55.1207,-0.0149,-0.2025,-0.4017,109.4375
19:36:21:554,1.5372,0.7452,7.215,55.3663,-0.0911,-0.1673,-0.3601,110.1719
19:36:21:576,2.0136,0.926,8.2194,54.4686,-0.184,-0.1058,-0.3628,110.7031
19:36:21:598,2.6421,1.1582,9.3698,57.1205,-0.2261,0.014,-0.4235,111.3594
19:36:21:617,2.7534,1.2623,10.0977,56.9689,-0.2139,0.2207,-0.5655,111.7812
19:36:21:635,2.4278,1.1558,10.4137,58.5039,-0.1979,0.4281,-0.6925,112.2188
19:36:21:655,1.8604,0.9355,10.5705,57.1884,-0.1992,0.5826,-0.7452,112.8125
19:36:21:676,1.1996,0.7081,10.6998,59.5744,-0.1846,0.6487,-0.6946,113.5938
19:36:21:696,0.9973,0.5573,10.847,58.6239,-0.1678,0.5762,-0.5527,114.4375
19:36:21:719,1.0691,0.5237,11.5055,59.5985,-0.1792,0.4167,-0.4177,115.3438
19:36:21:737,1.2271,0.2041,12.6247,61.3626,-0.1707,0.328,-0.3202,116.125
19:36:21:755,1.4247,-0.5321,13.2987,60.1949,-0.1148,0.3834,-0.248,116.7344
19:36:21:775,1.2475,-0.9595,13.4316,60.1153,-0.0719,0.4593,-0.1671,117.1719
19:36:21:798,1.0763,-1.09,13.8482,61.1951,-0.0581,0.4332,-0.0264,117.5312
19:36:21:815,1.4474,-1.145,14.2073,60.0595,0.012,0.4486,0.0979,117.8125
19:36:21:835,1.5061,-1.2396,13.7225,59.7,0.1555,0.4287,0.1099,117.9688
19:36:21:856,1.0979,-1.6993,12.9539,62.2486,0.3702,0.202,0.1059,117.9531
19:36:21:882,0.6693,-1.9603,12.1112,60.934,0.6506,-0.0614,0.1621,117.8438
19:36:21:898,0.4742,-2.074,10.1384,61.9293,0.8988,-0.1149,0.2282,117.7344
19:36:21:915,0.479,-2.0512,7.6376,61.5474,0.9092,-0.116,0.2625,117.6719
19:36:21:935,0.382,-2.0488,5.9473,62.7726,0.6,-0.2643,0.2497,117.2656
19:36:21:955,0.2072,-2.0369,6.6249,62.3255,0.1329,-0.5634,0.2628,116.9062
19:36:21:975,0.2228,-1.8417,8.5331,62.639,-0.1563,-0.7706,0.3464,116.5625
19:36:21:998,0.777,-1.6586,10.47,61.5662,-0.1537,-0.8345,0.458,116.2344
19:36:22:016,1.1721,-1.3844,10.8674,60.8629,0.1388,-0.6481,0.5211,115.875
19:36:22:084,1.3145,-1.0708,8.9305,61.4873,0.4597,-0.3884,0.5757,115.4375
19:36:22:084,1.7084,-0.4663,6.972,62.6735,0.5369,-0.263,0.6271,114.8281
19:36:22:084,2.3392,-0.1311,5.9413,61.4288,0.4123,-0.2867,0.6021,114.1562
19:36:22:099,2.5775,0.3202,6.3483,61.7992,0.1792,-0.3215,0.5243,113.3906
19:36:22:117,2.5882,0.6291,7.3108,60.4437,0.0458,-0.2126,0.4087,112.6406
19:36:22:135,2.1405,0.6339,7.4114,61.6622,0.0639,-0.0523,0.2844,111.9531
19:36:22:156,1.5492,0.6949,7.0499,63.1153,0.0961,-0.0307,0.2433,111.3906
19:36:22:183,1.3504,0.8529,7.1229,63.3715,0.0791,-0.1479,0.2663,111.0156
19:36:22:200,1.5025,0.8733,7.7789,61.7127,0.0676,-0.2917,0.2929,110.5781
19:36:22:215,1.8101,0.8051,8.4469,64.0379,0.1257,-0.3423,0.3091,110.2656
19:36:22:239,2.1824,0.6925,8.0099,63.3522,0.1992,-0.2984,0.2756,109.9219
19:36:22:253,2.3644,0.5644,7.4425,63.0756,0.1161,-0.2723,0.1944,109.5469
19:36:22:278,2.8349,0.2292,7.3755,63.8036,-0.1388,-0.2893,0.0857,109.1875
19:36:22:296,3.6584,-0.3956,8.2888,63.8344,-0.551,-0.3857,-0.0863,108.9688
19:36:22:314,3.7339,-1.0038,10.9272,65.7303,-0.9923,-0.3532,-0.2941,108.875
19:36:22:336,3.2143,-1.7651,13.4819,64.9486,-1.1063,-0.0355,-0.42,109.0469
19:36:22:355,3.0767,-2.712,13.1766,65.5097,-0.8986,0.3339,-0.3923,109.5156
19:36:22:382,4.4066,-2.7108,10.7896,64.6823,-0.8237,0.3927,-0.2789,110.125
19:36:22:399,7.1157,-1.9603,10.7728,64.7693,-1.0115,-0.0262,-0.4533,110.7344
19:36:22:415,7.1839,-2.214,12.6954,66.189,-1.159,-0.2358,-1.0683,110.9844
19:36:22:438,3.5938,-3.0604,13.6519,65.5499,-1.2583,0.3176,-1.5143,111.4688
19:36:22:454,0.4933,-3.7415,13.1227,64.6266,-1.3103,1.2537,-1.3546,112.4062
19:36:22:476,-0.6786,-3.8098,12.0753,62.6458,-1.0988,1.6673,-0.7697,114.1406
19:36:22:500,0.5699,-3.1154,11.0482,63.6595,-0.4836,1.0641,-0.1271,116.1406
19:36:22:517,2.8181,-2.3864,9.7218,62.8651,0.2796,-0.1863,0.1504,118.1562
19:36:22:535,3.923,-1.8896,8.7054,62.9258,0.6839,-1.1157,0.025,118.4844
19:36:22:555,4.0858,-1.8369,8.4217,63.896,0.5305,-1.0891,-0.2688,118.2656
19:36:22:576,1.6497,-2.068,7.3826,61.9488,-0.3167,0.4995,-0.7165,118.0312
19:36:22:600,0.4574,-1.9112,7.0738,63.2784,-0.595,0.8375,-0.697,118.1562
19:36:22:619,-0.0729,-1.6861,7.5047,63.8035,-0.5966,0.6969,-0.5548,118.75
19:36:22:634,-0.1759,-1.3306,8.4145,62.6829,-0.3388,0.2825,-0.3836,119.6094
19:36:22:655,0.0672,-1.0265,8.7976,62.2814,0.0418,0.0374,-0.2246,121.375
19:36:22:675,0.2443,-0.5992,8.4624,63.4833,0.3143,0.0332,-0.1295,121.8594
19:36:22:698,0.3114,-0.3322,8.5295,63.9284,0.4482,0.1003,-0.0611,121.8594
19:36:22:715,0.7016,-0.0437,8.2565,62.0577,0.5587,0.1983,0.0045,122.1094
19:36:22:734,1.2535,0.4244,7.7094,61.167,0.5896,0.2122,0.0069,122.2344
19:36:22:754,1.8844,0.7727,7.8675,62.318,0.5039,0.1474,-0.0989,122.2031
19:36:22:777,1.8137,0.8565,8.9568,62.5189,0.4016,0.1416,-0.2773,122.1719
19:36:22:802,1.22,0.5872,9.875,62.5297,0.4091,0.1634,-0.387,122.1562
19:36:22:818,0.6669,0.2233,10.452,62.5203,0.5039,0.1371,-0.3564,122.5
19:36:22:835,0.6465,-0.0006,10.5897,62.5203,0.624,0.0159,-0.2158,122.6875
19:36:22:853,1.1098,-0.0293,10.5083,62.3633,0.6522,-0.1367,-0.0645,123.0938
19:36:22:875,1.7096,-0.0449,10.8566,62.3549,0.5039,-0.146,0.0303,123.2656
19:36:22:895,2.01,-0.2807,11.5378,61.5218,0.2895,0.0433,0.0838,123.4375
19:36:22:915,1.8556,-0.5668,11.6539,62.0747,0.0895,0.3632,0.1824,123.4375
19:36:22:934,2.1106,-0.3394,11.448,60.2037,-0.0796,0.5176,0.3485,123.3281
19:36:22:954,2.8384,-0.0724,11.5905,61.8686,-0.2069,0.4691,0.3872,123.2031
19:36:22:976,2.7858,-0.1861,11.6814,57.9029,-0.2999,0.3866,0.234,123.0156
19:36:22:998,1.7467,-0.9655,11.8646,59.2344,-0.3563,0.202,0.0793,122.6562
19:36:23:019,0.7639,-1.6765,12.8498,58.6693,-0.331,-0.0012,0.1528,122.25
19:36:23:033,0.9781,-1.9806,13.428,60.057,-0.0764,0.038,0.3278,122.0469
19:36:23:055,1.2355,-2.0967,11.3977,58.0385,0.3345,0.1759,0.3797,121.8438
19:36:23:074,1.3074,-2.0704,8.466,57.9415,0.477,0.0896,0.3488,121.6875
19:36:23:099,1.3397,-2.1793,7.1624,58.44,0.2945,-0.2097,0.2543,121.2812
19:36:23:118,0.8943,-2.1266,7.7825,56.1434,0.021,-0.508,0.1725,120.8281
19:36:23:133,0.6908,-2.0967,8.8946,57.6618,-0.1526,-0.5993,0.1906,120.4375
19:36:23:154,0.5747,-1.9447,9.7804,55.7343,-0.1888,-0.4518,0.2828,120.1719
19:36:23:175,0.5316,-1.4275,9.7505,56.6463,-0.0594,-0.1551,0.4236,119.9688
19:36:23:198,0.7232,-0.9762,8.5881,54.4439,0.1358,0.0633,0.556,119.6875
19:36:23:214,1.3097,-0.6375,7.3204,55.7264,0.2794,0.0215,0.6428,119.2812
19:36:23:234,1.955,-0.3909,6.9265,54.7672,0.306,-0.2424,0.6537,118.75
19:36:23:255,2.028,-0.0473,7.8423,54.7842,0.2764,-0.3871,0.5946,118.0312
19:36:23:276,1.6509,-0.1239,8.4576,54.1502,0.3401,-0.2084,0.5488,117.2344
19:36:23:298,1.2391,-0.2041,7.9285,54.0326,0.453,0.0063,0.5848,116.5
19:36:23:320,1.3229,-0.0377,7.6747,55.3458,0.5702,-0.1445,0.6681,115.8125
19:36:23:338,1.5839,0.3298,8.6049,54.4307,0.8184,-0.7511,0.7163,115.125
19:36:23:357,1.9023,0.5022,9.4488,53.6232,1.2586,-1.4603,0.6798,114.75
19:36:23:380,2.1417,0.4256,8.8455,53.8118,1.4956,-1.6385,0.6026,113.5
19:36:23:396,2.5559,0.6147,8.1165,52.6306,1.2232,-1.1839,0.5568,112.5312
19:36:23:414,3.1988,0.8051,8.1356,52.284,0.587,-0.4771,0.4668,111.5625
19:36:23:433,3.6608,0.6087,9.2753,52.2192,-0.0698,0.1078,0.327,110.7188
19:36:23:453,3.7291,0.0844,10.6735,52.8267,-0.4344,0.3184,0.2034,109.9531
19:36:23:473,3.4538,-0.3238,12.2513,51.8424,-0.4416,0.1919,0.1781,109.4688
19:36:23:496,3.5699,-0.6841,12.6834,51.5987,-0.1555,0.0143,0.2511,109.2344
19:36:23:513,4.196,-0.9678,11.2636,51.3217,0.1041,-0.1538,0.3406,109.1094
19:36:23:537,4.9082,-1.0134,10.2246,52.4037,0.0381,-0.2771,0.3523,108.9219
19:36:23:553,5.2243,-1.0648,9.8762,50.0512,-0.2743,-0.2086,0.2279,108.5781
19:36:23:573,4.7323,-1.1019,10.7836,50.7402,-0.6714,-0.0068,0.0503,108.1719
19:36:23:597,3.5423,-1.2743,12.4141,50.5536,-0.8264,0.3299,-0.056,107.8438
19:36:23:613,2.6876,-1.5054,12.7085,50.4627,-0.5609,0.5602,0.0181,107.7656
19:36:23:633,2.8648,-1.1666,11.1834,48.9374,-0.0549,0.4699,0.1856,108.0312
19:36:23:653,3.8656,-0.6829,9.377,49.2179,0.293,-0.019,0.2098,108.1094
19:36:23:674,4.8244,-0.5872,8.642,48.5266,0.3081,-0.5048,0.0178,107.9219
19:36:23:700,4.8783,-0.6147,9.3315,48.5065,0.0173,-0.5221,-0.2722,107.6562
19:36:23:715,4.3085,-0.7943,10.2964,47.4001,-0.2618,-0.0182,-0.533,107.5625
19:36:23:733,2.9486,-0.7632,9.6464,46.6861,-0.371,0.5871,-0.7034,107.8594
19:36:23:753,1.5731,-0.6698,8.4911,47.4057,-0.3694,0.7901,-0.7047,108.4844
19:36:23:774,0.7914,-0.3765,7.8435,47.7763,-0.2599,0.6212,-0.5641,109.3594
19:36:23:796,0.6753,0.1431,7.4497,47.821,-0.0764,0.3421,-0.3804,110.25
19:36:23:813,1.1781,0.6099,7.1863,47.5442,0.0727,0.1914,-0.2443,110.9688
19:36:23:833,1.597,1.1115,6.9385,47.2759,0.1246,0.2177,-0.2019,111.1875
19:36:23:853,1.9418,1.5149,7.1013,45.6079,0.1212,0.3102,-0.1958,111.5469
19:36:23:873,2.2148,1.8777,7.4892,47.5827,0.1537,0.3783,-0.2251,111.7812
19:36:23:899,2.1346,2.1518,7.8866,46.6907,0.2285,0.3823,-0.2837,112
19:36:23:917,1.8472,2.0668,8.6947,44.2658,0.2993,0.2553,-0.3263,112.2188
19:36:23:934,1.6461,2.0129,10.2677,44.3418,0.4181,0.1389,-0.3172,112.6562
19:36:23:953,1.7682,2.0812,11.3343,46.9477,0.6583,0.1693,-0.2997,112.9688
19:36:23:974,1.6689,1.9495,10.525,44.7248,0.8682,0.4335,-0.321,113.2812
19:36:23:997,1.6342,1.8034,10.5322,44.3679,0.7116,0.5411,-0.2933,113.2812
19:36:24:016,1.5935,1.5209,11.4755,44.1315,0.5776,0.4867,-0.2549,113.5469
19:36:24:034,1.4247,1.1426,12.5493,45.2109,0.596,0.3887,-0.19,114.0469
19:36:24:054,1.3373,0.7249,12.5362,45.7765,0.747,0.3456,-0.1087,114.5156
19:36:24:073,0.9949,0.4974,11.4037,45.4541,0.8376,0.3163,-0.0137,114.5156
19:36:24:096,0.8058,0.8314,10.4783,45.2608,0.7441,0.3778,0.1384,114.6562
19:36:24:162,1.0045,1.3306,9.4812,46.3428,0.5129,0.5083,0.234,114.7031
19:36:24:162,1.1852,1.4132,9.3004,43.1241,0.1678,0.4068,0.238,114.375
19:36:24:162,1.4019,1.0265,10.9177,46.0232,-0.0863,0.0998,0.2125,114.375
19:36:24:177,1.0631,0.5213,12.7289,43.7129,-0.0423,0.0188,0.1784,113.7344
19:36:24:196,0.1426,0.1131,11.9879,43.7661,0.273,0.3056,0.2188,113.6094
19:36:24:213,-0.5733,0.3214,9.1292,44.5342,0.4661,0.4974,0.3672,113.4062
19:36:24:233,-0.4907,0.5249,7.4461,42.8121,0.3691,0.2675,0.5022,113.0156
19:36:24:253,-0.4105,0.5992,7.5586,45.1841,0.167,-0.2094,0.5635,112.7969
19:36:24:276,-0.3315,0.7105,9.2717,44.264,0.0442,-0.6302,0.6458,112.2188
19:36:24:309,0.4227,0.7093,10.7405,41.2552,0.0935,-0.6662,0.7659,111.625
19:36:24:320,1.135,1.1007,10.6926,42.8562,0.2104,-0.3945,0.8154,111.2969
19:36:24:333,1.706,1.4132,9.711,43.8998,0.297,-0.1173,0.7805,110.6094
19:36:24:352,1.5097,1.6646,8.7677,42.8527,0.339,0.0622,0.7001,109.7656
19:36:24:373,1.3744,1.9004,7.8387,42.7303,0.3894,0.1488,0.6718,108.8906
19:36:24:398,1.4294,2.1422,7.0726,43.6969,0.4237,0.1131,0.6228,107.9844
19:36:24:416,1.4977,2.2416,7.1037,42.6208,0.4397,0.0132,0.5496,107.1406
19:36:24:437,1.4857,2.2057,7.3395,43.0459,0.474,0.035,0.4639,106.375
19:36:24:453,1.1565,2.2332,7.5359,44.0443,0.5236,0.1498,0.4047,105.6094
19:36:24:472,0.9147,2.3338,7.3372,42.6058,0.5715,0.2497,0.4093,104.9375
19:36:24:493,0.9087,2.6893,7.3252,42.8497,0.5726,0.2209,0.4465,104.125
19:36:24:516,1.3337,3.0448,7.0427,42.6483,0.5521,0.1352,0.4671,103.5938
19:36:24:532,2.0831,3.2867,7.6747,42.3387,0.4783,-0.0763,0.4101,103.0156
19:36:24:552,2.4386,3.4447,7.9106,41.6555,0.4168,-0.0619,0.2758,102.4531
19:36:24:572,2.2686,3.483,7.7585,42.0604,0.2554,-0.003,0.1131,101.8906
19:36:24:594,1.9406,3.3752,8.5343,42.102,0.0008,-0.0262,-0.0046,101.4531
19:36:24:612,1.5121,2.9419,9.7122,42.9839,-0.2258,-0.1229,-0.0584,101.2031
19:36:24:632,1.2104,2.0153,11.4492,40.5803,-0.3281,-0.2576,0.0279,101.1406
19:36:24:652,1.9502,1.7759,11.3139,39.8123,-0.3073,-0.2749,0.2588,101.2188
19:36:24:673,3.1485,1.8154,11.6431,40.5032,-0.3606,-0.5178,0.384,101.3125
19:36:24:693,4.3228,1.9064,12.1064,41.5467,-0.2634,-0.724,0.2924,101.2344
19:36:24:712,4.3001,1.8944,11.5976,41.4094,-0.2599,-0.6305,0.0178,100.9062
19:36:24:734,3.8895,1.4527,11.7126,41.0635,-0.4312,-0.3381,-0.2448,100.5938
19:36:24:753,2.9043,0.8074,12.0322,40.3118,-0.5193,0.1043,-0.4115,100.5156
19:36:24:773,1.9957,0.5513,11.1236,41.8069,-0.3779,0.4209,-0.3982,100.6094
19:36:24:794,1.9538,0.6949,8.9999,39.949,-0.183,0.3624,-0.321,101.2188
19:36:24:812,2.4218,0.8924,7.2342,41.1369,-0.2309,-0.0499,-0.3087,101.7344
19:36:24:833,3.1006,0.7655,7.8926,39.9522,-0.5577,-0.4454,-0.3956,102.125
19:36:24:853,3.3149,0.4244,9.6332,40.1655,-0.8482,-0.3112,-0.5495,102.4688
19:36:24:873,2.1513,0.2771,9.8283,40.7013,-0.8967,0.2566,-0.6741,102.9219
19:36:24:895,0.9949,0.2604,8.0662,40.7013,-0.7957,0.7509,-0.6302,103.5469
19:36:24:912,0.6549,0.4747,5.8336,37.9601,-0.7654,0.8921,-0.4789,104.3906
19:36:24:933,0.9913,0.9571,4.9681,38.6573,-0.8884,0.6838,-0.3556,105.2188
19:36:24:953,1.4738,1.2791,5.8743,41.0097,-1.0022,0.3986,-0.3625,105.875
19:36:24:973,0.8824,1.3641,7.0451,38.9284,-0.9569,0.2665,-0.4336,106.3438
19:36:24:995,0.194,1.315,7.6053,40.9,-0.8035,0.254,-0.387,106.7969
19:36:25:012,0.0648,1.5999,7.7873,38.6953,-0.6384,0.2377,-0.2517,107.3281
19:36:25:032,0.3461,1.9064,8.0135,38.572,-0.5196,0.1139,-0.1492,108.0938
19:36:25:052,0.71,2.2176,8.7545,38.249,-0.4602,-0.0574,-0.1002,108.4219
19:36:25:073,0.9099,2.3864,10.1443,38.6057,-0.379,-0.1687,-0.1039,108.625
19:36:25:092,0.9722,2.3888,10.8674,39.1577,-0.212,-0.0715,-0.1447,108.7656
19:36:25:112,0.6837,2.3984,10.8638,36.6605,-0.1113,0.1408,-0.1833,108.9062
19:36:25:132,0.2551,2.3146,11.0721,37.3306,-0.1127,0.3011,-0.1729,109.0938
19:36:25:152,-0.0334,2.2057,11.6934,38.3028,-0.1284,0.3043,-0.1005,109.2969
19:36:25:173,0.1869,1.8513,12.6894,37.3823,-0.1041,0.1946,-0.0003,109.5156
19:36:25:193,0.6154,1.2623,13.3741,37.0502,-0.0282,0.1198,0.0748,109.6406
19:36:25:212,0.6956,0.6099,13.2628,36.4191,0.0136,0.1448,0.1416,109.6406
19:36:25:232,0.4514,0.3059,12.8091,39.1187,-0.0581,0.1826,0.2801,109.5625
19:36:25:253,0.218,0.4088,12.8953,39.1465,-0.1774,0.1661,0.4761,109.4844
19:36:25:273,0.394,0.4902,12.9492,36.0302,-0.2402,0.2289,0.6106,109.2656
19:36:25:292,0.6166,0.4124,12.6415,36.3759,-0.2879,0.3874,0.6165,108.875
19:36:25:312,1.0201,0.0832,12.6044,37.2884,-0.2977,0.4795,0.5632,108.2344
19:36:25:336,1.3911,-0.3549,12.6188,36.5315,-0.1601,0.393,0.4599,107.5469
19:36:25:353,0.9626,-0.6159,11.9244,36.6301,0.1292,0.2308,0.3384,106.6094
19:36:25:373,0.5316,-1.0469,10.3096,37.059,0.3851,0.0814,0.2702,106.1094
19:36:25:399,-0.0382,-2.1338,7.6388,35.4794,0.3989,-0.1508,0.181,105.7188
19:36:25:416,-0.6332,-2.1805,7.3407,37.696,0.2205,-0.3074,0.2375,105.7188
19:36:25:434,-0.5673,-2.0776,7.6448,36.5251,0.0517,-0.3911,0.3677,105.4062
19:36:25:460,-0.5015,-1.7077,8.0398,37.0672,-0.0354,-0.3977,0.4716,105.1562
19:36:25:472,-0.5158,-1.2049,8.1021,37.1315,-0.0362,-0.3474,0.5975,104.6406
19:36:25:493,-0.0466,-0.744,7.7525,36.5578,0.0109,-0.251,0.7171,104.6406
19:36:25:519,0.4275,-0.2843,6.9744,37.3277,0.0352,-0.1343,0.7621,103.7031
19:36:25:536,0.7447,0.1179,6.2801,38.2434,-0.0085,-0.0965,0.7502,103.0156
19:36:25:555,0.7351,0.3813,6.3735,35.5718,-0.102,-0.2097,0.7089,102.2344
19:36:25:573,0.8692,0.3849,7.2342,36.8938,-0.1494,-0.316,0.683,101.3594
19:36:25:593,0.7411,0.4723,8.1033,34.8029,-0.1204,-0.2984,0.6668,99.6875
19:36:25:617,0.6801,0.5417,8.5319,36.1309,-0.0149,-0.2427,0.7067,99.3438
19:36:25:634,1.0667,0.8134,8.5378,35.8755,0.0389,-0.2353,0.7691,98.5781
19:36:25:653,1.6701,1.2576,8.9868,35.2092,-0.0024,-0.2238,0.7845,97.7969
19:36:25:673,2.3165,1.6143,9.6428,37.1457,-0.0463,-0.1857,0.7003,96.9375
19:36:25:698,2.4829,1.7077,10.0486,37.0634,-0.0618,-0.1394,0.5382,96.0781
19:36:25:720,2.3416,1.5365,10.1575,36.2936,-0.0999,-0.1583,0.3752,95.625
19:36:25:737,2.1884,1.0624,10.9344,37.1801,-0.1878,-0.2981,0.2748,94.8281
19:36:25:755,2.3297,0.4016,12.2429,34.675,-0.2197,-0.4534,0.2487,94.25
19:36:25:774,2.5811,-0.1371,13.252,34.5259,-0.1627,-0.5282,0.275,93.8125
19:36:25:792,3.0336,-0.4339,13.3167,36.4263,-0.0554,-0.4265,0.3414,93.5156
19:36:25:815,3.7075,-0.4411,11.9939,34.6849,-0.0189,-0.2859,0.3549,93.2344
19:36:25:834,3.826,-0.2376,11.2541,35.9417,-0.1489,-0.3008,0.2575,92.9375
19:36:25:853,3.6992,-0.2412,11.4121,34.9151,-0.285,-0.4108,0.1539,92.5312
19:36:25:872,3.6944,-0.3274,12.693,34.7333,-0.319,-0.5519,0.0521,91.9531
19:36:25:894,3.2036,-1.054,13.7273,33.6323,-0.0802,-0.4747,-0.1007,91.75
19:36:25:916,2.0747,-1.303,12.1926,35.4058,0.3665,-0.1335,-0.1146,91.6406
19:36:25:933,2.35,-1.0038,8.7677,34.9211,0.6975,0.022,0.0172,91.6719
19:36:25:953,4.002,-0.4028,5.8911,33.2051,0.6354,-0.1692,-0.0323,91.7812
19:36:25:973,5.0806,0.0437,5.666,33.1929,0.1598,-0.6081,-0.4232,91.7812
19:36:25:992,5.0148,-0.4615,8.4924,33.6518,-0.3686,-0.8254,-0.9391,91.6406
19:36:26:015,3.3712,-1.2157,11.2409,32.4573,-0.5422,-0.4957,-1.326,91.7812
19:36:26:034,0.856,-1.637,10.9344,33.2478,-0.3286,0.1584,-1.3881,92.5625
19:36:26:053,-0.6032,-1.4407,8.375,32.6193,-0.1001,0.6409,-1.1095,93.9531
19:36:26:073,-0.5314,-0.7081,6.2801,34.2644,-0.0471,0.6883,-0.7423,95.625
19:36:26:093,0.2994,-0.0114,5.7366,33.7423,-0.0799,0.3453,-0.5436,97.0625
19:36:26:117,0.7339,0.422,6.1975,32.9686,-0.0985,-0.0179,-0.5026,98.125
19:36:26:134,0.3988,0.5202,6.9206,32.7798,-0.1044,-0.0909,-0.4573,98.8594
19:36:26:153,0.1055,0.5944,7.5179,32.4492,-0.0487,-0.0659,-0.3037,99.7188
19:36:26:226,0.8237,1.0241,7.3407,31.7027,-0.0224,0.0188,-0.1026,100
19:36:26:227,1.9191,1.491,7.397,33.1488,-0.1563,0.058,-0.0619,100.4688
19:36:26:227,2.362,1.5114,8.2206,31.4685,-0.371,0.1179,-0.2275,100.6719
19:36:26:232,1.6485,1.2456,9.4536,32.6209,-0.5153,0.2177,-0.4576,100.75
19:36:26:252,0.4694,0.5357,10.5669,33.4188,-0.5087,0.3181,-0.5375,100.9219
19:36:26:276,-0.2214,0.0724,11.199,32.9165,-0.3766,0.3565,-0.3822,101.3906
19:36:26:296,-0.2884,0.1478,11.4707,31.342,-0.2168,0.3701,-0.1447,102.0312
19:36:26:315,-0.2621,0.2316,11.5988,30.68,-0.0855,0.3911,0.0362,102.6562
19:36:26:332,-0.3195,0.149,11.5043,31.2713,-0.0107,0.4279,0.2138,103
19:36:26:352,-0.3004,0.0832,11.4588,30.9965,0.0181,0.4119,0.4053,103.0938
19:36:26:373,-0.1196,-0.246,11.7676,31.4862,0.0354,0.3717,0.5842,102.9844
19:36:26:393,0.1222,-0.4794,11.776,31.1441,0.0525,0.3554,0.7475,102.6406
19:36:26:415,0.2,-0.4531,11.6886,31.3808,0.0394,0.2534,0.8639,102.0938
19:36:26:433,0.2192,-0.5177,11.8203,30.562,-0.0445,0.1371,0.9241,101.375
19:36:26:461,0.2886,-1.0936,12.1268,30.267,-0.184,0.042,0.9344,99.9375
19:36:26:471,-0.0394,-2.0177,12.9539,31.5414,-0.2517,-0.1415,0.9565,98.9531
19:36:26:493,-0.0394,-2.645,14.0672,31.2712,-0.0471,-0.2592,1.0894,97.8906
19:36:26:517,0.1689,-2.7444,12.8785,32.5332,0.3912,-0.1327,1.225,96.8125
19:36:26:533,0.2587,-2.378,9.6404,31.2633,0.6035,0.0124,1.29,95.5625
19:36:26:553,0.6418,-2.323,7.4904,28.7464,0.3981,-0.0174,1.2569,94.1875
19:36:26:573,0.4754,-2.2703,7.2294,30.6221,0.0221,-0.1804,1.1653,92.6562
19:36:26:592,0.1402,-2.2583,8.2817,30.1377,-0.2615,-0.3783,1.14,91.1719
19:36:26:615,0.0564,-2.2116,9.2681,32.5702,-0.3204,-0.4257,1.1925,89.8906
19:36:26:637,0.0516,-1.8717,9.2896,30.3162,-0.2312,-0.3199,1.2974,89.25
19:36:26:653,0.3006,-1.4539,8.6492,29.4214,-0.102,-0.1958,1.4101,87.9219
19:36:26:672,0.6633,-1.1378,7.7466,30.3525,0.0013,-0.203,1.4863,86.5
19:36:26:693,0.9458,-0.9236,7.5227,31.0961,0.0591,-0.3447,1.5241,85.0312
19:36:26:715,1.1134,-0.7955,7.8411,30.8527,0.1401,-0.4393,1.5491,83.3594
19:36:26:733,1.1422,-0.7165,7.9118,29.9749,0.2165,-0.3407,1.5728,80.7188
19:36:26:752,1.1972,-0.683,7.8591,29.9179,0.171,-0.0488,1.5962,78.9844
19:36:26:772,1.3816,-0.5142,7.8591,29.1142,0.0658,0.2638,1.6239,77.1406
19:36:26:794,2.2758,0.0138,8.6456,31.5236,0.1292,0.0076,1.4942,75.2812
19:36:26:814,2.3321,0.1694,8.9736,30.5199,0.2149,-0.3311,1.2993,75.2812
19:36:26:837,2.0244,-0.0269,9.8989,30.303,0.2226,-0.4619,1.1174,73.5312
19:36:26:852,1.8209,-0.3932,10.1671,30.4216,0.2165,-0.3564,1.0042,69.9844
19:36:26:871,1.8484,-0.6542,10.1336,29.1086,0.1119,-0.2409,0.9472,68.4531
19:36:26:892,2.3644,-0.8003,10.9464,29.9688,-0.0583,-0.264,0.8868,68.4531
19:36:26:916,3.0503,-1.0648,12.3805,29.7444,-0.1188,-0.2638,0.7669,65.9844
19:36:26:936,3.2203,-1.3725,12.4153,27.6876,-0.0354,-0.1293,0.6101,64.875
19:36:26:953,3.1425,-1.7484,10.944,29.2938,-0.0141,-0.0427,0.4828,63.8906
19:36:26:974,3.2491,-1.9471,9.9241,29.2938,-0.2149,-0.1524,0.3853,63
19:36:26:998,3.3688,-2.1865,11.0877,29.0382,-0.584,-0.4116,0.2564,62
19:36:27:016,2.6026,-2.5732,13.8649,28.6594,-0.7308,-0.3935,0.1725,61.5312
19:36:27:034,1.7036,-2.7934,15.232,31.2793,-0.4083,0.0279,0.2969,61.1719
19:36:27:051,1.3133,-2.6785,12.5397,29.3796,0.2669,0.5035,0.5075,60.9688
19:36:27:075,1.5348,-2.1662,8.2482,30.4156,0.7238,0.4122,0.724,60.8906
19:36:27:091,3.1545,-1.5089,5.599,29.4841,0.731,-0.108,0.8008,60.6094
19:36:27:112,4.2977,-0.9427,5.3763,29.6421,0.3651,-0.7682,0.5344,60.0625
19:36:27:137,4.196,-1.2061,7.5323,28.4459,-0.143,-1.0875,0.1051,59.2031
19:36:27:159,3.3221,-1.9207,10.1575,28.5349,-0.4655,-0.7951,-0.2376,58.25
19:36:27:170,1.8329,-2.2583,11.5007,29.7704,-0.4133,-0.1301,-0.3902,57.5312
19:36:27:191,0.4909,-2.3553,10.0797,27.9407,-0.1598,0.4801,-0.3252,57.3281
19:36:27:215,-0.0705,-2.056,7.8028,30.1083,-0.0408,0.6729,-0.1037,57.5625
19:36:27:234,0.0193,-1.321,6.9637,29.675,-0.0386,0.4606,0.1294,58.0312
19:36:27:253,0.3952,-0.8984,7.245,30.1096,0.0149,0.1096,0.2569,58.6094
19:36:27:272,0.9135,-0.7679,7.8555,29.6031,0.146,-0.0912,0.3243,58.6562
19:36:27:292,1.2295,-0.4663,7.7633,30.5914,0.2666,-0.0427,0.3507,58.4531
19:36:27:316,1.4785,-0.1454,7.4078,30.6955,0.2975,0.0713,0.3344,58.1094
19:36:27:332,1.761,0.0892,7.2438,30.1774,0.2322,0.1794,0.2841,57.6719
19:36:27:352,1.7108,0.3514,7.4988,31.5269,0.1161,0.2151,0.2173,57.2812
19:36:27:372,1.6066,0.6063,8.2948,29.9882,0.017,0.1434,0.1757,56.9062
19:36:27:392,1.5791,0.7069,9.644,28.0283,0.0101,0.0263,0.16,56.625
19:36:27:415,1.6796,0.8458,10.5657,28.9086,0.1087,-0.0305,0.1539,56.4219
19:36:27:435,1.6162,0.9798,11.0793,30.8264,0.2104,0.0225,0.1067,56.25
19:36:27:452,1.2619,0.9296,11.0075,30.0268,0.2504,0.1932,0.062,56.1562
19:36:27:472,0.7471,0.7823,11.1176,29.8247,0.1816,0.4074,0.0684,55.9531
19:36:27:493,0.3221,0.489,11.3654,30.5923,0.119,0.5783,0.1278,55.7812
19:36:27:516,-0.0059,0.0245,11.6599,31.8917,0.1007,0.6287,0.2165,55.7344
19:36:27:534,-0.0969,-0.5225,11.4743,31.7553,0.1151,0.6196,0.3067,55.6562
19:36:27:551,-0.4356,-0.9906,10.9644,32.113,0.0272,0.5565,0.3627,55.5156
19:36:27:572,-0.8331,-1.5401,11.1379,32.0657,-0.2256,0.5536,0.4599,55.2656
19:36:27:594,-1.0677,-2.2631,11.8873,31.7553,-0.4719,0.593,0.6037,54.9219
19:36:27:616,-1.045,-2.9239,12.6607,30.8621,-0.4988,0.4958,0.7483,54.5469
19:36:27:634,-1.0641,-3.3896,13.0162,32.2518,-0.2711,0.1994,0.9014,54.0156
19:36:27:651,-1.1431,-3.3692,12.377,30.2978,0.1451,0.0023,1.1036,53.3125
19:36:27:676,-0.6727,-2.9766,9.8056,32.8758,0.4634,0.0135,1.303,52.4375
19:36:27:691,0.0707,-2.5037,7.4221,33.4854,0.4221,-0.0076,1.3555,51.3594
19:36:27:712,0.2862,-2.214,6.7494,33.912,0.1209,-0.2339,1.2828,49.9531
19:36:27:734,0.4873,-2.0907,8.0829,33.2833,-0.1846,-0.5445,1.2583,48.3906
19:36:27:751,1.1793,-1.7867,9.8822,32.6402,-0.2986,-0.7072,1.2548,46.9375
19:36:27:771,1.202,-1.2707,11.3307,33.5237,-0.1973,-0.6169,1.1736,45.4531
19:36:27:792,0.7567,-1.1342,11.1248,32.3986,0.1001,-0.3005,1.1225,43.2031
19:36:27:819,0.8429,-1.2348,8.8311,34.7035,0.3555,-0.0438,1.1581,41.875
19:36:27:834,1.1146,-0.9571,7.1827,34.4023,0.3281,-0.1263,1.1805,40.5469
19:36:27:851,1.4725,-0.6542,7.8196,34.0717,0.1787,-0.3357,1.1336,39.2031
19:36:27:872,1.4749,-0.6506,9.0574,34.8569,0.2402,-0.4438,1.0319,37.9062
19:36:27:892,1.2343,-0.6829,8.9197,34.7395,0.4658,-0.4459,0.9581,36.5625
19:36:27:917,1.1685,-0.6518,7.9872,34.0523,0.6474,-0.4097,0.927,35.3281
19:36:27:933,1.2487,-0.5273,7.0606,34.6469,0.6709,-0.3849,0.8929,34.1562
19:36:27:952,1.3756,-0.4806,6.6716,34.93,0.535,-0.354,0.8607,33.6562
19:36:27:972,1.6102,-0.2149,7.2294,36.7737,0.298,-0.3511,0.8165,32.5469
19:36:27:992,1.6713,-0.0557,8.8515,35.0443,0.1302,-0.317,0.7366,31.4844
19:36:28:018,1.451,-0.0952,9.6871,34.9205,0.1566,-0.1711,0.6772,30.4688
19:36:28:034,1.3038,-0.0581,9.0298,36.3567,0.2059,-0.0587,0.65,29.5781
19:36:28:064,1.1841,-0.2664,8.3188,34.6303,0.053,-0.076,0.6042,28.7656
19:36:28:070,1.3433,-0.4723,8.7832,35.7718,-0.3374,-0.1218,0.5278,27.9844
19:36:28:092,1.8484,-1.3916,10.9644,36.5107,-0.7622,-0.1769,0.3723,26.9375
19:36:28:117,1.6078,-2.6366,13.6866,37.6272,-0.9356,-0.0377,0.2702,26.3438
19:36:28:134,1.299,-3.6434,14.7125,38.4476,-0.7451,0.2446,0.3994,25.9531
19:36:28:151,1.7563,-3.4578,13.1395,37.1439,-0.3856,0.4598,0.6679,25.7031
19:36:28:171,3.2072,-2.6725,10.9644,35.6396,-0.1952,0.3922,0.7613,25.3125
19:36:28:192,3.6764,-2.1422,9.6775,37.256,-0.47,-0.112,0.1994,24.625
19:36:28:217,2.763,-2.5851,11.4528,38.1084,-0.5497,-0.3165,-0.032,24.625
19:36:28:234,2.2112,-3.1071,12.6008,37.5412,-0.3492,-0.2446,-0.06,23.8438
19:36:28:292,2.3692,-2.9419,11.8538,39.8737,-0.0101,0.0734,0.0114,23.0312
19:36:28:293,2.8803,-2.2464,9.5087,37.4649,0.1462,0.3482,-0.0014,23.0625
19:36:28:293,3.328,-1.8429,8.3068,37.948,0.0296,0.401,-0.166,23.1094
19:36:28:315,3.2024,-1.6418,8.1153,35.5569,-0.1851,0.455,-0.4099,23.1094
19:36:28:337,2.2423,-1.6646,8.4959,37.4133,-0.3771,0.606,-0.6339,23.1406
19:36:28:351,1.0236,-1.7579,8.6731,36.3783,-0.4431,0.8204,-0.6981,23.375
19:36:28:370,0.2084,-1.631,8.2661,37.8515,-0.3705,0.9403,-0.5868,24.2969
19:36:28:391,0.0109,-1.1702,7.5,38.0433,-0.2181,0.8622,-0.3921,24.7344
19:36:28:414,0.2264,-0.7129,6.6081,38.636,-0.085,0.675,-0.224,26.0312
19:36:28:435,0.3688,-0.4699,6.1915,37.2481,-0.0573,0.4859,-0.1266,26.4219
19:36:28:451,0.5699,-0.2065,6.5471,37.2334,-0.0647,0.2998,-0.0397,26.9844
19:36:28:471,0.8752,-0.0245,7.3431,38.266,0.0029,0.1048,-0.0105,27.3438
19:36:28:491,1.3923,0.1826,8.0841,37.6834,0.1374,-0.0283,-0.0424,27.5469
19:36:28:516,1.6174,0.4016,8.5211,38.631,0.2442,-0.0616,-0.1665,27.6406
19:36:28:533,1.3468,0.3861,8.9485,37.7035,0.2408,-0.0129,-0.3077,27.6719
19:36:28:551,1.1493,0.1179,9.5997,37.2974,0.1949,0.0497,-0.3918,27.7031
19:36:28:570,0.7399,-0.1443,10.3658,37.8543,0.1334,0.0934,-0.4318,27.8906
19:36:28:591,0.3497,-0.5333,11.6754,39.7153,0.1204,0.1418,-0.3961,28.25
19:36:28:611,-0.0741,-0.8661,12.6271,37.6662,0.2506,0.2087,-0.3039,28.6719
19:36:28:632,-0.0083,-1.1355,12.6056,40.5707,0.4682,0.2055,-0.1513,29.4375
19:36:28:651,0.2491,-1.2049,12.0789,38.6078,0.628,0.1144,-0.0483,29.875
19:36:28:671,0.3844,-1.2599,11.3833,38.8977,0.6573,0.0255,-0.0318,30.1562
19:36:28:694,0.3233,-1.3952,10.8087,38.6875,0.5534,-0.0121,-0.0536,30.2812
19:36:28:717,0.03,-1.57,10.7333,38.6882,0.3239,0.0377,-0.0856,30.3281
19:36:28:734,-0.2333,-1.7939,10.7118,38.7355,0.0389,0.2297,-0.0941,30.3906
19:36:28:752,-0.3207,-2.238,10.8075,38.2588,-0.2567,0.2979,-0.0946,30.4688
19:36:28:773,-0.851,-2.7719,12.0717,37.4225,-0.4357,0.1072,-0.06,30.5938
19:36:28:792,-1.4532,-3.1705,13.7752,39.3591,-0.2677,-0.0142,0.1208,30.7344
19:36:28:816,-1.4496,-3.3106,12.687,38.6008,0.2171,0.1371,0.4143,30.8438
19:36:28:833,-0.936,-2.7264,9.3926,39.5999,0.5151,0.2417,0.6897,30.8281
19:36:28:851,-0.0873,-2.2547,7.0079,39.9361,0.4064,0.0636,0.7853,30.5312
19:36:28:871,-0.2142,-1.7998,6.6692,39.1332,0.0812,-0.2824,0.7486,29.9531
19:36:28:893,-0.1627,-1.6047,8.1308,37.9576,-0.1864,-0.573,0.7845,29.5469
19:36:28:916,0.4227,-1.3857,9.5434,38.2675,-0.2469,-0.578,0.8058,28.6719
19:36:28:932,0.4359,-1.0995,9.8642,40.0997,-0.2551,-0.2747,0.7323,27.3125
19:36:28:951,0.1234,-0.9283,9.5338,39.494,-0.3113,0.1868,0.6841,26.375
19:36:28:981,-0.0526,-0.8661,8.8539,38.4496,-0.3044,0.4838,0.6788,25.4375
19:36:29:002,-0.0382,-0.7189,7.9788,39.1468,-0.1909,0.4596,0.7036,24.625
19:36:29:016,0.1593,-0.5908,7.3766,38.3297,-0.0322,0.1458,0.7256,23.9219
19:36:29:033,0.6513,-0.4196,7.4209,38.509,0.1294,-0.2512,0.7219,23.1719
19:36:29:050,0.9111,-0.1945,7.8459,38.509,0.2783,-0.5154,0.6455,22.3906
19:36:29:071,0.7268,-0.2352,7.8962,38.023,0.4096,-0.5668,0.5414,21.5938
19:36:29:090,0.5759,-0.4292,7.7454,37.8979,0.429,-0.411,0.4833,20.7656
19:36:29:111,0.4562,-0.3226,7.5203,38.9127,0.3467,-0.2171,0.4561,20.0312
19:36:29:134,0.5783,-0.1826,7.8842,38.541,0.241,-0.1927,0.4282,19.4062
19:36:29:153,0.9339,-0.1107,8.8215,39.2253,0.192,-0.2869,0.3515,18.875
19:36:29:171,0.9805,-0.0892,9.6152,39.4801,0.2314,-0.3255,0.2375,18.3594
19:36:29:191,0.9434,-0.3609,9.6248,38.0586,0.2882,-0.3498,0.1232,17.8906
19:36:29:211,1.0883,-0.8781,9.4201,37.9787,0.2237,-0.467,0.0292,17.4062
19:36:29:234,1.3109,-1.5532,10.1862,39.1107,-0.0309,-0.6065,-0.0528,17.25
19:36:29:250,1.3672,-2.4403,12.189,39.0142,-0.3081,-0.5402,-0.0805,17.1719
19:36:29:274,1.6425,-3.1933,13.3873,37.1796,-0.4056,-0.2156,-0.0115,17.1875
19:36:29:291,2.3021,-3.4458,12.687,37.9632,-0.3372,0.087,0.1035,17.2344
19:36:29:311,2.8145,-3.1538,11.0673,39.1171,-0.2951,0.0601,0.0921,17.2344
19:36:29:335,2.5571,-3.0376,10.2174,38.5944,-0.3577,-0.244,-0.0768,17.1406
19:36:29:351,1.4917,-3.2807,11.1284,37.6712,-0.5063,-0.5034,-0.2179,17.0312
19:36:29:372,0.613,-3.7008,12.6176,39.3022,-0.4868,-0.3897,-0.1441,17.1094
19:36:29:391,0.6142,-3.568,12.4607,37.4068,-0.2123,-0.063,0.0881,17.3125
19:36:29:411,1.8844,-2.9179,10.2605,36.0051,0.0623,0.1991,0.2812,17.3906
19:36:29:435,3.4657,-2.0716,8.4983,38.6504,0.0575,0.1631,0.2199,17.4219
19:36:29:453,4.2163,-1.5293,8.0578,37.928,-0.1425,-0.0174,-0.1023,17.1875
19:36:29:471,3.7327,-1.5628,8.7461,37.3429,-0.3571,-0.0694,-0.493,16.8906
19:36:29:491,2.5069,-1.8597,9.1687,37.1304,-0.4341,0.0896,-0.7561,16.8125
19:36:29:512,1.2128,-1.825,8.6719,38.3727,-0.3883,0.2902,-0.8054,17.4844
19:36:29:537,0.4454,-1.5329,7.6628,36.2032,-0.2834,0.3496,-0.6906,18.3281
19:36:29:553,0.3712,-1.0193,6.729,37.2892,-0.2229,0.2713,-0.5186,19.2969
19:36:29:570,0.9015,-0.4722,6.6931,36.2705,-0.2072,0.124,-0.395,20.125
19:36:29:591,1.4893,0.2508,7.0905,38.7847,-0.0282,-0.0204,-0.4328,20.7656
19:36:29:612,1.208,0.337,7.0546,37.1288,0.0056,0.055,-0.4611,21.2188
19:36:29:634,1.0799,0.5058,7.3216,37.6264,-0.0426,0.1472,-0.4411,21.6562
19:36:29:652,1.3624,0.6614,7.9692,37.0876,-0.0799,0.1874,-0.4427,22.1406
19:36:29:671,1.4019,0.659,9.0358,35.6933,-0.081,0.169,-0.4967,22.6562
19:36:29:690,1.4654,0.4938,10.1072,36.1959,-0.008,0.107,-0.5529,23.1719
19:36:29:710,1.2726,0.1562,10.8542,36.7954,0.1015,0.0132,-0.6286,23.7188
19:36:29:736,0.7363,-0.2568,11.5509,36.6237,0.172,0.0428,-0.6422,24.3125
19:36:29:752,0.4299,-0.5872,11.7928,35.6069,0.2234,0.2231,-0.5633,25.6406
19:36:29:771,0.3569,-0.8326,11.515,36.6725,0.2104,0.4239,-0.4653,26.0156
19:36:29:791,0.4263,-1.169,11.6766,33.9694,0.1065,0.5304,-0.3663,26.375
19:36:29:817,0.6992,-1.5149,12.1064,34.2155,0.0413,0.6068,-0.2935,27.3125
19:36:29:834,0.8548,-1.6358,11.7975,37.5224,0.0125,0.6388,-0.2821,27.6094
19:36:29:851,0.7052,-1.6813,11.5892,36.2666,-0.0898,0.5624,-0.3061,28.0938
19:36:29:870,0.5328,-1.91,11.8646,35.1802,-0.2288,0.4777,-0.3266,28.4688
19:36:29:890,0.2216,-2.1805,12.6271,34.2912,-0.3135,0.3264,-0.3223,28.8906
19:36:29:910,-0.0681,-2.475,13.659,34.4249,-0.2099,0.1219,-0.2331,29.2969
19:36:29:936,-0.1735,-2.6378,13.7584,34.4689,0.1481,-0.0414,-0.0579,29.7344
19:36:29:953,0.1282,-2.457,11.9747,37.1547,0.5127,-0.0981,0.156,30.125
19:36:29:970,0.7315,-1.9854,10.3862,36.1493,0.5899,-0.0976,0.3145,30.4062
19:36:29:991,1.2822,-1.8274,9.5542,36.3798,0.5124,-0.0464,0.3379,30.4688
19:36:30:011,0.9339,-1.8142,9.049,36.5529,0.4227,-0.0262,0.3161,29.9219
19:36:30:034,0.5256,-1.5113,8.8132,35.9912,0.3864,-0.1519,0.3842,29.7344
19:36:30:051,0.7327,-1.3414,8.897,37.6856,0.4197,-0.3796,0.4631,29.3594
19:36:30:072,0.789,-1.1618,8.8467,35.3805,0.5167,-0.5615,0.4631,29
19:36:30:090,0.4718,-0.8481,8.5582,35.3321,0.608,-0.6086,0.4639,28.4844
19:36:30:109,0.4742,-0.6865,8.0075,35.7737,0.6666,-0.5082,0.5046,27.8906
19:36:30:133,0.7926,-0.6638,7.1432,36.0834,0.6759,-0.3956,0.5312,27.3438
19:36:30:151,1.1098,-0.5201,6.6548,34.9743,0.5681,-0.3594,0.5089,26.7344
19:36:30:172,1.22,-0.3561,7.3635,36.9174,0.4168,-0.3218,0.4449,26.1094
19:36:30:191,0.9985,-0.4998,8.0147,35.8727,0.42,-0.2534,0.372,25.4688
19:36:30:210,0.7172,-0.5357,7.8375,37.5212,0.5177,-0.2289,0.3531,24.9219
19:36:30:235,0.795,-0.3992,7.4868,37.2888,0.5553,-0.2491,0.3707,24.4375
19:36:30:252,1.2116,-0.3035,7.4604,37.9617,0.4964,-0.3085,0.3584,24
19:36:30:271,1.7251,-0.0629,7.9429,37.1562,0.384,-0.345,0.299,23.5781
19:36:30:292,2.1669,0.0389,8.703,37.555,0.2932,-0.3522,0.1579,23.1406
19:36:30:318,1.7994,-0.2101,9.0275,37.466,0.2226,-0.247,-0.0176,22.7344
19:36:30:371,1.3876,-0.6363,8.788,36.8992,0.1151,-0.0989,-0.0792,22.5625
19:36:30:371,1.4714,-1.0888,8.8778,39.7767,-0.0583,-0.1346,-0.065,22.3594
19:36:30:386,1.6413,-1.4575,10.0342,37.7616,-0.2288,-0.2829,-0.0206,22.4062
19:36:30:394,1.937,-1.8681,11.703,38.8322,-0.3052,-0.3674,0.0537,22.5
19:36:30:422,2.5404,-2.3445,12.201,37.5587,-0.236,-0.263,0.1685,22.5469
19:36:30:436,3.4286,-2.2906,11.0853,38.8322,-0.1888,-0.141,0.2263,22.5312
19:36:30:453,4.2067,-1.9555,9.8882,39.2783,-0.3478,-0.1114,0.0796,22.4062
19:36:30:469,3.9996,-1.6837,9.6571,39.7175,-0.7217,-0.0901,-0.248,22.1875
19:36:30:491,2.8444,-2.0333,11.8035,38.6026,-1.0874,-0.0616,-0.5426,21.9844
19:36:30:510,1.9454,-2.6833,14.3354,40.0507,-1.0014,0.1967,-0.5908,22.0781
19:36:30:534,1.8101,-2.4918,13.3693,40.6034,-0.5185,0.6843,-0.399,22.5938
19:36:30:554,2.6397,-1.6083,10.4903,39.9087,-0.1284,0.6433,-0.2413,23.3125
19:36:30:569,3.516,-1.2085,8.3176,37.4595,-0.0439,0.1887,-0.3069,23.9844
19:36:30:590,3.8141,-1.0816,7.9034,39.0881,-0.2717,-0.2113,-0.4781,24.3906
19:36:30:611,3.5615,-0.9858,8.8527,39.8416,-0.5603,-0.2006,-0.6946,24.9062
19:36:30:637,2.605,-1.1462,9.1986,40.1943,-0.6962,0.1898,-0.8621,25.4375
19:36:30:654,1.2643,-1.0804,8.7007,39.8343,-0.6679,0.6178,-0.8451,26.25
19:36:30:674,0.4694,-0.7224,7.4892,38.6901,-0.522,0.7701,-0.6667,27.2344
19:36:30:690,0.4347,-0.2352,6.6763,38.4467,-0.3555,0.5118,-0.4592,28.2969
19:36:30:710,0.8273,0.2915,6.7362,38.0099,-0.1806,0.1118,-0.3122,29.1562
19:36:30:735,1.4438,0.7464,7.0079,39.0762,-0.0405,-0.153,-0.2901,29.7188
19:36:30:753,1.6928,1.0624,7.403,38.9321,0.0248,-0.1351,-0.3942,30.0938
19:36:30:772,1.6796,1.1259,7.2905,39.8046,0.0328,0.0007,-0.5482,30.4219
19:36:30:790,1.2487,0.9487,7.816,39.1101,-0.0815,0.1043,-0.684,30.6094
19:36:30:810,0.7986,0.7703,9.1615,38.1552,-0.1585,0.2018,-0.7066,31.1094
19:36:30:834,0.6082,0.6746,10.1252,38.9084,-0.0527,0.2108,-0.6528,31.8281
19:36:30:851,0.8237,0.5489,10.4963,37.8039,0.1087,0.1304,-0.5814,32.6719
19:36:30:870,0.8812,0.4244,10.8985,37.5742,0.1779,0.107,-0.5492,33.4531
19:36:30:889,0.8967,0.3083,11.2301,38.0339,0.2003,0.181,-0.5239,34.1719
19:36:30:911,0.7842,-0.0389,11.1176,39.521,0.1835,0.2635,-0.5247,35.125
19:36:30:933,0.3341,-0.6279,11.4312,38.0507,0.0956,0.2803,-0.4989,35.7188
19:36:30:952,0.0612,-1.1821,12.0645,38.3857,0.0357,0.2609,-0.4017,36.3281
19:36:30:970,-0.0131,-1.5903,12.4727,38.0018,0.0059,0.2146,-0.2749,36.9375
19:36:30:995,0.4011,-1.6239,13.4603,38.4198,-0.1294,0.2446,-0.0637,37.4219
19:36:31:021,0.3748,-1.6957,13.6985,39.5491,-0.1971,0.2505,-0.0421,37.7344
19:36:31:037,-0.1998,-2.0428,14.3941,39.1107,-0.1673,0.1549,-0.0054,37.9219
19:36:31:052,-1.0881,-2.4187,14.4288,39.2477,0.0836,0.246,0.1445,38.0312
19:36:31:070,-1.3382,-2.5588,11.8227,37.8486,0.4618,0.4297,0.4191,38.1094
19:36:31:089,-1.0222,-2.3206,8.8623,36.6217,0.6125,0.356,0.6703,38.125
19:36:31:110,-0.4129,-2.1111,7.142,37.8533,0.4799,0.03,0.789,38
19:36:31:136,-0.1148,-1.8477,7.3527,37.8533,0.1824,-0.3306,0.8013,36.8594
19:36:31:156,0.2072,-1.6358,8.7844,35.2151,-0.0365,-0.4827,0.792,36.8594
19:36:31:173,0.1869,-1.3725,9.3674,35.2151,-0.0631,-0.3911,0.7699,35.4844
19:36:31:190,0.0157,-1.3018,9.3076,36.9058,0.0421,-0.2243,0.7853,34.5781
19:36:31:209,-0.3087,-1.2157,8.241,36.8114,0.2229,-0.0363,0.8743,33.6406
19:36:31:236,-0.0765,-1.1127,6.6297,37.063,0.3457,0.0156,1.021,33.1875
19:36:31:252,0.4897,-0.9523,5.7258,35.8497,0.3246,-0.1413,1.1062,32.2656
19:36:31:269,0.6478,-0.8505,6.0383,35.9335,0.2341,-0.358,1.1038,31.3125
19:36:31:289,0.6298,-0.9667,7.075,35.8419,0.221,-0.4867,1.0889,30.1406
19:36:31:310,0.5795,-0.9846,7.646,36.0775,0.3246,-0.4552,1.1038,28.8594
19:36:31:333,0.9722,-0.756,7.2857,36.4428,0.3864,-0.3588,1.127,27.625
19:36:31:352,1.6066,-0.5273,7.1025,35.8444,0.2946,-0.3032,1.0559,26.3281
19:36:31:369,1.8748,-0.3956,7.871,34.4822,0.1268,-0.3042,0.8993,25.0312
19:36:31:390,1.8209,-0.4136,9.1041,34.5383,0.0194,-0.3018,0.736,23.7188
19:36:31:410,1.6413,-0.6135,10.3,35.7595,0.0538,-0.2638,0.6093,22.5469
19:36:31:435,1.4462,-0.8841,10.1108,34.4146,0.1744,-0.141,0.5334,21.0312
19:36:31:452,1.4426,-1.0337,9.1089,33.6273,0.1553,-0.1072,0.5129,20.25
19:36:31:470,2.0112,-1.2001,9.0861,33.8808,-0.0389,-0.203,0.495,19.625
19:36:31:489,2.7379,-1.5496,9.9995,34.3363,-0.2868,-0.3317,0.4154,19.0156
19:36:31:510,3.1581,-2.1434,11.2601,34.2574,-0.4655,-0.353,0.3491,18.4219
19:36:31:535,3.7267,-2.633,11.8682,35.2815,-0.5369,-0.2646,0.3294,17.9062
19:36:31:554,4.3241,-2.8677,11.5809,33.0825,-0.5843,-0.1844,0.2503,17.4688
19:36:31:569,4.0547,-2.8521,11.4264,34.1266,-0.7071,-0.2313,0.0623,17.0781
19:36:31:589,2.7774,-3.0508,12.7684,34.811,-0.8229,-0.2869,-0.0951,16.75
19:36:31:610,1.4797,-3.4183,14.1774,32.1157,-0.7113,-0.1322,-0.0443,16.5625
19:36:31:636,1.4283,-3.4554,13.841,34.9323,-0.2906,0.1208,0.2162,16.625
19:36:31:653,2.7989,-2.7384,10.9967,34.9879,0.1446,0.2018,0.418,16.7344
19:36:31:670,4.3923,-1.9938,8.6001,33.0671,0.2469,-0.0552,0.2995,16.6875
19:36:31:693,4.7658,-1.5461,7.9872,33.5628,0.0128,-0.3035,-0.0858,16.3125
19:36:31:718,4.0008,-1.7148,8.9425,34.5886,-0.2807,-0.2105,-0.4794,15.8594
19:36:31:736,2.5751,-1.9435,9.055,33.3533,-0.3601,0.1269,-0.7215,15.6875
19:36:31:752,1.3457,-1.8944,8.077,32.9662,-0.347,0.4108,-0.7593,15.7812
19:36:31:769,0.5711,-1.5233,7.1612,31.6338,-0.3342,0.5152,-0.6637,16.7188
19:36:31:789,0.3114,-1.0636,6.6943,33.109,-0.3033,0.4332,-0.5141,17.5938
19:36:31:810,0.4933,-0.6243,6.5997,32.0744,-0.2314,0.2534,-0.3697,18.5
19:36:31:833,0.5987,-0.1945,6.7374,32.6582,-0.1388,0.1003,-0.264,19.25
19:36:31:852,1.0356,0.2843,7.1049,32.9958,-0.0221,-0.0286,-0.1359,19.8125
19:36:31:869,1.7658,0.8098,7.415,33.3604,0.0882,-0.0627,-0.0712,20.1719
19:36:31:889,2.3093,1.1462,7.4389,32.8409,0.1505,-0.0651,-0.1505,20.4219
19:36:31:909,2.3357,1.1187,7.8184,33.2027,0.1031,-0.068,-0.3364,20.5
19:36:31:933,1.7814,0.902,8.7162,33.7225,-0.0088,-0.0086,-0.5146,20.5938
19:36:31:952,1.1601,0.4184,9.9504,33.0983,-0.0818,0.0891,-0.5782,20.8438
19:36:31:969,0.7507,0.2065,10.8662,34.5638,-0.0924,0.2803,-0.5197,21.3438
19:36:31:989,0.5783,-0.0844,11.782,31.706,-0.0309,0.4106,-0.4115,22
19:36:32:013,0.9554,-0.3466,12.0046,32.6847,0.1294,0.4305,-0.2866,22.625
19:36:32:037,1.2726,-0.5393,11.9568,31.6794,0.2424,0.311,-0.2312,23.4531
19:36:32:053,1.3145,-0.9343,12.3159,34.2864,0.2714,0.2196,-0.2315,23.8281
19:36:32:071,1.0667,-1.3234,12.5146,32.6352,0.2804,0.2372,-0.215,24.1094
19:36:32:090,0.7758,-1.5772,12.1148,32.5506,0.2618,0.3805,-0.1439,24.3906
19:36:32:110,0.5616,-1.1989,11.4121,33.9001,0.1689,0.4974,-0.0272,24.6562
19:36:32:134,0.8956,-1.0205,11.2876,32.5064,-0.0064,0.5333,0.0465,24.8438
19:36:32:156,1.0356,-1.2061,11.5809,33.6601,-0.1712,0.4622,0.0098,24.9375
19:36:32:169,0.2695,-1.9531,12.8342,34.4692,-0.2309,0.1221,-0.0081,24.9375
19:36:32:192,-0.3135,-2.4786,14.667,35.1497,0.0069,-0.1218,0.1595,24.9844
19:36:32:209,-0.1196,-2.9131,13.4855,33.8789,0.6075,0.0028,0.3861,25.0156
19:36:32:237,0.1773,-2.7587,9.2214,34.5036,0.9625,0.1168,0.5552,24.9375
19:36:32:254,0.7028,-2.4618,6.638,33.7269,0.735,-0.0204,0.6055,24.6094
19:36:32:270,0.5544,-2.001,6.8954,34.7163,0.2424,-0.2643,0.5464,24.0938
19:36:32:290,0.358,-1.8513,9.1208,35.8471,-0.0759,-0.4233,0.5533,23.4219
19:36:32:312,0.5975,-1.5676,10.7273,33.5416,-0.0184,-0.3977,0.6274,22.7344
19:36:32:341,0.9231,-1.1175,10.288,36.1793,0.2746,-0.2664,0.6873,21.7812
19:36:32:351,1.1637,-0.7177,8.5031,35.9065,0.4783,-0.1567,0.6822,21.0312
19:36:32:371,1.3325,-0.4244,7.1061,34.3102,0.4828,-0.0907,0.6431,20.2188
19:36:32:449,1.0536,-0.6015,6.8056,36.5128,0.2557,-0.1183,0.5339,19.4531
19:36:32:449,0.7663,-0.6327,7.567,36.6867,0.2298,-0.1498,0.5589,18.7188
19:36:32:449,0.8489,-0.6434,7.9465,36.3985,0.3228,-0.1556,0.6316,18.0469
19:36:32:449,1.2415,-0.4782,7.8124,35.8584,0.4514,-0.1721,0.6814,17.4219
19:36:32:473,1.6066,-0.1814,7.2677,38.5254,0.4962,-0.214,0.6543,16.7969
19:36:32:489,1.8927,0.0521,7.2905,37.9534,0.3965,-0.2744,0.5632,16.0625
19:36:32:509,1.9634,0.1873,8.2122,37.4597,0.2629,-0.2648,0.4463,15.2656
19:36:32:535,1.9622,0.2161,8.9868,35.9789,0.2344,-0.1729,0.3344,13.875
19:36:32:553,1.8197,0.07,8.7114,40.3892,0.2708,-0.0968,0.2242,13.875
19:36:32:570,1.6785,-0.2903,8.2254,39.5261,0.2213,-0.1839,0.1643,12.9531
19:36:32:589,2.125,-0.6985,8.539,38.0061,0.0605,-0.4049,0.1405,12.8125
19:36:32:610,2.8253,-1.3665,9.7433,39.1188,-0.1643,-0.5937,0.0796,12.6875
19:36:32:633,3.443,-2.1111,11.2229,39.1477,-0.3894,-0.561,0.0138,12.4062
19:36:32:654,3.9781,-2.791,11.8526,39.0115,-0.5739,-0.308,-0.0515,12.3125
19:36:32:670,4.2031,-3.1178,11.4767,39.8172,-0.7545,-0.0099,-0.1529,12.2188
19:36:32:689,3.6034,-3.1621,11.3187,40.7021,-0.9739,0.1123,-0.3194,12.2031
19:36:32:709,2.3955,-3.1526,12.432,40.8647,-1.0962,0.1115,-0.4256,12.2656
19:36:32:737,1.1685,-3.404,13.4436,42.8102,-0.975,0.1855,-0.3623,12.4688
19:36:32:754,1.0069,-3.4087,13.3849,43.0324,-0.6522,0.3317,-0.1093,12.8906
19:36:32:772,2.0735,-2.7013,11.4241,43.807,-0.2695,0.4417,0.1152,13.4375
19:36:32:788,3.5639,-1.9782,9.4776,41.38,-0.1076,0.254,0.0907,13.9062
19:36:32:811,4.2606,-1.4048,8.6899,42.1861,-0.2045,-0.0049,-0.174,14.0781
19:36:32:838,3.8667,-1.3354,9.3531,43.878,-0.38,-0.051,-0.5154,14
19:36:32:853,2.593,-1.5449,9.389,43.3401,-0.4157,0.2225,-0.7612,13.9375
19:36:32:872,1.1864,-1.5377,8.2134,43.0138,-0.3968,0.4774,-0.8033,14.375
19:36:32:889,0.4418,-1.2743,7.4712,43.2529,-0.4077,0.5363,-0.676,15.1562
19:36:32:909,0.4359,-0.7943,7.4293,43.1052,-0.3526,0.4284,-0.4978,16.1406
19:36:32:930,0.874,-0.2807,7.4676,43.1261,-0.2045,0.2793,-0.3798,17.0312
19:36:32:951,1.1781,0.1538,7.1013,43.6066,-0.0567,0.2183,-0.3537,17.7656
19:36:32:971,1.3696,0.3969,6.6093,44.1719,-0.0021,0.1996,-0.3916,18.3125
19:36:32:989,1.281,0.4998,6.887,42.6987,-0.0533,0.1791,-0.4422,18.7344
19:36:33:009,1.3684,0.5932,7.7035,44.4382,-0.094,0.2249,-0.4544,19.1719
19:36:33:030,1.5839,0.683,8.5702,45.0633,-0.0746,0.2204,-0.4794,19.6875
19:36:33:051,1.7012,0.6698,9.4812,46.1022,-0.0208,0.2225,-0.5204,20.2031
19:36:33:070,1.6162,0.647,10.3706,45.9468,0.0738,0.2625,-0.5798,20.75
19:36:33:090,1.1649,0.4519,10.7369,45.6625,0.2187,0.3408,-0.6206,21.3594
19:36:33:113,0.7208,0.1586,10.622,46.586,0.3419,0.41,-0.5759,22.0156
19:36:33:137,0.7088,0.0078,10.3395,45.7017,0.4208,0.4521,-0.4565,22.7031
19:36:33:152,1.044,-0.0162,9.4656,46.5248,0.4197,0.3773,-0.3471,23.4531
19:36:33:170,1.3995,-0.3513,9.6559,46.6833,0.3129,0.0108,-0.2736,23.7969
19:36:33:188,1.9227,-0.8003,10.7118,46.4459,0.3036,-0.5777,-0.2408,24.5781
19:36:33:209,2.2531,-1.2157,11.2924,46.4459,0.257,-0.9394,-0.2741,24.9531
19:36:33:237,1.8101,-1.3545,12.274,47.546,-0.0724,-0.7559,-0.305,25.2031
19:36:33:254,0.9482,-1.4587,13.5704,46.8214,-0.4815,-0.0704,-0.2347,25.4062
19:36:33:270,0.5723,-1.8753,13.671,47.8862,-0.6487,0.5786,-0.109,25.6562
19:36:33:288,0.5161,-2.4834,12.5888,48.5694,-0.6128,0.5328,0.0018,25.9375
19:36:33:309,0.4227,-2.991,13.8195,47.8875,-0.4597,-0.2249,0.1035,26.1875
19:36:33:329,0.4442,-3.1753,15.8593,48.7428,0.0791,-0.7969,0.1856,26.3281
19:36:33:352,0.3437,-3.5452,14.1798,48.1403,0.7622,-0.5911,0.2228,26.2969
19:36:33:371,0.0253,-3.3992,9.9588,48.0376,0.9542,-0.0614,0.2934,26.0469
19:36:33:388,-0.3435,-2.9921,7.2031,49.1946,0.6488,0.1893,0.373,25.7188
19:36:33:409,-0.8091,-2.4427,6.8655,48.1696,0.2434,0.0348,0.5187,25.375
19:36:33:430,-0.3889,-2.0285,8.0853,48.3532,0.1097,-0.2707,0.7166,24.9688
19:36:33:453,0.2515,-1.5497,8.6504,51.7178,0.2847,-0.4696,0.838,24.1875
19:36:33:475,0.5639,-1.1582,8.0925,47.3295,0.5055,-0.4872,0.9009,23.3281
19:36:33:488,1.2487,-0.92,7.0271,48.7515,0.5864,-0.3721,0.9328,22.3125
19:36:33:510,1.5216,-0.6566,6.3855,48.2145,0.4951,-0.2499,0.879,21.2188
19:36:33:533,1.5899,-0.6327,6.3507,50.8975,0.3803,-0.1381,0.8141,20.1562
19:36:33:550,1.5001,-0.6901,6.3567,51.547,0.3169,-0.1018,0.7589,19.1094
19:36:33:568,1.3887,-0.665,6.6165,50.8759,0.2692,-0.1069,0.7331,18.1406
19:36:33:588,1.4271,-0.6722,7.0032,49.5693,0.2333,-0.0976,0.739,17.2969
19:36:33:609,1.4426,-0.6003,7.4018,49.1558,0.2099,-0.0784,0.76,16.4531
19:36:33:635,1.3756,-0.4268,7.6233,49.6933,0.1917,-0.0267,0.7978,15.5781
19:36:33:654,1.6581,-0.1191,7.476,52.1778,0.1603,0.0074,0.8133,14.75
19:36:33:669,1.7407,0.1311,7.1444,50.4173,0.0517,0.0622,0.7432,14.2812
19:36:33:689,1.6892,0.1167,7.2055,50.8356,-0.1579,0.1349,0.633,13.3438
19:36:33:709,1.6844,-0.2424,7.6245,50.8793,-0.4384,0.209,0.5099,12.4375
19:36:33:729,2.1848,-0.7751,8.9808,50.7511,-0.7209,0.1181,0.401,11.7031
19:36:33:750,2.7654,-1.4048,11.4983,49.9677,-0.9119,-0.1551,0.2508,10.7969
19:36:33:769,2.8265,-2.1099,14.4743,51.1033,-0.8677,-0.3146,0.1472,10.375
19:36:33:788,2.9246,-2.6426,15.6211,50.2951,-0.5249,-0.1636,0.1757,10.125
19:36:33:809,3.9948,-1.9004,12.268,53.8215,-0.2429,0.4002,0.2564,9.9531
19:36:33:829,4.4007,-1.6861,11.0553,50.1905,-0.3377,0.3911,0.0844,9.5
19:36:33:852,4.1696,-1.7005,11.5186,51.5168,-0.5177,0.1538,-0.126,9.2656
19:36:33:873,3.68,-2.2284,13.7835,51.6248,-0.5135,-0.0377,-0.3218,9.2188
19:36:33:889,2.8803,-3.1861,14.6287,50.8984,-0.1441,0.1019,-0.4033,9.2188
19:36:33:908,3.0551,-3.398,12.0334,50.5851,0.3694,0.3903,-0.3484,9.3906
19:36:33:929,4.1026,-2.9311,8.818,50.5454,0.5135,0.345,-0.4251,9.75
19:36:33:954,4.4569,-2.7994,7.6532,50.3235,0.2621,0.1006,-0.7593,10.6719
19:36:33:971,3.2993,-2.9179,8.6731,50.5394,-0.0658,0.0284,-1.1199,10.6719
19:36:33:989,1.6042,-2.9562,9.3291,51.4141,-0.1289,0.2422,-1.2717,11.1562
19:36:34:008,0.2611,-2.6725,8.4002,50.1745,-0.0069,0.4612,-1.1878,12.6406
19:36:34:030,-0.2597,-1.9722,6.9254,48.6042,0.0916,0.5546,-0.9471,14.0625
19:36:34:052,0.1234,-1.1283,6.2155,50.0071,0.1337,0.4761,-0.7117,15.4688
19:36:34:071,0.6513,-0.5369,5.751,48.95,0.1894,0.3104,-0.5905,16.7656
19:36:34:089,0.8105,-0.1012,5.5666,49.6275,0.2202,0.1477,-0.5758,17.7656
19:36:34:108,0.6178,-0.0329,5.6744,48.5216,0.2053,0.0905,-0.5804,18.5
19:36:34:129,0.1174,0.0712,5.9545,50.1841,0.1161,0.1781,-0.5069,18.8438
19:36:34:153,0.2192,0.4411,6.9996,48.381,-0.0037,0.2146,-0.3521,19.5156
19:36:34:173,0.619,0.6865,8.6468,48.4654,-0.0192,0.202,-0.2501,20.1875
19:36:34:193,0.886,1.0409,9.7577,48.8953,0.1262,0.1687,-0.216,20.75
19:36:34:208,1.0141,1.1917,10.0893,48.6662,0.3108,0.1024,-0.2685,21.1719
19:36:34:229,0.4514,1.0385,10.1851,47.3291,0.3965,-0.0113,-0.333,21.4844
19:36:34:253,0.1593,0.6494,10.9165,47.4339,0.3739,-0.1548,-0.2943,21.75
19:36:34:273,0.1653,0.4292,11.8861,47.4077,0.3206,-0.1761,-0.183,22.0469
19:36:34:288,0.6154,0.2221,12.9803,47.8285,0.2826,-0.1325,-0.0658,22.6094
19:36:34:308,1.105,-0.2927,13.926,48.2918,0.3494,-0.0273,0.0101,22.8594
19:36:34:328,1.3145,-0.6506,13.4675,46.6776,0.493,0.2058,0.0649,22.9844
19:36:34:351,1.0943,-0.5058,11.7245,47.766,0.5414,0.3501,0.0963,23
19:36:34:370,0.4718,-0.1,11.0637,47.9024,0.5071,-0.0792,0.1653,22.9531
19:36:34:389,0.3281,-0.1191,12.4488,47.2724,0.7316,-1.0704,0.2444,22.875
19:36:34:409,0.3449,-0.8314,12.687,47.6375,1.0637,-1.5943,0.2433,22.75
19:36:34:429,0.0791,-1.57,12.1519,46.7179,1.0096,-1.2297,0.2945,22.4688
19:36:34:454,0.1665,-2.0632,11.9783,45.3394,0.6575,-0.3285,0.4631,22.1094
19:36:34:524,0.71,-1.8358,11.3893,46.4758,0.416,0.5669,0.6705,21.7188
19:36:34:524,1.2271,-1.3964,9.8726,45.4728,0.429,0.862,0.7563,21.2344
19:36:34:525,1.305,-0.987,7.8459,45.4374,0.5398,0.507,0.7539,20.5625
19:36:34:540,1.2858,-0.4938,6.3747,44.3271,0.4599,-0.1397,0.7238,19.7656
19:36:34:558,2.1046,-0.3944,6.8715,45.5324,0.1281,-0.5964,0.683,18.8906
19:36:34:572,2.7642,-0.3178,8.3846,45.7222,-0.2067,-0.5793,0.5376,18.4531
19:36:34:589,2.6098,-0.0772,9.2669,44.6068,-0.3744,-0.2544,0.3648,17.25
19:36:34:608,1.9993,0.1311,9.1448,45.4732,-0.3699,0.1725,0.2292,16.5312
19:36:34:628,1.0727,0.2675,7.7358,44.6631,-0.2645,0.5475,0.1869,16.0312
19:36:34:653,0.1641,1.2372,5.9054,44.2613,-0.1808,0.764,0.3206,15.7188
19:36:34:671,0.3664,2.906,4.3576,44.5511,-0.1116,0.6087,0.524,15.5312
19:36:34:688,2.5894,4.0755,3.8093,44.4686,-0.2378,0.0643,0.4788,15.2812
19:36:34:708,4.6592,4.1402,6.3136,42.4278,-0.6951,-0.2222,-0.0547,14.8125
19:36:34:728,4.0643,2.6246,10.2305,41.9031,-1.0583,0.1179,-0.8374,14.2188
19:36:34:751,0.8129,0.3705,13.7033,41.5227,-0.9372,0.6678,-1.3221,13.9219
19:36:34:770,-2.5784,-1.4443,13.8063,40.8432,-0.3052,1.2082,-1.1087,14.4375
19:36:34:788,-3.2548,-1.8932,10.6998,42.5211,0.3795,1.2907,-0.313,15.7344
19:36:34:810,-0.7876,-1.0576,8.205,41.2019,0.6623,0.6702,0.4119,17.2969
19:36:34:827,1.9131,-0.3358,8.2218,41.323,0.5808,-0.1825,0.5696,18.2344
19:36:34:848,2.854,-0.5225,10.0282,42.6545,0.4043,-0.7953,0.3547,17.9062
19:36:34:869,2.8217,-1.5963,11.9101,40.2292,0.2543,-0.9367,0.1342,17.25
19:36:34:893,1.943,-2.5456,13.3394,41.5119,0.1465,-0.6273,0.091,16.8281
19:36:34:907,1.269,-2.9419,13.4986,39.4419,0.1534,-0.0736,0.2857,16.6406
19:36:34:928,1.8425,-2.9503,11.6371,39.7863,0.2477,0.283,0.5427,16.5156
19:36:34:953,2.5248,-2.4523,9.8211,40.1844,0.2109,0.2209,0.6295,16.1875
19:36:34:973,3.0072,-2.1901,8.5534,41.377,0.0237,-0.0078,0.5257,15.5781
19:36:34:990,2.7965,-1.9447,8.4624,40.8722,-0.282,-0.341,0.3033,14.8906
19:36:35:011,2.2339,-2.0919,10.2844,39.6851,-0.5318,-0.6129,0.1014,14.2969
19:36:35:035,1.7766,-2.3852,11.6647,40.4729,-0.5268,-0.5088,0.0218,13.9375
19:36:35:053,1.6761,-2.1865,11.1427,40.2399,-0.3404,-0.1759,0.0575,13.8125
19:36:35:069,2.5894,-1.4096,8.9281,39.9394,-0.2469,0.0686,0.0971,13.7812
19:36:35:088,3.8763,-0.5776,7.4617,40.2038,-0.416,0.0398,-0.1015,13.75
19:36:35:109,4.1205,-0.0676,7.7502,40.9433,-0.7273,-0.0073,-0.5383,13.6562
19:36:35:128,3.1557,-0.4483,8.4959,39.5634,-0.9324,0.2167,-1.0009,13.625
19:36:35:151,1.6282,-1.0325,8.2027,39.1206,-0.9505,0.6082,-1.2515,13.9844
19:36:35:171,0.3808,-1.151,7.2031,38.4629,-0.901,0.8673,-1.2435,15.5625
19:36:35:188,-0.2417,-1.0002,6.6033,38.7868,-0.8538,0.7584,-1.0664,16.9844
19:36:35:210,0.0037,-0.313,8.0375,39.4386,-0.7617,0.2937,-0.5838,18.4844
19:36:35:228,0.1761,0.0748,8.5821,39.5996,-0.6349,0.3959,-0.3774,19.7812
19:36:35:254,0.5424,0.5968,8.6647,40.5662,-0.5409,0.5419,-0.2041,20.7188
19:36:35:271,0.8058,0.9523,9.1675,40.5662,-0.4173,0.4787,-0.121,20.7188
19:36:35:289,0.9698,1.096,9.7325,40.0118,-0.1779,0.1461,-0.081,21.8906
19:36:35:309,1.3181,1.078,10.4245,39.8141,0.0716,-0.2667,-0.0917,21.8906
19:36:35:326,1.4678,1.0457,11.1367,40.3054,0.2477,-0.4718,-0.1694,22.375
19:36:35:347,1.3085,0.9954,11.6503,40.291,0.2951,-0.3844,-0.2949,22.4844
19:36:35:370,0.789,0.5106,12.341,42.918,0.2751,-0.1269,-0.4003,22.5469
19:36:35:389,0.3832,-0.0533,12.5709,41.0854,0.3057,0.1802,-0.4158,22.6719
19:36:35:408,0.2108,-0.4902,12.0453,39.7571,0.3459,0.3546,-0.3777,23.1719
19:36:35:428,0.0899,-0.8649,12.0645,41.2973,0.3417,0.2915,-0.3231,23.6562
19:36:35:454,0.1893,-1.2839,12.3566,40.4149,0.3822,0.1727,-0.2493,24.125
19:36:35:470,0.4251,-1.6059,11.8358,42.4481,0.4117,0.1458,-0.19,24.5781
19:36:35:488,0.4634,-1.6837,10.8842,41.3094,0.2717,0.1357,-0.1756,24.9375
19:36:35:507,0.5556,-1.8345,11.0398,44.3317,-0.0882,0.0609,-0.1806,25.1875
19:36:35:528,0.3353,-2.3601,13.0389,42.2201,-0.3859,-0.1178,-0.1673,25.2969
19:36:35:553,-0.2405,-2.8042,15.4248,42.6567,-0.224,-0.2251,-0.0414,25.5156
19:36:35:571,-0.4572,-3.2878,14.8741,41.4064,0.4368,-0.0624,0.2013,25.7344
19:36:35:589,-0.4141,-3.1358,10.7537,43.9836,1.0493,0.1618,0.4601,25.8906
19:36:35:608,0.2946,-2.6462,6.6069,44.9695,1.1233,0.1576,0.6346,25.9219
19:36:35:628,0.7651,-2.0524,4.7035,45.0572,0.7028,-0.0944,0.5864,25.6719
19:36:35:652,0.4945,-1.7986,5.2841,44.0649,0.1454,-0.3887,0.4351,25.2188
19:36:35:672,0.2719,-2.0369,7.3324,44.0502,-0.2027,-0.5767,0.3672,24.5156
19:36:35:687,0.0851,-2.0009,8.8263,44.733,-0.2599,-0.5397,0.389,23.5625
19:36:35:706,-0.0765,-1.7579,9.4045,45.3259,-0.1254,-0.4236,0.4695,23.1094
19:36:35:728,-0.0454,-1.4659,8.9616,44.1814,0.0503,-0.2856,0.5781,22.6406
19:36:35:753,0.4478,-1.1666,8.1655,44.2812,0.1585,-0.2092,0.6724,22.125
19:36:35:769,1.0727,-0.823,7.5,45.3788,0.2,-0.2156,0.6849,21.5
19:36:35:786,1.3349,-0.5585,7.3276,45.5693,0.1643,-0.2291,0.6157,20.7969
19:36:35:808,1.3397,-0.5034,7.5694,45.149,0.1148,-0.1698,0.5584,19.9844
19:36:35:827,1.3576,-0.4579,7.4832,43.2826,0.1201,-0.0552,0.5547,19.2188
19:36:35:854,1.4091,-0.2233,7.2474,45.2666,0.1366,-0.0494,0.5624,18.5625
19:36:35:870,1.7395,-0.0114,7.3216,44.7536,0.135,-0.1671,0.5371,17.9219
19:36:35:888,1.7287,0.1814,7.9393,45.1671,0.1174,-0.3567,0.4572,17.2812
19:36:35:907,1.6114,0.2304,8.958,43.7738,0.1369,-0.4803,0.3914,16.6719
19:36:35:930,1.4354,0.1395,9.5805,45.6068,0.2043,-0.4931,0.3568,16.0781
19:36:35:954,1.4833,0.1897,9.3722,45.5502,0.245,-0.4355,0.3517,15.5625
19:36:35:971,1.6126,0.07,9.4788,46.5795,0.1124,-0.4747,0.315,15.1094
19:36:35:987,1.8401,-0.2843,11.1523,46.4847,-0.094,-0.5679,0.3022,14.9062
19:36:36:011,2.4362,-0.6446,12.8833,44.6792,-0.1688,-0.5013,0.3038,14.0781
19:36:36:026,3.2921,-1.3042,13.4053,44.1424,-0.1049,-0.2936,0.2902,13.8906
19:36:36:048,3.7063,-1.6849,12.3937,45.6209,-0.0762,-0.0275,0.2564,13.5312
19:36:36:069,3.759,-1.6897,11.4061,44.7494,-0.1862,0.087,0.1866,13.1719
19:36:36:092,3.595,-1.5975,10.8889,43.4879,-0.3614,0.0774,0.0644,12.8594
19:36:36:108,3.0838,-1.5748,11.4288,45.989,-0.5169,-0.0651,-0.0605,12.625
19:36:36:129,2.6708,-1.8908,12.754,45.0561,-0.4772,-0.2273,-0.0973,12.4844
19:36:36:154,2.6445,-2.1278,13.3502,44.9573,-0.2205,-0.239,-0.0302,12.5156
19:36:36:171,3.1688,-2.0261,12.3422,44.8372,0.1571,-0.1042,0.0415,12.6406
19:36:36:187,3.8703,-1.752,9.8547,44.5497,0.3904,-0.0036,0.0045,12.7188
19:36:36:210,4.3528,-1.4204,8.0147,43.6826,0.3324,-0.0417,-0.158,12.6875
19:36:36:226,4.3324,-1.2935,7.476,44.6827,0.1041,-0.1399,-0.4145,12.6094
19:36:36:248,3.5555,-1.2623,7.7274,44.1466,-0.0999,-0.1117,-0.6571,12.6562
19:36:36:271,2.4757,-1.242,7.6891,42.3475,-0.1667,0.0233,-0.795,12.9531
19:36:36:290,1.6078,-1.1331,6.8655,44.0638,-0.1689,0.1592,-0.8139,13.9688
19:36:36:309,1.2271,-0.8242,6.2238,44.8944,-0.2112,0.2103,-0.7492,14.8594
19:36:36:329,1.1805,-0.4423,6.2035,45.108,-0.2551,0.1935,-0.6848,15.8125
19:36:36:351,1.1888,-0.1251,6.3771,45.0782,-0.2309,0.1573,-0.6461,16.6875
19:36:36:368,1.1362,0.0353,6.3424,44.6668,-0.1563,0.1325,-0.6217,17.4688
19:36:36:387,0.8141,0.1155,6.3376,44.5594,-0.1033,0.0883,-0.575,18.2344
19:36:36:407,0.8728,0.2867,6.6596,43.5724,-0.1167,0.0537,-0.4653,18.9688
19:36:36:427,1.1924,0.6111,7.67,43.5169,-0.1654,0.0196,-0.3764,19.6406
19:36:36:447,0.8453,0.7093,9.2896,44.0155,-0.1787,-0.0134,-0.3197,20.1562
19:36:36:469,0.3329,0.562,11.2146,44.2922,-0.0565,-0.0291,-0.1782,20.5938
19:36:36:489,0.7842,0.7691,12.122,43.6134,0.1947,0.0108,0.0164,20.9688
19:36:36:507,1.5121,1.2576,12.0633,43.7068,0.3414,0.1275,0.1006,21.1719
19:36:36:599,1.8891,1.4838,12.3291,44.3342,0.2836,0.3243,0.0804,21.1719
19:36:36:600,1.7467,1.2145,13.1718,46.5933,0.2306,0.4718,0.0657,21.0781
19:36:36:600,1.7706,0.598,13.6997,42.2054,0.339,0.5126,0.1672,20.9688
19:36:36:601,2.1202,0.1957,13.1156,43.1948,0.5047,0.5024,0.3179,20.8906
19:36:36:608,2.2746,0.653,11.1499,44.4188,0.339,0.3964,0.3999,20.7188
19:36:36:629,2.046,0.501,11.4432,43.5162,0.07,0.251,0.3813,20.375
19:36:36:656,1.8341,0.0054,11.958,43.1588,-0.0796,0.0667,0.3477,19.9375
19:36:36:672,1.5264,-0.6925,12.4607,42.7908,-0.0519,-0.2164,0.3299,19.4844
19:36:36:687,1.6234,-1.1821,12.9228,43.5956,0.2152,-0.4142,0.3501,19.0625
19:36:36:706,1.4606,-1.4862,11.454,42.5075,0.6192,-0.3809,0.3017,18.6875
19:36:36:725,1.4426,-1.5018,8.2589,42.2453,0.7249,-0.2702,0.2119,18.2969
19:36:36:747,1.943,-1.1678,6.1125,43.1326,0.3763,-0.3309,0.0481,17.875
19:36:36:775,1.9466,-0.6949,5.9617,42.6381,-0.1225,-0.6744,-0.2168,17.4844
19:36:36:792,1.615,-0.7572,7.5478,43.9726,-0.4669,-1.0441,-0.3972,17.2344
19:36:36:807,0.9973,-1.2935,9.8451,41.544,-0.53,-0.9863,-0.4033,17.1562
19:36:36:826,0.0516,-1.1402,10.391,41.9495,-0.3444,-0.3764,-0.1915,17.7969
19:36:36:847,-0.0526,-0.8146,9.0789,41.4926,-0.146,0.3232,0.1248,18.0312
19:36:36:870,0.1282,-0.6518,7.4174,41.9021,-0.0698,0.6154,0.3696,18.4062
19:36:36:888,0.4993,-0.6398,7.2952,42.5251,-0.0469,0.3317,0.5714,18.4531
19:36:36:908,1.1302,-0.4519,8.4672,40.5084,0.131,-0.0992,0.7379,18.2031
19:36:36:928,1.8832,-0.0413,8.8922,40.9166,0.4807,-0.3911,0.8047,17.7031
19:36:36:954,2.3979,0.4591,8.1679,42.0602,0.7742,-0.4379,0.7448,16.9531
19:36:36:970,2.9749,0.7727,6.9672,42.0406,0.8035,-0.3223,0.5805,16.4844
19:36:36:987,3.097,0.8541,6.5459,40.0897,0.5595,-0.1658,0.3451,15.5781
19:36:37:007,2.3201,0.6159,7.4341,40.8554,0.2083,-0.035,0.1509,14.6406
19:36:37:027,1.6928,0.3142,9.2681,40.5729,0.0184,0.0383,0.1286,13.9219
19:36:37:047,1.6282,0.2149,10.5035,40.7908,0.082,0.1469,0.1989,13.5
19:36:37:071,1.7802,0.2125,10.4089,40.3725,0.2234,0.2327,0.2292,13.3125
19:36:37:090,2.0927,0.0317,9.972,40.3197,0.2266,0.2489,0.2106,13.1562
19:36:37:111,2.4542,-0.4902,10.1707,40.9279,0.0698,0.1972,0.1725,12.8125
19:36:37:127,2.6086,-1.0792,11.0529,39.5869,-0.1036,0.1134,0.1661,12.5312
19:36:37:147,2.842,-1.6322,12.2129,40.5875,-0.1513,0.0646,0.2532,12.3125
19:36:37:168,3.662,-1.8908,12.1064,41.0354,-0.0698,0.1328,0.3714,12.1406
19:36:37:186,4.4198,-1.5592,11.0374,40.8859,-0.0594,0.1618,0.3283,11.9375
19:36:37:206,4.4857,-1.2659,10.1875,39.852,-0.2253,0.14,0.0921,11.5781
19:36:37:229,3.7782,-1.3701,10.4915,41.1617,-0.4868,0.0558,-0.2003,11.1406
19:36:37:252,2.6361,-1.9064,11.9651,40.3753,-0.62,0.0396,-0.3583,10.9062
19:36:37:272,2.028,-2.299,12.6547,39.5886,-0.4666,0.1903,-0.2882,11
19:36:37:287,2.4865,-2.1003,11.3714,41.0789,-0.1302,0.3141,-0.1247,11.3906
19:36:37:307,3.2299,-1.4467,8.9832,41.836,0.0519,0.1498,-0.089,11.7969
19:36:37:328,4.0619,-1.163,8.0674,39.8821,-0.0533,-0.2275,-0.215,12.0625
19:36:37:349,4.2079,-1.1726,8.4193,39.7868,-0.2922,-0.4454,-0.4565,12.1562
19:36:37:371,3.5172,-1.1761,8.958,39.7868,-0.5132,-0.3519,-0.6723,12.3125
19:36:37:388,2.6122,-1.1187,9.1125,39.0254,-0.5907,-0.0869,-0.77,12.9688
19:36:37:407,1.9777,-0.7608,8.636,39.859,-0.5182,0.1954,-0.7452,13.3438
19:36:37:430,1.9741,-0.1454,7.6125,37.3896,-0.3705,0.2998,-0.6707,14.2031
19:36:37:455,2.1741,0.4184,7.0475,38.7145,-0.2328,0.1592,-0.6589,15.0625
19:36:37:471,2.1944,0.7392,6.8547,40.7431,-0.0711,0.0071,-0.6949,15.9219
19:36:37:488,1.9191,0.8242,6.2215,39.3373,0.0629,-0.0592,-0.7489,16.7031
19:36:37:506,1.5671,1.072,5.8456,40.1383,0.0498,-0.043,-0.762,17.4531
19:36:37:526,1.4187,1.3665,6.2801,39.3328,-0.0722,-0.0363,-0.741,18.2812
19:36:37:547,1.6246,1.4551,7.8926,39.4045,-0.1633,-0.0701,-0.7101,19.1406
19:36:37:570,1.7467,1.5832,9.6476,39.2025,-0.122,0.0188,-0.697,19.9531
19:36:37:589,1.5611,1.6143,10.3838,40.2879,0.0746,0.1453,-0.7143,20.7969
19:36:37:608,1.2343,1.5173,9.9887,38.5782,0.2059,0.2769,-0.733,21.5938
19:36:37:634,0.7136,1.3593,10.1252,40.6149,0.1188,0.3951,-0.7055,22.4219
19:36:37:654,0.279,1.0804,11.2277,39.0661,-0.0266,0.4724,-0.6035,23.2031
19:36:37:672,-0.0107,0.6303,12.5493,39.594,-0.0573,0.4582,-0.4366,24.4531
19:36:37:690,0.4191,0.015,13.7368,39.9812,0.0341,0.3514,-0.2184,25.1719
19:36:37:706,1.1984,-0.6351,13.7093,39.4711,0.1896,0.3741,-0.0667,25.6875
19:36:37:730,1.1565,-0.6973,12.9133,38.6295,0.2157,0.4004,0.0066,25.9531
19:36:37:754,0.8932,-0.4519,12.76,38.4613,0.0581,0.4588,0.0833,26.0469
19:36:37:772,0.9949,-0.4052,12.7947,40.0261,-0.1321,0.5775,0.1264,26.0469
19:36:37:788,0.6406,-0.7392,12.9444,39.783,-0.2218,0.5142,0.115,25.9688
19:36:37:807,0.1617,-1.145,13.3574,39.3447,-0.081,0.238,0.2053,25.875
19:36:37:828,0.309,-1.3138,12.7361,38.4366,0.2679,0.0348,0.3746,25.7812
19:36:37:855,0.7926,-1.236,10.2138,38.5347,0.5523,0.0476,0.466,25.5625
19:36:37:873,1.299,-0.9511,7.889,38.5712,0.4727,0.0713,0.4276,25.125
19:36:37:889,1.4977,-0.8996,7.1181,38.4919,0.1683,0.0039,0.2593,24.8594
19:36:37:907,0.9578,-1.0696,7.379,38.7069,-0.1292,-0.0957,0.1118,24.3594
19:36:37:926,0.5137,-1.0768,8.2278,38.7191,-0.3097,-0.1223,0.1296,23.9531
19:36:37:948,0.473,-0.7955,8.8671,37.0924,-0.3017,-0.1205,0.2223,23.75
19:36:37:970,0.6322,-0.6482,8.9018,38.1277,-0.1513,-0.1314,0.3123,23.5625
19:36:37:988,0.9602,-0.4603,8.5247,38.0014,0.053,-0.2025,0.4082,23.2969
19:36:38:007,1.4785,0.0114,7.9632,39.1876,0.2139,-0.3474,0.4641,22.9375
19:36:38:029,1.3864,-0.0952,7.8136,37.5093,0.4597,-0.5133,0.4591,22.4844
19:36:38:055,1.0955,-0.3166,7.6328,37.6596,0.5182,-0.3492,0.503,22.4844
19:36:38:072,0.9159,-0.2819,7.0223,37.7494,0.5191,-0.1088,0.6042,21.9219
19:36:38:088,1.3133,0.0269,6.4525,35.4829,0.4101,-0.0408,0.6769,21.3594
19:36:38:105,1.6832,0.4016,6.8763,36.6036,0.2248,-0.0885,0.6466,20.7969
19:36:38:126,1.8975,0.6015,7.9142,36.5305,0.0783,-0.17,0.5515,19.5156
19:36:38:147,1.7946,0.5824,9.0789,36.2405,0.0352,-0.2222,0.4442,18.7188
19:36:38:171,1.7778,0.3382,9.5183,34.6395,0.0575,-0.1908,0.3683,17.3594
19:36:38:187,2.0891,0.2532,9.4955,36.1951,-0.0964,-0.0193,0.282,16.8438
19:36:38:206,2.6194,0.0533,10.6292,34.6765,-0.4759,0.2665,0.1142,16.4219
19:36:38:227,2.7223,-0.6458,12.4739,35.1995,-0.7356,0.5232,-0.1106,16.2656
19:36:38:254,2.0807,-1.6382,13.6878,34.5201,-0.6626,0.5845,-0.2328,16.0156
19:36:38:273,1.9813,-2.3924,13.6447,34.0497,-0.3289,0.4612,-0.1055,16.0781
19:36:38:290,2.6888,-2.5444,12.2082,31.4159,-0.0011,0.2654,0.0545,16.3438
19:36:38:309,2.9067,-2.0153,10.6771,32.6854,0.0692,0.046,0.049,16.5938
19:36:38:326,2.5128,-1.8322,10.1324,32.384,-0.1076,-0.0598,-0.0858,16.6406
19:36:38:346,1.6306,-1.9207,10.2389,31.0059,-0.3784,0.0505,-0.1796,16.5938
19:36:38:370,1.0368,-1.7077,11.3917,31.5055,-0.5499,0.1309,-0.1178,16.5312
19:36:38:389,1.1074,-1.6275,12.4823,33.2615,-0.4242,0.2074,0.0141,16.625
19:36:38:416,1.6581,-1.467,11.9268,31.5366,-0.0104,0.2795,0.1379,16.8594
19:36:38:425,2.5619,-1.09,9.3375,31.0347,0.3467,0.2228,0.164,17
19:36:38:446,3.3843,-0.6506,7.0714,29.9486,0.3209,-0.047,0.0218,17.0156
19:36:38:474,4.0152,-0.4854,6.65,30.8861,-0.0179,-0.3437,-0.2629,16.875
19:36:38:494,3.7626,-0.5309,8.0159,28.5221,-0.3902,-0.4539,-0.6182,16.6875
19:36:38:507,2.6194,-0.9152,9.0131,28.993,-0.5143,-0.2233,-0.8976,16.75
19:36:38:528,1.044,-1.054,8.5534,29.1087,-0.4573,0.1778,-0.966,17.2344
19:36:38:545,0.1282,-0.9092,7.0977,28.0672,-0.3851,0.5395,-0.8203,18.1094
19:36:38:567,0.2659,-0.4268,5.8647,28.8459,-0.3523,0.614,-0.599,19.1719
19:36:38:588,0.8704,0.1802,5.5942,27.6954,-0.3515,0.3288,-0.5002,20.25
19:36:38:606,0.9171,0.4196,6.4321,28.5579,-0.3619,0.022,-0.5372,21.1094
19:36:38:664,0.5149,0.3645,7.6831,26.8745,-0.3137,-0.0483,-0.5359,21.7344
19:36:38:664,0.3485,0.4699,8.2278,27.7666,-0.2256,0.1008,-0.4469,22.3438
19:36:38:676,0.5975,0.762,8.6779,25.7403,-0.164,0.1972,-0.35,22.9688
19:36:38:688,0.9494,1.0912,9.3997,25.0147,-0.0911,0.1791,-0.2821,23.5469
19:36:38:706,1.2535,1.2887,10.3036,24.7318,0.0218,0.0377,-0.2664,23.9844
19:36:38:726,1.3445,1.2013,11.4312,24.1691,0.1686,-0.1183,-0.2669,24.3594
19:36:38:747,1.3409,1.0373,12.1627,24.9914,0.3617,-0.1628,-0.2256,24.6719
19:36:38:770,1.3971,0.9774,12.2692,24.7999,0.4999,-0.1072,-0.1332,24.9688
19:36:38:786,1.761,0.9571,12.2788,22.4925,0.4956,-0.0382,-0.0467,25.1094
19:36:38:805,2.0136,0.7584,12.8678,23.0658,0.3941,0.0438,-0.0062,25.4375
19:36:38:825,2.2543,0.3729,13.3909,21.228,0.3079,0.1834,0.0133,25.5
19:36:38:845,2.2375,0.082,13.076,21.5297,0.2826,0.3136,-0.0232,25.5312
19:36:38:875,1.5324,0.1024,12.3291,21.8884,0.2171,0.2976,-0.0922,25.5156
19:36:38:892,1.1685,-0.1323,11.952,20.9126,0.0511,0.2137,-0.1338,25.5312
19:36:38:909,0.8896,-0.7213,12.1507,20.7089,-0.1225,0.0209,-0.2022,25.625
19:36:38:925,-0.0226,-1.6071,13.106,18.5725,-0.118,-0.2726,-0.2211,25.7656
19:36:38:946,-0.8331,-2.1985,13.8051,23.1581,0.1571,-0.4438,-0.0581,25.9688
19:36:38:971,-0.7816,-2.4822,12.7444,21.8135,0.5358,-0.2443,0.177,26.2031
19:36:38:986,-0.2573,-2.1195,9.978,21.408,0.7001,0.0659,0.3581,26.3594
19:36:39:005,0.4849,-1.5472,8.29,21.8135,0.5406,0.1458,0.3861,26.2656
19:36:39:026,0.6441,-1.2659,7.9213,22.274,0.285,0.0606,0.2998,25.9219
19:36:39:045,1.0679,-0.665,8.4828,20.8733,0.1249,-0.1373,0.258,25.5
19:36:39:072,2.1633,0.2041,8.5271,22.268,0.0538,-0.1436,0.111,25.0938
19:36:39:091,2.2183,0.3238,7.6472,21.8532,-0.1507,0.1541,-0.2254,24.6562
19:36:39:105,1.2571,-0.0018,7.136,22.8367,-0.4812,0.6055,-0.4541,24.5156
19:36:39:129,0.4371,-0.1921,7.3934,23.5657,-0.6312,0.8236,-0.489,24.7812
19:36:39:145,-0.1028,-0.3274,7.6472,23.073,-0.4581,0.715,-0.4067,25.3281
19:36:39:166,-0.5637,-0.5812,7.2581,22.4659,-0.147,0.4297,-0.2137,25.9219
19:36:39:188,-0.438,-0.671,7.1863,22.6286,0.1233,0.1048,0.075,26.4219
19:36:39:210,-0.0538,-0.562,6.9289,23.3555,0.3308,-0.0635,0.3304,26.6875
19:36:39:226,0.3174,-0.3513,6.3783,22.2636,0.424,-0.1205,0.4958,26.625
19:36:39:248,0.7986,-0.2388,5.8863,22.144,0.359,-0.1769,0.568,26.25
19:36:39:270,1.0859,-0.0832,6.1161,23.334,0.1228,-0.2691,0.5541,25.6719
19:36:39:287,1.2116,-0.0533,7.7561,23.2423,-0.1337,-0.4113,0.4852,25.3438
19:36:39:308,1.2164,-0.2436,9.8582,21.6759,-0.2075,-0.4454,0.4021,24.7188
19:36:39:326,1.3911,-0.4064,11.0972,22.7557,-0.085,-0.3644,0.3493,24.1094
19:36:39:346,1.6629,-0.6063,10.8016,21.8975,0.0674,-0.3516,0.2825,23.5781
19:36:39:372,1.7383,-0.835,10.8064,24.3186,0.0163,-0.5202,0.1994,22.9531
19:36:39:392,1.6354,-1.2061,12.2141,23.9819,-0.151,-0.57,0.1637,22.6094
19:36:39:406,2.2447,-1.9615,13.2413,24.2953,-0.1294,-0.2062,0.3989,22.3594
19:36:39:426,3.4166,-2.1123,12.2081,24.7919,-0.0434,-0.2962,0.4609,22.3594
19:36:39:448,4.2343,-1.8801,11.5473,24.7919,-0.0722,-0.5277,0.3318,21.3906
19:36:39:471,3.7746,-1.4958,12.1495,23.1997,-0.2189,-0.6283,0.0649,20.8438
19:36:39:488,2.4374,-1.9423,13.5309,24.6754,-0.2285,-0.3232,-0.122,20.8438
19:36:39:505,1.7874,-2.2871,12.3338,24.8529,0.0354,0.2774,-0.0459,20.4531
19:36:39:525,2.4159,-1.813,9.5207,25.1986,0.2549,0.5893,0.0737,20.3594
19:36:39:546,3.4753,-1.2037,7.1971,26.5693,0.2408,0.356,-0.0224,20.4844
19:36:39:572,3.85,-0.8517,6.5614,27.12,-0.0562,-0.1301,-0.3239,20.5469
19:36:39:588,3.4334,-1.011,8.2781,25.222,-0.4397,-0.3466,-0.6491,20.5
19:36:39:606,2.3811,-1.2959,9.6643,27.4777,-0.5758,-0.0502,-0.8493,20.875
19:36:39:631,1.2882,-1.3078,9.201,25.6775,-0.4591,0.3616,-0.8728,21.2031
19:36:39:645,0.947,-1.0002,7.476,27.5117,-0.3531,0.6132,-0.7772,22.0781
19:36:39:665,1.3289,-0.4579,6.5734,26.3249,-0.3223,0.5048,-0.7141,23.125
19:36:39:690,1.5252,-0.0042,7.1133,27.7135,-0.2919,0.2175,-0.7854,24.0781
19:36:39:710,1.3588,0.0796,8.0291,26.5057,-0.155,0.0971,-0.8744,24.9844
19:36:39:724,0.9805,0.3358,8.3762,27.0518,0.0578,0.1059,-0.8986,25.8594
19:36:39:745,0.3317,0.4699,7.998,26.6974,0.2655,0.1296,-0.8539,26.3281
19:36:39:770,-0.1172,0.7141,7.4305,28.1232,0.3745,0.1389,-0.701,27.2969
19:36:39:789,0.2276,0.9308,6.9074,26.3685,0.318,0.0942,-0.5215,28.3281
19:36:39:806,0.716,1.3222,7.6197,27.8954,0.0983,0.0018,-0.452,29.3125
19:36:39:830,0.7244,1.3485,9.3997,28.4183,-0.0932,-0.0009,-0.4725,30.0781
19:36:39:844,0.5424,1.2085,10.7932,28.425,-0.123,0.0771,-0.46,30.6719
19:36:39:864,0.0683,1.1163,11.7868,27.2073,-0.0605,0.2449,-0.3838,31.1875
19:36:39:892,-0.0909,0.9403,11.9436,27.8647,0.0527,0.3911,-0.2262,31.7344
19:36:39:907,-0.0753,0.7284,11.703,28.8048,0.1148,0.3541,-0.0491,32.4844
19:36:39:926,0.2359,0.3454,12.2189,28.5683,0.1486,0.145,0.143,32.8594
19:36:39:947,0.8153,-0.0473,12.5888,29.818,0.2,-0.0427,0.3198,33.0469
19:36:39:971,1.1757,-0.0389,12.529,31.0473,0.1678,-0.0651,0.4327,33.0156
19:36:39:988,1.3073,0.2412,12.6535,31.623,0.0466,-0.0305,0.4796,32.75
19:36:40:005,1.615,0.2436,12.6355,29.4547,-0.1678,0.1722,0.4617,32.2969
19:36:40:025,1.7239,-0.0988,12.8905,30.3483,-0.3891,0.3333,0.3563,31.7969
19:36:40:046,1.9502,-0.5417,14.0517,31.2902,-0.4229,0.2111,0.2223,31.25
19:36:40:070,1.3169,-1.0241,15.1662,30.9856,-0.033,-0.0576,0.0575,30.7812
19:36:40:088,-0.0562,-1.8334,13.4232,31.4702,0.6458,-0.1429,0.0103,30.4844
19:36:40:106,-0.6882,-2.3409,9.5937,32.5631,1.0085,-0.003,0.1752,30.3438
19:36:40:126,-0.7636,-1.9794,6.6776,31.7403,0.897,0.0337,0.3824,30.3125
19:36:40:146,-0.5937,-1.5532,5.6241,32.635,0.5262,-0.137,0.5227,30.2344
19:36:40:171,-0.1435,-1.1905,6.2119,33.2863,0.1774,-0.3751,0.6426,29.9062
19:36:40:192,0.5209,-0.7356,7.4305,34.7111,0.0344,-0.5503,0.7139,29.3906
19:36:40:209,1.3672,-0.4818,8.0027,33.5658,0.0447,-0.5258,0.6846,28.3125
19:36:40:226,1.5348,-0.3334,7.8292,35.1661,0.0823,-0.4148,0.5592,27.9375
19:36:40:246,1.293,-0.3873,7.4281,35.4538,0.0519,-0.2883,0.4633,26.7031
19:36:40:270,0.5137,-0.6027,7.7166,35.5829,-0.0197,-0.194,0.446,26.3594
19:36:40:289,0.1186,-0.8326,8.2697,36.791,0.0392,-0.1141,0.5989,25.7656
19:36:40:312,0.4107,-0.6291,7.9525,35.3829,0.2298,-0.0797,0.8016,25.2812
19:36:40:324,1.0883,-0.1012,7.0846,37.0509,0.4019,-0.1796,0.9078,24.7031
19:36:40:346,1.797,0.2951,6.5123,38.7218,0.4272,-0.358,0.8716,23.8906
19:36:40:372,2.2315,0.7476,6.6967,36.7529,0.2623,-0.4523,0.7347,22.9219
19:36:40:391,2.113,0.8841,8.0279,38.4085,0.0107,-0.4105,0.5499,21.8594
19:36:40:408,1.7658,0.6758,9.4776,38.0482,-0.1294,-0.244,0.4319,20.9219
19:36:40:425,1.5791,0.4639,10.8542,39.2481,-0.1036,-0.116,0.4087,20.2031
19:36:40:445,1.5887,0.331,11.0577,37.7874,0.0748,0.0114,0.4119,19.6406
19:36:40:471,1.8425,0.3178,10.312,40.914,0.1662,-0.014,0.3997,19.1719
19:36:40:488,2.4183,0.155,10.3646,41.0713,0.0586,-0.1663,0.3248,18.4844
19:36:40:508,2.5847,-0.4603,11.3786,41.1932,-0.1137,-0.203,0.2021,18.0156
19:36:40:525,2.5787,-1.2228,11.922,40.4268,-0.2245,-0.0132,0.1738,17.6406
19:36:40:545,2.9414,-1.6346,11.5126,41.1511,-0.2898,0.1884,0.2431,17.4219
19:36:40:577,3.7686,-1.6765,10.9201,42.3986,-0.3731,0.2255,0.2591,17.2344
19:36:40:591,4.1361,-1.4862,10.4664,42.2573,-0.5145,0.1317,0.0985,16.9844
19:36:40:606,3.425,-1.5101,10.7621,42.7198,-0.7193,0.0193,-0.1484,16.7031
19:36:40:624,2.3009,-1.965,12.2094,43.1304,-0.8575,0.0502,-0.2699,16.625
19:36:40:646,1.518,-2.2811,13.3358,44.6719,-0.7143,0.303,-0.1567,16.8281
19:36:40:670,2.0891,-2.1278,12.3003,43.0891,-0.2874,0.5381,0.0567,17.1719
19:36:40:727,3.3927,-1.6167,9.6033,44.5767,0.0373,0.4508,0.1062,17.3906
19:36:40:727,4.3204,-1.242,8.0087,44.3392,0.0503,0.0193,-0.1066,17.4219
19:36:40:728,4.4605,-1.3497,8.3068,44.9786,-0.1715,-0.3809,-0.4581,17.3281
19:36:40:744,3.4382,-1.752,9.6523,45.637,-0.3625,-0.3197,-0.7636,17.3125
19:36:40:766,1.8161,-2.0057,9.5027,45.5339,-0.3289,0.038,-0.8627,17.5938
19:36:40:788,0.6118,-1.7316,8.0135,43.6361,-0.2104,0.3498,-0.7402,18.7656
19:36:40:806,0.5975,-0.4304,5.4637,45.7025,-0.1656,0.2553,-0.345,19.7656
19:36:40:826,0.9913,0.1431,5.8061,46.8408,-0.2181,0.0449,-0.2792,20.5938
19:36:40:847,1.2954,0.4519,6.4441,46.4451,-0.2147,-0.0172,-0.2786,21.6562
19:36:40:872,1.2858,0.7775,6.6919,46.9995,-0.1795,0.0396,-0.3178,21.6562
19:36:40:889,1.123,0.7895,6.9708,46.6085,-0.1582,0.1339,-0.3623,21.9688
19:36:40:907,0.8369,0.8434,7.2593,46.8424,-0.1824,0.1909,-0.3684,22.2969
19:36:40:924,0.643,0.993,8.0446,46.8882,-0.2583,0.1629,-0.3103,22.6719
19:36:40:944,1.1206,1.2025,9.7948,47.0336,-0.351,0.0998,-0.2166,23.0938
19:36:40:964,1.8161,1.4982,12.1854,49.528,-0.2629,0.0723,-0.2089,23.5156
19:36:40:988,1.9981,1.3378,13.2664,48.5588,0.0194,0.1458,-0.2864,23.8906
19:36:41:005,1.5396,1.0433,13.1838,49.8842,0.2663,0.304,-0.3047,24.1719
19:36:41:024,0.9925,0.8601,12.6307,50.82,0.4131,0.4441,-0.2006,24.4062
19:36:41:048,1.0141,0.6123,12.1938,50.3933,0.4546,0.4484,-0.0339,25.2812
19:36:41:071,1.5408,0.1826,12.1208,49.7352,0.44,0.2872,0.0926,25.2812
19:36:41:089,2.4613,-0.3298,12.3638,50.3873,0.4256,0.1107,0.107,25.4375
19:36:41:109,2.6349,-0.5896,11.7066,50.9417,0.3137,0.1778,-0.0323,25.4219
19:36:41:125,1.8724,-0.6698,11.6527,50.7385,0.0373,0.2961,-0.2054,25.2969
19:36:41:144,1.3277,-1.0947,12.1232,50.5011,-0.2253,0.4649,-0.3226,25.25
19:36:41:164,0.4873,-1.5281,12.268,52.6075,-0.363,0.5456,-0.4043,25.2969
19:36:41:187,-0.5613,-2.2571,12.5697,53.7587,-0.2826,0.2702,-0.3806,25.5625
19:36:41:205,-1.3933,-2.5444,13.2927,52.0826,-0.0109,-0.1729,-0.1987,25.9688
19:36:41:224,-1.4783,-2.8222,12.9743,53.1631,0.3854,-0.231,0.0718,26.4375
19:36:41:244,-1.0294,-2.5971,10.3838,51.7941,0.6615,0.0721,0.3339,26.8906
19:36:41:264,-0.6296,-1.898,7.6472,55.1324,0.6035,0.2391,0.4702,27.1094
19:36:41:287,-0.4704,-1.6526,6.468,53.1379,0.323,0.0548,0.5134,27.0156
19:36:41:304,-0.298,-1.3868,7.1193,53.1355,0.065,-0.3335,0.584,26.4062
19:36:41:325,0.3269,-0.9762,8.4732,53.8712,0.013,-0.635,0.6559,25.8594
19:36:41:345,1.1553,-0.6255,8.9185,54.5719,0.0831,-0.6632,0.6276,25.2656
19:36:41:366,1.1876,-0.404,8.7162,55.3891,0.1585,-0.4531,0.5195,24.5
19:36:41:388,0.8213,-0.3968,7.883,55.0127,0.2421,-0.1889,0.4729,23.7188
19:36:41:409,0.6525,-0.5357,6.5938,55.5564,0.314,0.0079,0.499,23.0156
19:36:41:425,0.5951,-0.483,5.3763,54.4769,0.2874,-0.0086,0.5611,22.4688
19:36:41:448,0.5556,-0.3825,5.4409,56.5891,0.126,-0.1849,0.6356,21.9219
19:36:41:471,0.6178,-0.4112,7.136,57.9086,0.0096,-0.3793,0.7198,21.3125
19:36:41:488,1.0392,-0.3394,8.7653,56.1432,0.1302,-0.4475,0.8186,20.6562
19:36:41:506,1.7215,0.0473,8.6588,57.0006,0.3795,-0.418,0.8556,19.8594
19:36:41:525,2.3919,0.6566,8.0051,58.2641,0.4021,-0.4608,0.7688,18.9688
19:36:41:545,2.9761,1.005,8.5989,58.2641,0.216,-0.4752,0.5677,18.4688
19:36:41:570,2.7271,0.8422,9.8487,55.7888,0.0229,-0.317,0.3238,17.0312
19:36:41:590,2.2375,0.4064,10.5933,56.6123,-0.0738,-0.0142,0.1898,16.2188
19:36:41:606,1.9346,0.021,10.4676,58.4346,-0.0996,0.194,0.1826,15.7031
19:36:41:624,2.1884,-0.2412,10.2138,58.0054,-0.093,0.0833,0.2348,15.4375
19:36:41:648,2.6577,-0.5644,10.4113,58.5795,-0.0932,-0.2499,0.2559,15.25
19:36:41:670,3.1257,-0.9343,10.8866,57.6287,-0.1262,-0.4315,0.2607,15.0156
19:36:41:688,3.3951,-1.2671,10.9392,58.7847,-0.1984,-0.373,0.2378,14.7344
19:36:41:705,3.4992,-1.7304,10.7142,59.052,-0.3175,-0.3037,0.1832,14.4375
19:36:41:724,3.4825,-2.0943,10.6292,58.4238,-0.4514,-0.366,0.1075,14.125
19:36:41:743,3.3185,-1.8429,11.5474,59.3402,-0.5971,-0.5786,0.0053,13.875
19:36:41:764,2.8181,-2.0297,13.5836,60.3119,-0.596,-0.6299,-0.1034,13.7188
19:36:41:787,2.1621,-2.3349,14.4503,60.5879,-0.3294,-0.3493,-0.089,13.6562
19:36:41:806,2.368,-2.2943,12.7684,60.8258,0.0919,0.1054,0.0391,13.7188
19:36:41:828,3.1617,-1.7256,9.3615,60.7332,0.3001,0.2284,0.0553,13.875
19:36:41:843,4.0284,-1.3904,7.7035,59.5324,0.134,-0.0712,-0.1109,13.8281
19:36:41:864,4.1493,-1.236,8.6611,60.5982,-0.2152,-0.3192,-0.403,13.7656
19:36:41:891,3.3029,-1.4623,10.0222,59.7753,-0.3505,-0.1932,-0.6792,13.875
19:36:41:914,2.0986,-1.6167,9.4644,58.5162,-0.2639,0.1474,-0.8054,14.3281
19:36:41:924,1.3133,-1.333,7.5718,59.9387,-0.2131,0.5083,-0.7702,15.1094
19:36:41:944,1.2032,-0.7991,6.1173,59.8359,-0.3119,0.6545,-0.6792,16.0156
19:36:41:969,1.1841,-0.319,6.1879,59.2323,-0.4493,0.5363,-0.6334,16.9531
19:36:41:988,1.0775,-0.1083,7.1564,59.3297,-0.4416,0.4241,-0.5908,17.7969
19:36:42:007,0.959,-0.0198,7.816,60.5166,-0.2868,0.3719,-0.5045,18.2031
19:36:42:024,1.0679,0.4004,8.1069,59.7262,-0.0783,0.364,-0.3748,18.9375
19:36:42:048,1.3552,0.7775,7.8244,60.6668,0.0959,0.3245,-0.3026,19.625
19:36:42:073,1.6234,1.0612,7.8148,61.0666,0.1401,0.2468,-0.2651,20.1719
19:36:42:092,2.1202,1.3461,8.5079,59.9828,0.0948,0.2111,-0.2802,20.5625
19:36:42:109,2.3129,1.4263,9.3531,59.8977,0.057,0.2678,-0.3878,20.7344
19:36:42:123,1.9753,1.4515,9.9827,62.2505,0.0381,0.4012,-0.5199,21.3906
19:36:42:145,1.2798,1.011,10.5478,61.5822,0.024,0.5213,-0.5913,21.8281
19:36:42:164,0.2814,0.3346,11.448,60.7419,0.037,0.5331,-0.4999,22.4688
19:36:42:187,0.1581,-0.1886,12.578,61.6097,0.11,0.426,-0.2328,23.1875
19:36:42:204,1.05,-0.7308,13.9104,62.9018,0.4163,0.1541,0.1824,23.7969
19:36:42:224,1.2403,-0.7536,13.1455,62.4121,0.5851,0.1983,0.295,23.7969
19:36:42:244,1.1362,-0.319,11.6144,61.9099,0.6003,0.1911,0.3595,24.0781
19:36:42:264,1.3564,-0.1191,10.6866,62.6421,0.3657,0.2217,0.3555,24.0781
19:36:42:287,1.2942,-0.2149,10.8291,62.8439,0.0309,0.1847,0.2774,23.875
19:36:42:304,0.9925,-0.7117,11.7808,63.882,-0.1316,-0.0614,0.2018,23.5625
19:36:42:323,0.4478,-1.2576,12.5266,64.8487,-0.0527,-0.3093,0.1845,22.75
19:36:42:345,-0.0633,-1.5939,12.2596,62.6933,0.2005,-0.2835,0.2473,22.4688
19:36:42:364,-0.304,-1.807,10.3239,61.9485,0.4226,-0.0342,0.3571,22.125
19:36:42:392,-0.5338,-1.4575,8.0015,63.0966,0.3832,0.1051,0.4585,21.875
19:36:42:406,-0.5099,-1.3006,7.0343,64.3292,0.1625,-0.0337,0.5235,21.3125
19:36:42:428,-0.4416,-1.1857,7.4916,64.4557,-0.0543,-0.3058,0.5965,21.3125
19:36:42:446,0.1378,-1.0588,8.5462,63.5728,-0.1052,-0.5128,0.6974,20.7812
19:36:42:463,0.6274,-0.7871,8.8551,63.9414,0.0003,-0.533,0.7384,20.1719
19:36:42:485,0.8991,-0.5537,8.2721,62.2651,0.1457,-0.4174,0.7464,19.5156
19:36:42:509,1.0308,-0.556,7.1528,63.8894,0.1654,-0.2656,0.7312,18.7031
19:36:42:527,1.0667,-0.647,6.8248,62.7457,0.0101,-0.1482,0.7509,17.8281
19:36:42:544,1.287,-0.4854,7.6197,63.0306,-0.1822,-0.043,0.796,16.9844
19:36:42:563,1.6042,-0.228,8.6085,62.6468,-0.1907,0.0636,0.8199,16.1406
19:36:42:587,2.0555,0.1131,8.9616,63.2822,-0.0096,0.0681,0.8135,15.2656
19:36:42:607,2.4721,0.5106,8.6707,64.2986,0.2293,-0.0169,0.7342,14.3594
19:36:42:623,2.605,0.932,7.7346,63.1797,0.3721,-0.1173,0.5789,13.4844
19:36:42:643,2.4314,1.1965,7.3695,62.4157,0.3302,-0.2227,0.3816,11.7031
19:36:42:664,2.095,1.0912,7.6807,64.116,0.167,-0.2494,0.2013,11.3438
19:36:42:689,1.858,0.9164,8.9281,65.0483,0.0272,-0.2619,0.0969,10.7969
19:36:42:706,1.8915,0.7763,10.0941,62.8074,0.0216,-0.2707,0.0231,10.4531
19:36:42:726,1.7898,0.4124,10.7321,63.7647,0.0815,-0.2949,-0.0509,10.2812
19:36:42:804,1.6689,-0.1023,10.9668,65.7225,0.0991,-0.3234,-0.0762,10.2031
19:36:42:804,1.864,-0.7895,11.5725,63.3789,0.0226,-0.382,-0.0603,10.2188
19:36:42:805,2.0927,-1.4898,12.6535,64.5468,-0.0463,-0.3514,-0.0011,10.2812
19:36:42:808,2.5882,-1.9962,12.7947,63.2615,-0.0242,-0.1844,0.099,10.3438
19:36:42:829,3.3041,-2.0081,12.0442,63.7587,-0.0176,-0.0243,0.1454,10.375
19:36:42:843,3.8081,-1.8058,11.1523,62.989,-0.073,0.034,0.0505,10.3125
19:36:42:864,3.7997,-1.655,10.6124,62.697,-0.2053,-0.0358,-0.1431,10.1562
19:36:42:895,3.2981,-1.8836,11.5067,64.4741,-0.3422,-0.1469,-0.341,10.0312
19:36:42:907,2.6936,-2.3421,12.5338,63.6977,-0.2679,-0.0046,-0.4017,10.0781
19:36:42:923,2.3907,-2.3804,11.4743,62.6763,-0.0077,0.3293,-0.3167,10.3906
19:36:42:944,2.7343,-1.8441,8.8419,62.1834,0.1784,0.4929,-0.2107,10.6094
19:36:42:964,3.5256,-1.4132,6.9864,61.529,0.1294,0.2662,-0.243,11.2656
19:36:42:988,4.1385,-1.0397,6.1628,61.3424,-0.1369,-0.0451,-0.423,11.5625
19:36:43:007,3.9003,-0.8194,7.1636,62.1592,-0.4983,-0.2044,-0.7063,11.8125
19:36:43:029,2.9462,-0.9691,8.0806,62.0851,-0.6655,-0.067,-0.925,12.1562
19:36:43:042,1.8903,-0.9715,8.1117,62.3733,-0.6945,0.2422,-0.9769,12.8125
19:36:43:064,1.2367,-0.6398,7.4976,60.8996,-0.6746,0.5557,-0.8909,13.7812
19:36:43:090,1.3265,-0.1502,7.3539,61.0394,-0.6437,0.5882,-0.7897,14.875
19:36:43:106,1.3157,0.2256,7.8675,60.7188,-0.5055,0.4462,-0.7649,16.0156
19:36:43:125,0.8692,0.3969,7.9153,60.7343,-0.2415,0.2177,-0.7673,17.0469
19:36:43:143,0.6011,0.5656,7.713,60.239,-0.0213,0.0028,-0.7362,17.9531
19:36:43:165,0.7507,0.6734,7.5155,60.0069,0.0463,-0.1199,-0.7335,18.8594
19:36:43:189,0.7639,0.6434,8.3212,61.6532,-0.0828,-0.0944,-0.7918,19.75
19:36:43:205,0.4119,0.4926,10.0055,59.2545,-0.192,0.1592,-0.8155,20.5625
19:36:43:222,0.1976,0.4555,10.9668,60.9899,-0.0996,0.4407,-0.7351,21.8438
19:36:43:243,0.4382,0.6183,10.5909,59.8955,0.0985,0.573,-0.6152,22.7969
19:36:43:264,0.6849,0.8278,10.112,60.6035,0.1792,0.5485,-0.5468,23.6406
19:36:43:290,0.5951,0.7835,10.3886,59.351,0.1752,0.4343,-0.5159,24.3906
19:36:43:309,0.3281,0.4914,10.9512,57.2376,0.1356,0.3456,-0.4211,25.0625
19:36:43:324,0.2958,0.0521,12.0274,59.3266,0.1068,0.2867,-0.2573,25.6719
19:36:43:344,0.5292,-0.489,12.7876,58.9078,0.1603,0.308,-0.0531,26.1562
19:36:43:363,0.971,-0.6135,12.4153,58.1289,0.2607,0.4303,0.1475,26.4688
19:36:43:385,1.3145,-0.1383,11.2217,58.5111,0.2392,0.4939,0.2412,26.5469
19:36:43:403,1.627,0.1706,10.8866,56.3199,0.0426,0.4023,0.2117,26.5
19:36:43:422,1.7814,-0.179,11.6156,57.157,-0.1931,0.2934,0.0686,26.3125
19:36:43:442,0.8094,-0.9726,12.7816,55.8865,-0.2645,0.0417,-0.0573,26.0625
19:36:43:463,-0.3207,-1.5401,14.3821,56.5459,-0.1012,-0.2251,0.0473,25.9219
19:36:43:487,-0.4811,-2.0189,14.9375,53.8892,0.4016,-0.1511,0.3216,25.9375
19:36:43:507,0.2719,-1.8729,11.2193,53.7121,0.9183,0.1988,0.5757,25.9688
19:36:43:528,1.2547,-1.2001,7.5885,54.3229,0.8493,0.2942,0.6199,25.5312
19:36:43:542,1.9969,-1.1438,6.6787,54.1609,0.3433,0.1195,0.4394,24.9062
19:36:43:562,1.4546,-1.3521,8.5486,52.4996,-0.1158,-0.1487,0.2029,24.2344
19:36:43:583,0.5771,-1.6059,10.4724,52.4996,-0.2085,-0.2483,0.1347,23.7344
19:36:43:603,-0.0968,-1.2312,9.6045,52.2394,0.2107,-0.0968,0.3379,23.5
19:36:43:623,0.151,-0.6482,8.0063,53.3129,0.318,-0.0259,0.4828,23.5
19:36:43:643,0.625,-0.2065,6.8858,53.3129,0.3278,-0.003,0.5416,23.3438
19:36:43:663,0.789,0.076,5.9736,51.553,0.3039,-0.039,0.5334,23.0938
19:36:43:686,0.777,0.2077,5.5559,50.6898,0.2474,-0.1522,0.5288,22.7031
19:36:43:706,0.7291,0.2508,5.8001,50.9257,0.1989,-0.2843,0.5667,21.5469
19:36:43:723,0.8369,0.3394,6.085,48.9118,0.2226,-0.3197,0.6575,21.5469
19:36:43:743,1.1481,0.5429,5.769,49.4862,0.2951,-0.2946,0.7504,20.9375
19:36:43:763,1.6892,0.8553,5.0926,49.329,0.3145,-0.3719,0.7685,18.9531
19:36:43:786,2.1034,1.1522,4.5623,48.8039,0.1656,-0.5524,0.6759,18.5312
19:36:43:803,2.3213,1.1869,5.6744,48.6069,-0.1747,-0.8206,0.5206,17.6719
19:36:43:827,2.3392,0.8015,8.4277,49.7694,-0.522,-0.9343,0.356,16.8125
19:36:43:844,2.4087,0.5046,11.1643,47.5745,-0.7209,-0.7527,0.242,15.8281
19:36:43:862,2.617,0.252,13.2377,47.5817,-0.7409,-0.4781,0.1083,15.625
19:36:43:883,2.5284,-0.4148,14.351,47.048,-0.6517,-0.2377,-0.0291,15.4375
19:36:43:905,2.3811,-1.0792,14.9926,46.5793,-0.514,-0.1005,-0.0568,15.1719
19:36:43:922,2.5152,-1.4826,15.074,47.6842,-0.3254,0.0002,0.0095,15.0625
19:36:43:941,3.1688,-1.6957,14.0768,47.9457,-0.1422,0.0553,0.0947,15.0938
19:36:43:962,3.911,-1.5604,12.5493,46.0594,-0.0804,0.0604,0.0758,15.1875
19:36:43:982,4.2905,-1.3318,11.4875,47.1186,-0.2224,-0.0363,-0.0917,15.1875
19:36:44:005,3.5483,-1.3258,12.3039,45.8086,-0.4796,-0.1183,-0.3343,15.0938
19:36:44:025,2.5344,-2.0584,14.1343,45.6229,-0.5119,0.0414,-0.4291,15.0156
19:36:44:042,1.9729,-2.6546,14.1307,46.0781,-0.1984,0.4417,-0.2975,15.125
19:36:44:061,2.3476,-2.3721,11.7054,45.7838,0.2535,0.7278,-0.084,15.7656
19:36:44:082,3.4609,-2.0357,8.8706,44.0204,0.5406,0.5419,-0.0083,16.25
19:36:44:107,4.5491,-1.5221,7.0726,44.8176,0.5244,0.1461,-0.1367,16.5156
19:36:44:126,4.8771,-1.0074,6.6476,44.2354,0.2961,-0.0765,-0.4453,16.5781
19:36:44:142,4.1816,-0.8829,6.6608,43.6221,0.0461,-0.0243,-0.8326,16.625
19:36:44:162,2.7307,-1.0361,6.5315,44.1554,-0.1611,0.2212,-1.1122,16.9219
19:36:44:182,1.2367,-1.2157,6.2155,43.2437,-0.3297,0.4795,-1.1873,17.6562
19:36:44:206,0.1569,-1.0959,6.2394,42.5693,-0.4325,0.5775,-1.0784,18.7344
19:36:44:225,-0.1902,-0.7883,6.7135,43.7625,-0.4035,0.4699,-0.8736,20.1094
19:36:44:242,-0.0442,-0.3873,7.1396,45.0061,-0.2325,0.2763,-0.6693,21.4844
19:36:44:262,0.3772,0.1347,7.0762,42.5007,-0.033,0.0934,-0.5055,22.6562
19:36:44:281,1.0212,0.6794,6.978,43.3045,0.0661,-0.0036,-0.4304,23.5156
19:36:44:303,1.2714,1.0157,7.4856,42.7372,0.0839,-0.0483,-0.4445,24.1875
19:36:44:322,1.0727,1.1043,8.3092,42.6199,0.102,-0.1042,-0.4693,24.7188
19:36:44:342,0.9518,1.2229,9.1723,44.5194,0.1473,-0.1458,-0.4445,25.1875
19:36:44:362,1.1302,1.3485,9.8367,44.759,0.2162,-0.1466,-0.4193,25.4375
19:36:44:383,1.0548,1.3474,10.4101,42.189,0.2322,-0.0907,-0.4238,26.2188
19:36:44:404,0.8788,1.2671,11.12,40.821,0.2021,0.0838,-0.3769,26.6719
19:36:44:428,0.7256,1.1091,11.3427,42.3707,0.1904,0.3008,-0.277,27.1406
19:36:44:442,0.7339,1.1295,11.3834,41.4625,0.1467,0.4116,-0.1415,27.5938
19:36:44:462,0.8752,0.9056,12.11,40.8612,0.1012,0.41,-0.015,27.9844
19:36:44:483,1.1326,0.507,12.5266,41.155,0.1409,0.3733,0.1086,28.2344
19:36:44:504,1.3373,0.3992,12.3183,39.2226,0.1651,0.3261,0.1994,28.3438
19:36:44:521,1.3864,0.5956,12.2932,40.3508,0.0756,0.2505,0.2343,28.3125
19:36:44:544,1.4055,0.3969,12.4787,40.8061,-0.0727,0.234,0.1933,28.1406
19:36:44:562,0.7675,-0.4328,12.2465,39.7027,-0.2304,0.1277,0.1379,27.7812
19:36:44:582,-0.3339,-1.2875,13.0186,39.6085,-0.3239,-0.154,0.229,27.5625
19:36:44:603,-0.5948,-1.91,14.2887,40.2351,-0.0964,-0.3514,0.4985,27.4219
19:36:44:622,0.1725,-1.8417,13.58,38.7964,0.424,-0.2603,0.7467,27.1562
19:36:44:643,1.117,-1.3234,10.2928,38.71,0.7673,-0.0616,0.7728,26.5625
19:36:44:662,0.8824,-1.0373,7.6316,37.5461,0.649,-0.0584,0.5909,25.7344
19:36:44:682,0.066,-1.1163,7.2103,39.8251,0.2823,-0.2257,0.4769,24.8438
19:36:44:707,-0.2573,-1.3006,8.4433,40.6167,0.0218,-0.4033,0.5299,24.4688
19:36:44:723,-0.1328,-1.0074,9.3938,39.2365,0.0418,-0.455,0.6676,23.875
19:36:44:742,0.6358,-0.5884,9.1172,39.061,0.2485,-0.3839,0.7778,23.3438
19:36:44:770,1.3373,-0.2017,7.804,38.3679,0.4253,-0.1804,0.7685,22.6406
19:36:44:788,1.8604,-0.0269,5.994,38.3728,0.4306,-0.0627,0.6703,21.7812
19:36:44:802,1.9753,0.076,5.186,40.0797,0.2128,-0.06,0.5355,20.9062
19:36:44:823,1.8042,0.064,5.8384,36.958,-0.0495,-0.1005,0.4151,20.0625
19:36:44:900,1.1972,-0.1227,7.0187,37.4366,-0.1417,-0.113,0.3653,19.0781
19:36:44:900,0.9063,-0.2173,7.5107,36.9808,-0.0466,-0.0424,0.4532,18.625
19:36:44:901,1.4474,0.0293,6.9924,35.8309,0.0836,-0.0584,0.5629,18.2031
19:36:44:901,1.937,0.5309,6.8535,37.775,0.0682,-0.2081,0.5533,17.6875
19:36:44:921,2.1669,0.7129,7.8184,37.7417,-0.0093,-0.4238,0.4556,17.0312
19:36:44:941,2.1262,0.6782,9.1328,36.6483,-0.0421,-0.5543,0.347,16.4375
19:36:44:961,1.9179,0.5609,10.2198,36.2333,-0.0434,-0.464,0.2777,15.9062
19:36:44:983,1.8257,0.4962,10.604,36.2882,-0.0487,-0.1977,0.2519,15.4844
19:36:45:003,2.3919,0.5764,10.8459,36.8578,-0.233,0.0028,0.1232,15.1719
19:36:45:024,2.5667,0.1287,11.8622,35.6747,-0.3009,-0.1279,-0.0089,14.8906
19:36:45:043,2.4482,-0.6973,12.7612,36.4753,-0.2767,-0.1761,-0.0725,14.6406
19:36:45:063,2.5871,-1.4407,12.6199,36.0335,-0.22,-0.0795,-0.0014,14.5312
19:36:45:083,3.3077,-1.6526,11.958,36.5748,-0.2506,0.0284,0.1035,14.625
19:36:45:107,4.014,-1.5065,11.4755,35.0649,-0.3614,0.0737,0.0548,14.6406
19:36:45:124,3.9422,-1.4491,11.6587,34.7226,-0.5326,0.03,-0.1375,14.5938
19:36:45:141,3.1593,-1.9303,13.0677,35.4823,-0.6227,0.026,-0.3015,14.5312
19:36:45:161,2.1872,-2.3026,13.9607,35.404,-0.4309,0.1991,-0.2874,14.5
19:36:45:181,1.8939,-2.3397,12.7445,36.7772,0.0149,0.4316,-0.0994,14.6719
19:36:45:204,2.7906,-1.7663,9.5985,33.664,0.372,0.4425,0.0644,15.0312
19:36:45:224,3.8931,-1.2887,7.3216,36.7741,0.391,0.0894,-0.0105,15.3906
19:36:45:241,4.3492,-1.0074,6.8739,36.3328,0.1161,-0.2819,-0.2645,15.5312
19:36:45:260,4.0415,-0.902,8.2434,36.9029,-0.2045,-0.337,-0.5705,15.4688
19:36:45:281,2.9605,-1.066,8.7821,37.3763,-0.285,-0.0433,-0.8099,15.4844
19:36:45:305,1.6545,-1.0361,7.6508,36.5631,-0.2522,0.3251,-0.8858,15.7656
19:36:45:321,0.8692,-0.7368,6.2047,37.9187,-0.2858,0.5224,-0.8131,16.4062
19:36:45:341,0.7974,-0.2544,5.8743,35.7897,-0.3385,0.4292,-0.688,17.2969
19:36:45:361,1.0967,0.24,6.5171,36.6657,-0.2836,0.1829,-0.6078,18.3438
19:36:45:381,1.2882,0.5453,6.8751,36.3089,-0.1222,0.0146,-0.5806,19.3125
19:36:45:405,1.4474,0.823,6.723,38.7252,-0.0144,-0.0267,-0.5724,20.4688
19:36:45:420,1.6569,1.1295,6.7637,36.7512,-0.0652,0.0414,-0.5719,21.1562
19:36:45:442,1.9119,1.4659,7.9585,37.049,-0.1827,0.0761,-0.6219,21.8125
19:36:45:461,1.597,1.4778,9.3435,37.3842,-0.1827,0.1192,-0.7013,22.4375
19:36:45:481,1.2762,1.3294,10.3515,37.5347,-0.0581,0.1272,-0.7029,23.125
19:36:45:506,1.1074,1.3653,10.6591,36.679,0.0852,0.1339,-0.6712,23.9062
19:36:45:524,1.2295,1.3928,10.9536,37.9893,0.1353,0.1807,-0.6496,24.7344
19:36:45:543,1.0057,1.2001,11.096,37.8474,0.1039,0.3174,-0.6683,25.4844
19:36:45:562,0.3185,0.7847,11.5258,37.4441,0.0197,0.451,-0.6296,26.25
19:36:45:582,-0.3183,0.2759,12.3123,38.9543,-0.0067,0.4915,-0.4597,27.0156
19:36:45:605,-0.304,-0.3789,12.8809,39.111,0.1036,0.4233,-0.1969,27.75
19:36:45:621,-0.1124,-0.7332,12.5721,39.6815,0.2583,0.3078,0.0644,28.4375
19:36:45:644,0.3018,-0.4878,12.2441,38.5798,0.3121,0.1227,0.2663,28.6719
19:36:45:662,0.8477,-0.3801,12.0609,38.5798,0.2301,0.0777,0.344,28.9375
19:36:45:681,0.9087,-0.477,11.9807,40.9054,0.0735,0.0889,0.3222,28.875
19:36:45:705,0.4418,-0.993,12.6714,39.7985,-0.0245,-0.1239,0.3105,28.375
19:36:45:724,0.1402,-1.4694,13.6435,41.0589,0.0511,-0.2859,0.3898,28
19:36:45:742,-0.0813,-1.8956,13.4316,41.0589,0.293,-0.1319,0.4961,27.6562
19:36:45:761,-0.207,-2.1326,10.5107,37.6991,0.5334,0.1629,0.6237,27.25
19:36:45:781,-0.1854,-1.6765,7.7083,39.503,0.4626,0.1706,0.7379,26.7344
19:36:45:806,0.0684,-1.1642,6.7182,37.467,0.1896,-0.0941,0.8013,26.125
19:36:45:821,0.6322,-0.9619,7.3312,40.8241,-0.0551,-0.369,0.8167,25.3438
19:36:45:841,0.9997,-0.847,8.0027,40.3329,-0.1196,-0.4832,0.7571,24.4531
19:36:45:861,0.8836,-0.6817,7.6927,39.3711,-0.098,-0.3945,0.7145,23.5625
19:36:45:881,0.9147,-0.562,6.832,40.162,-0.126,-0.2571,0.7073,22.625
19:36:45:903,1.0811,-0.4926,6.3735,42.1803,-0.2511,-0.1378,0.7081,21.7812
19:36:45:924,1.2894,-0.4663,6.6644,42.3818,-0.3814,-0.0859,0.6998,20.9531
19:36:45:941,1.0583,-0.4902,7.4281,43.2328,-0.3925,-0.0888,0.6881,20.1719
19:36:45:961,0.7004,-0.6626,8.0841,41.648,-0.2735,-0.1165,0.748,19.375
19:36:45:981,0.8572,-0.6135,8.4301,42.582,-0.0815,-0.1445,0.8852,18.5781
19:36:46:002,1.3098,-0.0784,7.8914,41.6213,0.0594,-0.1221,0.9699,17.375
19:36:46:020,1.9358,0.4567,7.4772,43.3811,0.0213,-0.055,0.9232,16.3594
19:36:46:041,2.2351,0.7847,7.64,43.4719,-0.167,0.079,0.7547,15.2344
19:36:46:061,2.113,0.7847,8.6947,44.5624,-0.3566,0.0942,0.5547,14.2188
19:36:46:081,1.8688,0.4208,10.5573,42.8903,-0.3792,-0.0909,0.4156,13.375
19:36:46:108,1.9131,0.0162,12.4739,44.3706,-0.139,-0.3761,0.3517,12.75
19:36:46:122,2.1693,-0.3418,12.7385,43.1322,0.1723,-0.5213,0.2844,12.2969
19:36:46:140,2.3716,-0.7284,12.6678,45.6381,0.2349,-0.4851,0.2069,11.875
19:36:46:161,2.5535,-1.1402,12.8737,45.1624,0.1478,-0.2955,0.1507,11.6719
19:36:46:182,2.8803,-1.6969,13.0282,46.9693,0.0615,-0.0667,0.1568,11.3438
19:36:46:204,3.5878,-2.0644,12.3494,46.5989,0.0341,0.1251,0.1922,11.125
19:36:46:222,4.4845,-1.9291,11.5007,44.8403,-0.0219,0.1418,0.1472,10.9531
19:36:46:241,4.9693,-1.6718,10.8614,46.7093,-0.123,0.1125,-0.0816,10.75
19:36:46:261,4.1229,-1.5425,10.4843,46.2462,-0.2615,0.1349,-0.423,10.5469
19:36:46:281,2.69,-2.0716,11.0123,46.9874,-0.3441,0.1935,-0.6374,10.5
19:36:46:308,1.8736,-2.5827,11.1882,48.6154,-0.2218,0.3088,-0.6219,11.0938
19:36:46:323,1.8029,-2.5432,10.0235,46.781,0.0048,0.3656,-0.4864,11.8125
19:36:46:341,2.4901,-2.1745,8.2062,47.9127,0.1222,0.2284,-0.4081,12.5469
19:36:46:361,3.285,-1.9962,7.1995,47.7179,0.0136,-0.0699,-0.4954,13.1406
19:36:46:382,3.6932,-1.9567,7.3096,47.8175,-0.2637,-0.2281,-0.7031,13.625
19:36:46:408,1.621,-1.9615,8.5438,48.0191,-0.661,0.1192,-1.0962,14.1562
19:36:46:427,0.3736,-1.6849,8.1308,47.7569,-0.6381,0.3666,-1.0384,14.1562
19:36:46:444,-0.0562,-1.218,7.6005,45.7482,-0.5092,0.4244,-0.839,14.9531
19:36:46:461,0.2515,-0.568,6.8679,49.0702,-0.3233,0.2875,-0.6299,17.2812
19:36:46:482,0.8034,0.1478,6.5973,47.2623,-0.1915,0.0742,-0.5162,18.5312
19:36:46:507,1.2631,0.5848,6.7171,47.3577,-0.0991,-0.0526,-0.4944,19.5469
19:36:46:525,1.384,0.8158,6.9373,46.9174,-0.0266,-0.0499,-0.522,19.9531
19:36:46:541,1.3409,1.1594,7.0894,48.9411,0.0208,0.0793,-0.5079,20.875
19:36:46:561,1.9155,1.5544,7.0894,48.9798,0.0834,0.0987,-0.4834,21.4375
19:36:46:585,2.6457,1.9507,7.1827,47.0661,0.1206,-0.149,-0.574,22.0312
19:36:46:607,2.86,1.825,8.6372,49.5056,0.0224,-0.4925,-0.7948,22.5938
19:36:46:624,2.0998,0.7536,11.3965,48.3471,-0.1089,-0.6246,-0.9892,23.1562
19:36:46:643,1.0871,-0.2616,14.1235,50.1308,-0.0562,-0.3567,-0.9697,23.7812
19:36:46:661,0.3437,-0.8745,14.4503,49.2608,0.1702,0.0952,-0.7998,24.5938
19:36:46:680,0.1737,-1.3689,13.8721,48.8414,0.2951,0.3538,-0.5585,25.6719
19:36:46:707,0.3784,-1.5449,13.3322,47.6012,0.2975,0.458,-0.3327,26.75
19:36:46:723,0.6202,-1.831,13.1299,48.4076,0.2562,0.4494,-0.1998,27.6562
19:36:46:740,0.6274,-1.9303,12.5852,48.8282,0.1918,0.4316,-0.1226,28.2812
19:36:46:762,0.3461,-1.892,12.5505,49.4638,0.0359,0.4327,-0.0632,28.6875
19:36:46:781,0.1198,-1.9746,12.6666,49.8625,-0.0831,0.4441,0.0117,28.9531
19:36:46:806,-0.2692,-2.0728,13.1455,49.8057,-0.0884,0.3248,0.127,29.1719
19:36:46:825,-0.608,-2.2404,13.3298,49.5983,0.0804,0.2255,0.3049,29.25
19:36:46:844,-0.6463,-2.3361,12.0573,49.3421,0.3619,0.2606,0.5352,29.2188
19:36:46:861,-0.4129,-2.159,9.7864,50.243,0.5542,0.2524,0.7549,29.0156
19:36:46:882,0.3078,-2.0033,7.8818,50.0285,0.5686,0.0612,0.8878,28.5625
19:36:46:906,0.6597,-1.7196,6.8092,49.1564,0.4005,-0.2672,0.9145,27.8281
19:36:46:984,0.704,-1.2707,7.245,49.2063,0.159,-0.5743,0.9126,26.9219
19:36:46:985,1.0787,-1.0816,8.2697,49.3502,0.0163,-0.6933,0.9118,25.8594
19:36:46:985,1.2942,-1.0828,8.8527,49.2232,0.017,-0.5783,0.8804,24.7812
19:36:46:985,0.8165,-0.8469,8.2517,48.7529,0.1238,-0.3048,0.8857,23.6875
19:36:47:004,0.7555,-0.8003,7.0032,51.318,0.1824,-0.0925,0.9659,22.6719
19:36:47:020,1.2966,-0.6195,5.9126,49.3271,0.1214,-0.0315,1.0444,21.6406
19:36:47:041,2.0783,-0.234,6.3472,49.6235,-0.0882,-0.0486,1.0255,21.1094
19:36:47:060,2.3309,-0.1239,7.8028,50.5223,-0.1659,-0.0134,0.9054,20.0469
19:36:47:081,1.8197,-0.246,8.2876,48.9458,-0.0176,0.0625,0.8079,18.8438
19:36:47:107,1.5073,-0.2891,7.6544,49.591,0.1739,0.0526,0.8186,17.1406
19:36:47:123,1.6377,-0.0796,7.215,49.2537,0.2461,-0.1221,0.8375,16.2188
19:36:47:142,2.35,0.1083,7.7753,50.5203,0.2354,-0.3817,0.7864,15.3125
19:36:47:161,2.7534,0.3214,8.7797,51.5015,0.1973,-0.5652,0.6034,14.3438
19:36:47:180,2.5655,0.1371,10.0797,50.3294,0.1396,-0.5596,0.3794,13.375
19:36:47:205,2.2662,-0.2304,10.8674,49.3088,0.1169,-0.2704,0.2271,12.5781
19:36:47:221,1.8532,-0.5333,10.3526,47.899,0.1214,0.0433,0.1525,11.9688
19:36:47:240,2.2207,-0.8027,9.6847,48.9463,0.0245,0.0652,0.1424,11.5938
19:36:47:260,2.9234,-1.0134,10.4819,49.3873,-0.1611,-0.1913,0.074,11.4062
19:36:47:282,3.4693,-1.6191,12.2836,48.5175,-0.2663,-0.3631,-0.0312,11.2344
19:36:47:305,3.6058,-2.4056,12.7684,50.4389,-0.2567,-0.2233,-0.0845,11.0938
19:36:47:322,3.929,-2.706,11.9987,47.4112,-0.2932,0.009,-0.0704,11.0625
19:36:47:342,4.0188,-2.2751,11.4049,47.2935,-0.4072,0.1104,-0.1463,11.1406
19:36:47:360,3.4454,-2.1302,12.0513,49.2499,-0.4642,0.0713,-0.2893,11.2344
19:36:47:381,2.5787,-2.293,12.5314,48.31,-0.3121,0.1158,-0.3356,11.4688
19:36:47:406,2.3572,-2.3242,11.7389,48.8362,-0.0184,0.2063,-0.2427,11.8281
19:36:47:422,2.9785,-2.0991,9.9899,47.6318,0.2256,0.1962,-0.1497,12.2344
19:36:47:440,4.1074,-1.892,8.5606,48.2917,0.2421,-0.0009,-0.1841,12.5312
19:36:47:460,5.016,-1.5856,8.3236,49.4176,0.0013,-0.2457,-0.3862,12.625
19:36:47:480,5.101,-1.4934,9.7469,47.5524,-0.3012,-0.2755,-0.7074,12.7812
19:36:47:501,3.9182,-1.7089,10.5334,48.2836,-0.3952,0.1016,-1.0241,13.0781
19:36:47:521,2.2674,-1.7232,9.3076,46.747,-0.3071,0.5634,-1.149,13.6719
19:36:47:542,1.1505,-1.4012,7.2222,47.1188,-0.2575,0.7957,-1.1018,14.6406
19:36:47:560,0.3784,-1.0134,6.1413,47.2,-0.2573,0.6878,-0.9838,16.6562
19:36:47:579,0.2731,-0.7967,5.897,46.2897,-0.2139,0.381,-0.8299,17.9375
19:36:47:600,0.3999,-0.4016,6.2035,46.4964,-0.1702,0.0976,-0.709,19.1406
19:36:47:621,0.5077,-0.0784,6.9445,45.623,-0.1334,-0.0656,-0.6435,20.125
19:36:47:644,0.631,0.0569,7.9692,45.8083,-0.1273,-0.055,-0.5902,21.6562
19:36:47:662,0.8596,0.6889,9.4309,45.979,0.1494,0.3011,-0.4664,22.3281
19:36:47:688,1.0356,0.9403,8.6671,44.492,0.2634,0.3453,-0.4499,22.9219
19:36:47:702,0.9746,1.1055,8.8371,45.429,0.2117,0.3325,-0.4611,23.4688
19:36:47:723,0.7687,1.0397,9.4608,45.2462,0.1436,0.3427,-0.4675,24
19:36:47:742,0.7423,0.7572,10.2497,45.2462,0.1057,0.3387,-0.439,24.5469
19:36:47:762,0.552,0.5106,10.7692,44.664,0.0905,0.3876,-0.3745,25.0781
19:36:47:788,0.3305,0.2879,11.0194,43.4396,0.0938,0.4239,-0.26,25.6094
19:36:47:803,0.1474,-0.0006,11.594,45.5812,0.0852,0.4058,-0.089,26.0781
19:36:47:823,0.522,-0.3083,12.1184,43.4097,0.13,0.3861,0.1272,26.4062
19:36:47:840,1.2559,-0.4818,12.0956,43.4097,0.1995,0.4052,0.2777,26.4062
19:36:47:861,1.621,-0.1227,11.1619,42.5349,0.1635,0.4313,0.3211,26.5312
19:36:47:886,1.9406,0.1371,11.2026,43.0284,-0.0402,0.32,0.2612,26.125
19:36:47:902,1.8365,-0.1742,12.1076,41.9082,-0.2216,0.2295,0.0963,25.8125
19:36:47:921,1.0045,-0.9583,12.7445,43.9639,-0.2565,0.0241,-0.0041,25.8125
19:36:47:939,-0.049,-1.5389,13.6471,43.1691,-0.1654,-0.1903,0.0947,25.5312
19:36:47:959,-0.2501,-2.1243,13.6902,42.1928,0.1731,-0.1452,0.3336,25.4375
19:36:47:980,0.0588,-2.1925,10.7692,42.466,0.5915,0.0436,0.5416,25.4375
19:36:48:000,0.4466,-1.9507,7.215,42.3239,0.6266,-0.0177,0.6237,25.3125
19:36:48:024,0.7687,-1.7256,6.3172,41.5882,0.2804,-0.3487,0.5952,24.9219
19:36:48:040,0.8584,-1.6107,7.8746,41.9159,-0.0722,-0.7032,0.5203,24.3125
19:36:48:059,1.1254,-1.6526,9.6033,41.6271,-0.216,-0.7836,0.4599,23.6406
19:36:48:080,0.9973,-1.5712,10.3179,41.3304,-0.1571,-0.6116,0.3954,22.9375
19:36:48:099,0.5137,-1.2037,9.565,41.7206,-0.008,-0.3282,0.4018,22.2969
19:36:48:124,0.3736,-0.9834,8.3212,41.1353,0.1052,-0.1335,0.4812,21.75
19:36:48:143,0.8764,-0.7392,7.081,40.3697,0.1595,-0.0472,0.5688,21.0156
19:36:48:165,1.5372,-0.3801,6.4657,41.6612,0.0839,-0.0648,0.5605,20.5
19:36:48:179,1.6545,-0.3094,7.0774,39.3577,-0.0671,-0.0787,0.4639,19.9219
19:36:48:200,1.2188,-0.3717,8.1332,40.6814,-0.0887,-0.0137,0.4114,19.25
19:36:48:227,0.7244,-0.5154,8.5762,39.3189,0.0567,0.0414,0.4671,18.6562
19:36:48:243,0.7735,-0.4651,8.1596,42.4316,0.2855,-0.0092,0.6162,18.1719
19:36:48:260,1.5587,0.1454,7.6017,39.3686,0.4093,-0.129,0.7131,17.7031
19:36:48:281,2.5631,0.6183,7.6268,38.7749,0.3646,-0.2467,0.6261,17.0938
19:36:48:308,2.781,1.0864,8.2589,39.3356,0.1984,-0.2395,0.3943,16.2969
19:36:48:324,2.5104,1.0589,9.3291,38.9825,0.0455,-0.1636,0.1326,15.9219
19:36:48:342,1.9047,0.6554,9.8032,39.5602,-0.0266,0.005,-0.065,15.1875
19:36:48:360,1.4582,0.3502,9.6882,37.893,-0.1015,0.1347,-0.1322,14.7188
19:36:48:380,1.4558,0.161,9.6895,38.9675,-0.196,0.0348,-0.142,14.5625
19:36:48:400,1.7227,-0.3573,10.3562,38.9841,-0.2921,-0.2374,-0.142,14.625
19:36:48:423,2.3548,-1.0576,11.5258,39.4513,-0.3558,-0.464,-0.0957,14.7969
19:36:48:440,3.267,-1.5113,12.4428,38.1942,-0.3723,-0.4435,-0.0605,15.0469
19:36:48:460,3.8129,-1.655,12.2249,36.6129,-0.3686,-0.2017,-0.1207,15.1562
19:36:48:480,3.9015,-1.8118,11.2481,36.9387,-0.4314,0.0137,-0.256,15.2188
19:36:48:499,3.9625,-2.0632,10.8614,37.4851,-0.5641,0.035,-0.4139,15.2969
19:36:48:525,3.4621,-2.4714,11.6802,37.2336,-0.7236,-0.1013,-0.5833,15.5
19:36:48:543,2.0998,-2.9407,13.8877,36.0705,-0.7015,-0.108,-0.5929,15.9062
19:36:48:561,1.554,-3.1657,14.7304,36.0809,-0.2567,0.1783,-0.3809,16.5
19:36:48:583,2.283,-3.1717,11.4037,36.7762,0.3515,0.4779,-0.1668,17.2031
19:36:48:606,3.1413,-2.5169,7.555,36.6138,0.5089,0.2987,-0.1284,17.7969
19:36:48:623,3.8416,-1.9339,6.3675,37.3151,0.1819,-0.0789,-0.2997,18.125
19:36:48:641,3.5304,-1.6753,7.8112,36.5696,-0.2485,-0.1143,-0.5942,18.2969
19:36:48:660,2.3333,-1.7831,8.5941,37.0798,-0.3995,0.2236,-0.8235,18.5
19:36:48:680,0.9973,-1.831,7.6915,38.8077,-0.3784,0.565,-0.8552,18.9844
19:36:48:700,0.3664,-1.3473,6.4058,37.2089,-0.3598,0.6907,-0.7146,20.3594
19:36:48:724,0.4694,-0.7619,5.9545,36.8207,-0.3587,0.5139,-0.5729,21.3438
19:36:48:741,0.801,-0.2688,6.4094,35.5751,-0.3159,0.2433,-0.5002,22.25
19:36:48:761,0.9901,0.0233,7.0211,37.1189,-0.2008,0.0249,-0.4816,22.9688
19:36:48:781,0.9147,0.1359,7.2318,36.2698,-0.093,0.0039,-0.4765,23.5312
19:36:48:801,1.0177,0.4064,7.3324,36.6586,-0.0948,0.0982,-0.4629,23.8125
19:36:48:824,1.2738,0.513,8.0363,37.2425,-0.1558,0.1283,-0.489,24.3594
19:36:48:841,1.3301,0.4771,9.2214,35.9299,-0.1909,0.1054,-0.5686,24.9062
19:36:48:860,0.8608,0.1443,10.5119,35.0252,-0.1654,0.1048,-0.6443,25.4375
19:36:48:880,0.2228,-0.2532,11.5473,35.6612,-0.0543,0.1978,-0.6107,26.0469
19:36:48:900,-0.1471,-0.5405,11.9268,35.2011,0.1089,0.3256,-0.4352,26.7656
19:36:48:923,0.0348,-0.4471,11.7999,35.8538,0.2181,0.4116,-0.1796,27.4844
19:36:48:940,0.5903,-0.1897,11.9328,35.4779,0.2591,0.3466,0.0452,28.1406
19:36:48:960,1.0931,-0.173,12.5278,34.3908,0.3294,0.1879,0.2095,28.5312
19:36:48:980,1.4881,-0.3454,12.4416,35.0989,0.4698,0.0425,0.3443,28.6094
19:36:49:064,1.9035,-0.2927,11.8275,34.9768,0.5257,-0.0302,0.4561,28.3906
19:36:49:065,2.1752,0.2316,11.2397,33.8706,0.4269,-0.0052,0.4918,28
19:36:49:065,2.3991,0.7679,11.3738,35.8575,0.2128,0.0646,0.4399,27.5
19:36:49:066,2.6457,0.519,11.685,33.4903,0.0495,0.1991,0.2548,26.9375
19:36:49:079,1.7,-0.2352,11.1774,34.0419,0.02,0.2004,0.05,26.4375
19:36:49:099,0.6573,-0.987,10.8411,34.1325,0.0349,-0.0616,0.0218,26.1562
19:36:49:125,-0.0598,-1.4934,11.4576,34.4589,0.1198,-0.2579,0.0734,26.125
19:36:49:143,-0.4704,-2.1781,11.2193,34.2987,0.351,-0.1703,0.1589,26.0938
19:36:49:160,-0.2513,-2.5839,8.9628,35.3524,0.4772,0.0132,0.2577,25.9844
19:36:49:179,0.0612,-2.4738,7.2545,33.6461,0.2605,0.0263,0.2737,25.8125
19:36:49:200,-0.2429,-2.2104,7.4461,35.056,-0.119,-0.1269,0.2348,25.5156
19:36:49:226,-0.0681,-2.232,8.8515,35.683,-0.3555,-0.2555,0.2838,25.2031
19:36:49:241,0.4287,-1.6095,9.2753,33.6029,-0.3763,-0.162,0.3334,24.9219
19:36:49:259,0.6071,-1.3198,8.3894,34.7668,-0.1883,0.1158,0.3744,24.5938
19:36:49:280,0.7435,-1.0313,7.5095,36.0791,-0.1574,0.1605,0.372,24.4062
19:36:49:299,0.6621,-0.908,7.2605,35.1494,-0.1944,0.1339,0.348,24.4062
19:36:49:323,0.2826,-0.9858,7.6496,32.774,-0.2139,0.1544,0.3656,23.4062
19:36:49:340,-0.2249,-1.1402,7.5383,35.1764,-0.1414,0.2023,0.478,23
19:36:49:359,-0.0981,-1.1905,7.1672,35.5465,-0.0783,0.1173,0.6615,22.6094
19:36:49:378,0.4873,-0.981,7.2917,35.0395,-0.0812,-0.0624,0.8063,22.2344
19:36:49:399,1.0691,-0.6901,7.9429,33.9173,-0.0666,-0.2675,0.8404,21.7031
19:36:49:423,1.5983,-0.4782,8.5067,34.1166,-0.0272,-0.3735,0.7728,20.9531
19:36:49:439,1.8089,-0.2951,9.1065,34.7239,-0.0253,-0.3636,0.6351,20.0156
19:36:49:459,1.8472,-0.1969,9.7948,33.5526,-0.0359,-0.1991,0.4873,19.0781
19:36:49:479,2.0292,-0.2711,9.9744,34.6042,-0.0501,-0.0246,0.3232,18.1562
19:36:49:498,2.2375,-0.5932,10.5035,33.6173,-0.118,-0.0417,0.1592,17.3906
19:36:49:520,2.5356,-0.9966,11.7999,33.6873,-0.1689,-0.2446,0.0002,16.8594
19:36:49:540,2.4793,-1.8214,13.6602,32.462,-0.1356,-0.3679,-0.1156,16.2969
19:36:49:558,2.5607,-2.5097,14.4862,33.7646,0.0399,-0.223,-0.0621,16.2656
19:36:49:578,3.2431,-2.4283,13.4986,34.4734,0.2735,0.039,0.0583,16.3125
19:36:49:598,3.947,-2.0716,11.5054,35.0541,0.3731,0.209,0.0532,16.4062
19:36:49:622,4.2007,-1.4347,9.7122,34.6622,0.2514,0.173,-0.0842,16.375
19:36:49:639,4.2881,-1.3294,9.6954,34.9329,0.0173,-0.1373,-0.3133,16.3125
19:36:49:659,3.9505,-1.8585,11.1786,36.0614,-0.0586,-0.4558,-0.5436,16.3281
19:36:49:679,3.2395,-2.4199,11.8071,34.3854,0.1494,-0.606,-0.6544,16.5625
19:36:49:699,3.024,-2.6414,10.6962,34.3279,0.4003,-0.5836,-0.6459,17.0312
19:36:49:721,3.3412,-2.5157,8.9365,35.6231,0.4485,-0.5208,-0.6744,17.6406
19:36:49:739,3.4262,-2.3924,7.6675,34.4717,0.2232,-0.4811,-0.8203,18.3438
19:36:49:759,3.0479,-2.0165,8.0111,35.1402,-0.1776,-0.3335,-0.9921,19.0156
19:36:49:779,2.4398,-1.8812,9.0358,35.1874,-0.3992,-0.0448,-1.1583,19.7812
19:36:49:800,1.3672,-1.7364,8.7581,35.4992,-0.3601,0.2585,-1.2584,20.2344
19:36:49:824,0.4359,-1.6023,7.7047,35.4992,-0.2653,0.4444,-1.2182,21.3594
19:36:49:844,0.1162,-1.3892,6.7793,33.6951,-0.1923,0.4079,-1.0837,22.7031
19:36:49:859,-0.0322,-1.0517,6.5818,34.3309,-0.1441,0.2699,-0.9442,24.1094
19:36:49:879,0.0157,-0.7751,6.504,34.8478,-0.0474,0.2063,-0.8089,26.2188
19:36:49:899,0.3664,-0.2795,6.0251,34.8958,0.0157,0.2052,-0.7055,27.4219
19:36:49:923,0.6908,0.3466,6.0155,35.7381,-0.0402,0.2172,-0.684,28.3906
19:36:49:940,0.7615,1.0074,6.6273,36.0244,-0.119,0.1946,-0.7407,29.2812
19:36:49:959,0.5065,1.333,7.4198,35.0163,-0.1917,0.0614,-0.8163,30.0781
19:36:49:979,0.3533,1.2504,8.7677,35.2095,-0.2759,-0.1306,-0.8334,30.8594
19:36:49:999,0.0707,0.6817,10.6136,36.3847,-0.339,-0.1234,-0.7633,31.7656
19:36:50:022,-0.3854,-0.1239,12.3303,34.9848,-0.3286,0.1176,-0.5165,32.7344
19:36:50:039,-0.0765,-0.5525,13.6447,36.5279,-0.179,0.3847,-0.1087,33.625
19:36:50:063,1.062,-0.4339,13.7428,35.1636,0.0764,0.4947,0.2567,34.3906
19:36:50:078,2.3237,-0.1,13.4627,35.0668,0.2951,0.3427,0.4114,34.7969
19:36:50:099,3.2431,-0.0066,13.331,33.6561,0.4796,0.1703,0.3241,34.75
19:36:50:122,3.3101,-0.4758,12.1938,35.5158,0.5417,0.1315,0.0849,34.375
19:36:50:141,2.8755,-0.8122,11.4432,36.2805,0.3273,0.1405,-0.1186,33.9375
19:36:50:158,2.3692,-1.1833,11.9975,35.8442,-0.0035,0.2409,-0.2709,33.6875
19:36:50:179,1.694,-1.473,12.8737,34.2949,-0.2405,0.4537,-0.3625,33.8281
19:36:50:199,0.7842,-1.8274,13.6064,35.7881,-0.2458,0.5831,-0.3796,34.1562
19:36:50:226,-0.1914,-2.4032,13.2281,35.9882,0.0344,0.6665,-0.2469,34.6094
19:36:50:242,-0.4883,-2.5995,10.7525,35.4108,0.3965,0.6564,0.013,35.0781
19:36:50:258,-0.1663,-2.3337,8.2972,34.8277,0.5332,0.3589,0.2391,35.4219
19:36:50:279,0.3521,-2.1865,7.0929,38.0961,0.3912,-0.1271,0.344,35.4844
19:36:50:299,0.5783,-2.214,8.1631,35.6765,0.0847,-0.5098,0.376,35.375
19:36:50:322,0.7782,-2.2966,9.8379,36.522,-0.0634,-0.5253,0.4239,35.0469
19:36:50:340,0.9039,-2.159,10.1144,35.0359,0.0013,-0.3248,0.4833,34.625
19:36:50:359,0.8058,-1.5497,8.9173,34.7626,0.1427,-0.1365,0.5488,34.1094
19:36:50:378,0.7639,-1.0588,7.4748,35.8986,0.2115,-0.1221,0.5872,33.5938
19:36:50:398,0.8584,-0.7105,6.747,36.6689,0.2064,-0.1551,0.6039,32.9844
19:36:50:422,1.0967,-0.4675,6.2155,34.4589,0.1715,-0.1674,0.5922,32.3281
19:36:50:442,1.3002,-0.2652,6.2011,34.6569,0.0972,-0.222,0.5517,31.3125
19:36:50:458,1.3014,-0.0688,6.9349,33.7329,0.0461,-0.2853,0.507,30.625
19:36:50:479,1.19,0.0162,7.5395,34.0882,0.1041,-0.3093,0.4929,29.9688
19:36:50:500,0.7064,0.161,7.6424,34.9394,0.1768,-0.3354,0.5131,29.4062
19:36:50:525,0.2563,0.1107,8.1153,34.304,0.2147,-0.4763,0.6074,28.8281
19:36:50:542,0.6765,0.1179,8.7581,34.1499,0.2458,-0.5373,0.7512,28.2031
19:36:50:559,1.2068,0.6004,9.0263,33.3476,0.244,-0.4371,0.8306,27.4844
19:36:50:579,1.9011,1.1247,9.4632,33.9662,0.2091,-0.3149,0.8018,26.625
19:36:50:601,2.5811,1.4587,9.6643,32.682,0.1814,-0.141,0.6394,25.6406
19:36:50:625,2.7247,1.3641,9.7242,34.5414,0.0011,-0.0217,0.1033,24.7031
19:36:50:644,2.5284,0.7416,10.5107,34.2465,-0.2104,-0.0685,-0.1327,23.9844
19:36:50:661,2.2327,-0.1778,12.0789,32.9349,-0.3771,-0.0976,-0.2611,23.5469
19:36:50:692,2.0747,-1.1893,13.4807,33.6174,-0.3816,-0.0472,-0.2475,23.5781
19:36:50:701,2.5404,-1.8393,13.6842,33.8445,-0.2541,0.0777,-0.1303,23.875
19:36:50:725,3.2191,-1.6634,12.7935,32.637,-0.1758,0.2308,-0.0744,24.1719
19:36:50:746,3.5435,-1.4443,12.0836,33.188,-0.188,0.2835,-0.1833,24.1719
19:36:50:761,3.1784,-1.4599,11.4432,32.8164,-0.2093,0.2857,-0.358,24.3438
19:36:50:781,2.6984,-1.7268,11.3678,32.2856,-0.2107,0.2393,-0.4656,24.4375
19:36:50:799,2.5703,-1.8801,11.2577,32.7738,-0.1172,0.3136,-0.4856,24.6719
19:36:50:824,2.787,-1.8501,10.1013,33.9511,0.0298,0.4718,-0.4957,25.1094
19:36:50:842,3.2107,-1.8429,8.4481,32.8154,0.1076,0.4939,-0.5676,25.6406
19:36:50:859,3.4789,-1.9243,7.0918,31.9352,0.0309,0.2961,-0.7239,26.2188
19:36:50:880,3.2538,-2.0153,6.8691,33.542,-0.1808,0.0889,-0.9135,26.8281
19:36:50:899,2.5619,-2.0093,7.4341,33.1943,-0.3646,0.0289,-1.0648,27.5
19:36:50:926,1.6892,-1.8812,7.6233,32.3462,-0.4338,0.1168,-1.1055,29.375
19:36:50:942,0.9913,-1.5245,7.543,32.6952,-0.4416,0.2383,-1.0251,29.9688
19:36:50:958,0.5711,-1.0672,7.4569,33.0266,-0.3843,0.3501,-0.8776,31.2344
19:36:50:978,0.6059,-0.5944,6.7901,32.4385,-0.2732,0.3791,-0.7399,33.0156
19:36:50:998,0.6346,-0.1083,6.2155,31.6014,-0.2059,0.2327,-0.6728,33.5625
19:36:51:018,0.5652,0.2915,6.3448,31.2383,-0.2131,-0.0102,-0.6504,34.5156
19:36:51:039,0.528,0.4507,7.2498,30.7319,-0.2352,-0.1956,-0.6411,35.2969
19:36:51:059,0.5113,0.5309,8.2505,32.5131,-0.2562,-0.2358,-0.6208,36.0625
19:36:51:137,0.7399,0.5465,9.5446,31.3362,-0.2778,-0.1298,-0.5934,36.7969
19:36:51:137,0.7208,0.7249,10.5071,31.7861,-0.2312,0.0454,-0.5793,37.4688
19:36:51:138,0.8189,0.7883,11.1918,31.2586,-0.1539,0.2023,-0.5428,37.8125
19:36:51:138,0.9362,0.7272,11.6359,32.2948,-0.0418,0.3147,-0.5266,38.4844
19:36:51:159,0.7531,0.5573,11.4911,31.2515,0.0772,0.3972,-0.5165,39.1562
19:36:51:178,0.9243,0.2472,10.8878,31.731,0.1467,0.4273,-0.4581,39.7656
19:36:51:198,1.4103,0.2041,10.5214,31.5394,0.0991,0.352,-0.4318,40.4062
19:36:51:218,1.6162,-0.0832,11.0518,31.5467,-0.0229,0.2364,-0.4973,41.0469
19:36:51:242,1.8532,-0.7775,11.9879,31.8172,-0.1281,0.2113,-0.562,41.8438
19:36:51:258,1.4654,-1.2312,12.2884,32.3146,-0.2248,0.4114,-0.6355,42.4062
19:36:51:278,0.4873,-1.4383,12.2105,32.183,-0.355,0.5634,-0.6339,43.0312
19:36:51:299,-0.4213,-1.8968,12.4236,32.2306,-0.4898,0.5221,-0.5151,43.7188
19:36:51:322,-1.1515,-2.414,13.3741,32.688,-0.4913,0.2849,-0.2597,44.5156
19:36:51:339,-1.1324,-2.8641,14.2887,32.8046,-0.2085,-0.1045,0.1227,45.25
19:36:51:358,-0.2668,-2.627,14.2241,34.2424,0.2591,-0.353,0.4948,45.7656
19:36:51:379,0.807,-2.2763,12.195,33.7187,0.6767,-0.3024,0.5896,45.8438
19:36:51:398,0.8812,-2.4295,9.1843,33.7057,0.7747,-0.1903,0.4426,45.4375
19:36:51:418,0.3126,-2.5684,7.5993,34.6715,0.5276,-0.1948,0.3142,44.7188
19:36:51:441,-0.3147,-2.7288,7.6149,34.5116,0.2658,-0.3543,0.282,44.1406
19:36:51:460,-1.1204,-2.5013,7.9393,34.7856,0.1619,-0.4978,0.3653,43.7031
19:36:51:478,-1.3418,-2.0488,7.9177,34.8729,0.1356,-0.5596,0.5789,43.3438
19:36:51:498,-0.8139,-1.4323,7.9189,36.838,0.1377,-0.6177,0.8058,42.7188
19:36:51:518,0.0037,-0.9738,8.0303,35.9189,0.1603,-0.66,0.9347,42
19:36:51:540,0.5328,-0.6614,8.1572,34.6909,0.1971,-0.6259,0.9571,41.0156
19:36:51:560,0.7459,-0.5453,8.0434,37.3707,0.257,-0.5301,0.9395,39.9375
19:36:51:578,0.8369,-0.4723,7.6999,37.0721,0.3228,-0.4137,0.9334,38.7812
19:36:51:598,1.0236,-0.3705,7.2486,36.2407,0.3787,-0.3133,0.9304,38.2031
19:36:51:618,1.19,-0.2616,6.8799,37.9592,0.4115,-0.2417,0.9134,37.0938
19:36:51:640,1.2176,-0.1119,6.7159,36.6851,0.3997,-0.2262,0.8908,36.0312
19:36:51:659,1.4761,-0.0736,6.9888,39.6827,0.3681,-0.2464,0.8892,34.9375
19:36:51:678,1.8784,0.1598,7.4078,37.1283,0.3033,-0.2784,0.8817,33.875
19:36:51:697,2.2973,0.3765,8.4935,39.1782,0.1883,-0.3551,0.8159,32.8281
19:36:51:718,2.5811,0.507,9.9492,40.3469,0.1284,-0.3341,0.6852,31.8281
19:36:51:740,2.7415,0.3334,10.3682,38.4628,0.1555,-0.1655,0.5025,30.8125
19:36:51:758,2.6385,0.1203,9.8116,38.721,0.1172,-0.0616,0.3267,29.9219
19:36:51:778,2.8839,-0.2089,9.8666,40.2408,-0.0639,-0.1658,0.184,29.2344
19:36:51:798,3.3137,-0.7476,11.3486,39.4511,-0.2757,-0.3514,0.0388,28.5938
19:36:51:818,3.5639,-1.4778,12.9408,40.9812,-0.3452,-0.3178,-0.0587,28.375
19:36:51:841,3.6656,-2.2631,12.936,41.3779,-0.2956,-0.0845,-0.077,28.3281
19:36:51:858,3.8452,-2.1781,11.7257,41.3268,-0.3044,0.1458,-0.0549,28.3906
19:36:51:878,4.0116,-1.9686,11.2217,41.3268,-0.4224,0.1687,-0.1551,28.4844
19:36:51:898,3.431,-2.0656,11.3642,41.7257,-0.5137,0.0963,-0.3306,28.5781
19:36:51:919,2.5763,-2.3577,12.0777,40.7398,-0.5028,0.0436,-0.4097,28.7969
19:36:51:943,2.0615,-2.4343,12.3817,41.0334,-0.3257,0.0926,-0.3292,29.2031
19:36:51:961,2.5739,-2.2559,11.7892,40.3136,-0.0269,0.169,-0.1761,29.7031
19:36:51:978,3.6345,-1.8214,9.9947,42.0616,0.1968,0.1964,-0.1529,30.0938
19:36:51:997,4.6173,-1.503,8.6204,41.6449,0.1609,0.0915,-0.3412,30.3125
19:36:52:019,4.0104,-1.8429,8.9281,42.5065,-0.2027,0.1887,-0.9545,30.5
19:36:52:040,2.7846,-1.661,8.2625,43.6414,-0.2141,0.5317,-1.1178,30.5
19:36:52:058,1.7551,-1.4491,7.1205,43.1436,-0.1942,0.7512,-1.1524,31.6406
19:36:52:078,1.1206,-1.1977,6.085,43.7361,-0.1886,0.7791,-1.0741,32.1562
19:36:52:098,0.9494,-0.7105,5.842,43.9095,-0.2037,0.6252,-0.9388,32.1562
19:36:52:117,1.1541,-0.258,6.0263,43.1601,-0.1404,0.3959,-0.8493,34.0312
19:36:52:141,1.2523,0.0916,6.322,43.6136,-0.0011,0.002,-0.8257,36.7344
19:36:52:161,1.5168,0.5968,7.4281,42.2784,0.2163,-0.6292,-0.8382,37.875
19:36:52:178,1.8029,1.0469,8.0422,44.0598,0.3297,-0.9402,-0.9806,38.8438
19:36:52:197,1.4342,0.9332,8.7521,43.596,0.0557,-0.3623,-1.1857,39.7969
19:36:52:217,0.5556,0.4088,9.1855,44.9494,-0.4173,0.7711,-1.2432,40.6875
19:36:52:240,-0.4668,0.6267,10.4149,43.9733,-0.7239,1.3704,-1.0826,41.6562
19:36:52:257,-0.8319,1.0205,12.5002,45.2954,-0.5196,1.0977,-0.8296,42.9688
19:36:52:277,-0.9181,0.7919,13.9667,43.9003,0.1321,0.3932,-0.5457,44.4844
19:36:52:298,-0.3435,0.5369,13.2424,44.6144,0.8237,-0.0582,-0.1673,45.8281
19:36:52:317,0.5544,0.6303,11.6742,46.2428,1.1614,-0.2968,0.1509,46.9062
19:36:52:340,1.2571,0.3585,11.1499,44.4663,1.1627,-0.4558,0.3539,47.5625
19:36:52:357,2.3117,-0.1873,11.5869,45.0915,1.0703,-0.5546,0.5352,47.6719
19:36:52:377,3.8632,-0.5632,11.6,46.298,0.9835,-0.423,0.5816,47.2969
19:36:52:398,3.6968,0.2532,10.7273,44.6405,0.7539,-0.1551,0.3403,46.7188
19:36:52:419,2.3129,0.5465,10.713,43.9688,0.2892,-0.0568,-0.0057,45.9844
19:36:52:440,0.8572,-0.3071,12.1423,47.2938,-0.1017,0.1703,-0.1854,45.4062
19:36:52:459,-0.8019,-1.1558,13.0162,45.8683,-0.0993,0.4494,-0.1079,45.1875
19:36:52:477,-1.8422,-1.6478,12.3458,44.6758,0.2256,0.5871,0.2761,45.3281
19:36:52:498,-1.2305,-1.5473,10.4712,45.7532,0.6229,0.5413,0.7773,45.5469
19:36:52:517,0.2252,-0.8876,7.8687,47.2736,0.8535,0.36,1.0237,45.5156
19:36:52:546,1.0943,-0.1275,5.7821,46.9793,0.6954,0.0087,0.9049,44.9062
19:36:52:571,1.5168,0.0102,5.4493,47.3798,0.2216,-0.4233,0.6212,44.3906
19:36:52:578,1.5947,-0.3047,7.3276,47.3918,-0.3662,-0.7575,0.3528,43.875
19:36:52:599,1.2176,-0.5992,10.3538,46.8787,-0.7116,-0.7527,0.2029,42.2344
19:36:52:618,0.3509,-0.7165,12.3626,48.3021,-0.6032,-0.3636,0.1906,41.5156
19:36:52:638,-0.3399,-0.7548,11.2385,46.5737,-0.1899,0.1959,0.3421,41.125
19:36:52:659,-0.1591,-0.5285,8.0841,48.1651,0.0967,0.6217,0.5768,40.9062
19:36:52:678,0.5616,0.094,5.769,47.8517,0.028,0.7999,0.7137,40.5469
19:36:52:699,1.3169,0.5022,5.0423,48.488,-0.2445,0.7432,0.6889,40.0625
19:36:52:719,1.1817,0.6183,6.3735,48.0423,-0.4394,0.4132,0.5659,39.3125
19:36:52:742,0.4658,0.179,8.2984,49.7793,-0.3097,0.0505,0.5387,38.5312
19:36:52:760,0.2336,-0.0521,9.0646,49.2049,0.1012,-0.1756,0.6793,37.8594
19:36:52:778,0.5101,0.1634,7.9249,48.5755,0.4669,-0.2773,0.8378,37.2656
19:36:52:798,1.2499,0.6698,7.0427,47.9103,0.4591,-0.4286,0.9035,36.5781
19:36:52:820,1.8101,1.1414,7.6747,49.7219,0.1979,-0.5085,0.8223,35.6875
19:36:52:842,2.2315,1.1905,9.2776,50.3498,-0.0221,-0.46,0.6639,34.7031
19:36:52:858,2.3285,1.0421,10.045,48.7648,-0.1012,-0.2944,0.4809,33.6719
19:36:52:878,2.1932,0.7823,10.3934,50.4551,-0.1643,-0.2438,0.343,32.8125
19:36:52:898,2.4326,0.2316,11.0254,48.6097,-0.2405,-0.3897,0.2641,32.1719
19:36:52:920,2.7762,-0.252,12.529,48.3104,-0.3145,-0.5799,0.2242,31.7031
19:36:52:946,2.9893,-0.647,14.1391,50.5335,-0.2581,-0.5562,0.2111,31.2188
19:36:52:964,3.4693,-0.8637,13.4651,48.3675,-0.0612,-0.2502,0.2186,30.9688
19:36:52:979,3.7602,-0.7943,11.205,49.3237,-0.0626,-0.0307,0.1589,30.7188
19:36:52:998,3.753,-0.8086,10.5741,51.4624,-0.2743,-0.1013,0.0457,30.4531
19:36:53:018,3.6345,-1.0026,11.1619,51.0074,-0.4381,-0.2944,-0.0645,30.2812
19:36:53:042,3.3592,-1.1331,12.7804,50.7845,-0.4562,-0.4433,-0.1615,30.25
19:36:53:058,2.8684,-1.3509,14.1906,51.8385,-0.2578,-0.2262,-0.2126,30.2656
19:36:53:078,2.3692,-1.6287,12.5852,50.4834,0.2658,0.1584,-0.1567,30.4062
19:36:53:098,2.5691,-1.327,8.6204,51.7398,0.5486,0.3645,-0.0414,30.625
19:36:53:118,3.352,-0.7835,5.994,51.8829,0.3084,0.1445,-0.052,30.8438
19:36:53:143,4.099,-0.3669,6.9505,51.2238,-0.2717,-0.3008,-0.3066,30.9375
19:36:53:223,3.7207,-1.011,9.9384,52.1691,-0.628,-0.4992,-0.6749,30.9531
19:36:53:223,2.5428,-1.3952,11.8335,51.1249,-0.5808,-0.1423,-0.8744,31.1094
19:36:53:223,1.1206,-1.3988,10.8746,51.7508,-0.2155,0.3885,-0.877,31.6875
19:36:53:224,0.4574,-1.1055,7.8962,52.2401,0.1009,0.6974,-0.696,33.1719
19:36:53:238,0.5831,-0.2568,5.7438,51.03,0.2005,0.6785,-0.4768,34.1562
19:36:53:260,1.3983,0.4447,4.6425,51.976,0.2189,0.413,-0.3734,34.9844
19:36:53:283,2.0687,1.0373,4.1816,51.5028,0.1585,0.1293,-0.4272,35.5625
19:36:53:297,2.3165,1.4419,4.5455,52.0348,-0.0032,-0.0086,-0.5759,35.9844
19:36:53:319,2.2674,1.637,5.5176,50.5638,-0.171,0.0279,-0.7311,36.4688
19:36:53:342,1.9921,1.5927,6.5878,51.2405,-0.2716,0.1616,-0.847,37.125
19:36:53:359,1.5276,1.5114,7.2749,50.9537,-0.3196,0.2449,-0.8858,37.9219
19:36:53:379,1.0404,1.4311,8.4421,50.8951,-0.3702,0.202,-0.8613,38.9219
19:36:53:398,0.8094,1.3474,9.8271,52.0889,-0.3569,0.1472,-0.7873,39.9688
19:36:53:420,0.3209,0.9978,12.1998,51.7332,-0.2573,0.2849,-0.5889,40.9844
19:36:53:443,0.4814,0.6901,12.6786,52.5175,-0.176,0.3672,-0.4286,42.7031
19:36:53:460,0.7339,0.3466,13.3095,53.2751,-0.1414,0.3336,-0.2808,42.7031
19:36:53:480,1.4007,0.0233,14.3976,52.4336,-0.1009,0.3027,-0.1385,43.6719
19:36:53:499,1.8844,-0.1227,14.5856,52.6425,0.0237,0.3946,-0.0736,43.6719
19:36:53:526,1.6701,0.258,13.4771,51.9153,0.0884,0.5024,-0.0688,44.25
19:36:53:544,1.6485,0.5345,13.021,52.2821,-0.0027,0.5573,-0.0909,44.5469
19:36:53:560,1.8436,0.246,12.4895,51.7568,-0.0676,0.6271,-0.2307,44.6562
19:36:53:577,0.9482,-0.2723,12.0609,52.4529,0.0056,0.4268,-0.3963,44.6562
19:36:53:597,-0.2728,-0.993,11.8825,52.2226,0.236,-0.0052,-0.383,44.7969
19:36:53:617,-0.5398,-1.6885,11.363,52.3048,0.5057,-0.1876,-0.2059,45.125
19:36:53:643,0.0456,-2.0883,9.3997,51.8552,0.6711,-0.0118,-0.0347,45.5781
19:36:53:659,0.5101,-1.9782,7.0415,53.1854,0.5417,0.0601,-0.0299,46.0156
19:36:53:678,0.7148,-2.214,6.1784,53.8749,0.126,-0.1077,-0.1591,46.2344
19:36:53:701,0.194,-2.5361,7.0008,53.5774,-0.3398,-0.4102,-0.2611,46.2656
19:36:53:717,-0.207,-2.4331,8.8323,52.7235,-0.5768,-0.6292,-0.1758,46.2969
19:36:53:737,-0.0645,-2.0955,10.2329,52.2353,-0.4503,-0.6939,-0.0307,46.4844
19:36:53:760,-0.1974,-1.7029,9.8116,53.319,-0.1222,-0.5777,0.1115,46.75
19:36:53:777,-0.2549,-1.2216,8.2888,52.8185,0.0567,-0.3223,0.2892,46.9375
19:36:53:797,0.0432,-0.8912,7.0067,52.5076,0.0399,-0.0765,0.4665,46.8594
19:36:53:818,0.4562,-0.6015,6.565,53.3054,-0.0661,0.035,0.5944,46.625
19:36:53:843,0.6753,-0.4483,6.917,53.2329,-0.1361,0.0223,0.6849,46.1719
19:36:53:859,0.631,-0.3921,7.549,52.8776,-0.0911,-0.0499,0.7749,45.5469
19:36:53:877,0.7842,-0.3909,7.8495,53.6469,0.0652,-0.1335,0.8902,44.8281
19:36:53:900,1.1517,-0.173,7.8196,51.6128,0.2171,-0.2986,0.9842,44.0312
19:36:53:916,1.7826,0.1215,8.4026,53.2927,0.2368,-0.4939,1.0146,43.0781
19:36:53:938,2.265,0.5261,9.7122,53.5719,0.1694,-0.5535,0.9515,41.9688
19:36:53:958,2.4506,0.7979,10.8985,53.1536,0.1534,-0.3389,0.8173,40.8438
19:36:53:979,2.5787,0.8218,10.8614,53.1536,0.2104,-0.0198,0.6415,39.6562
19:36:53:998,2.5775,0.9056,10.0151,53.3928,0.2093,0.0931,0.4458,38.5938
19:36:54:017,2.5751,0.6937,9.8319,53.2091,0.0924,-0.0803,0.2447,38.1406
19:36:54:041,2.6637,0.0246,10.8734,53.2091,-0.0503,-0.3948,0.0724,37.4375
19:36:54:059,2.6026,-0.8338,12.5493,54.2216,-0.0953,-0.5578,-0.0062,36.9219
19:36:54:077,2.9055,-1.6442,12.9504,53.4196,0.0024,-0.4233,0.0535,36.5625
19:36:54:098,3.2886,-2.159,11.5318,52.889,0.0565,-0.1668,0.1618,36.5156
19:36:54:118,3.9446,-2.0608,10.5729,53.4441,-0.0698,-0.0387,0.2692,36.4688
19:36:54:143,5.0351,-1.9842,10.0546,53.1552,-0.2437,-0.0321,0.2439,36.3438
19:36:54:163,5.4505,-1.8441,10.0869,54.4979,-0.4261,-0.1658,0.0463,36.0938
19:36:54:180,4.7011,-1.819,11.3893,53.1663,-0.5468,-0.2811,-0.1734,35.7812
19:36:54:197,3.8919,-2.0991,12.4009,54.1558,-0.4378,-0.0741,-0.2427,35.6094
19:36:54:220,3.8476,-1.9806,10.8985,53.3139,-0.0927,0.3011,-0.2134,35.7031
19:36:54:241,4.0068,-1.2384,8.0494,53.9364,0.1478,0.2652,-0.2893,35.9844
19:36:54:259,4.3731,-0.6327,6.4142,54.9605,0.0432,-0.15,-0.5306,36.2656
19:36:54:277,4.0068,-0.2628,7.0223,54.3487,-0.3177,-0.488,-0.9173,36.5625
19:36:54:297,2.8959,-0.5788,8.9437,54.0075,-0.6085,-0.4118,-1.2725,36.9844
19:36:54:318,1.2571,-0.9774,9.7625,54.1847,-0.6482,-0.0177,-1.4435,37.7812
19:36:54:342,-0.4093,-1.0493,9.28,53.8873,-0.5084,0.3549,-1.3737,39.0469
19:36:54:359,-1.1108,-0.9942,8.3918,52.114,-0.3246,0.4793,-1.1015,41.4531
19:36:54:377,-0.6379,-0.5405,7.7202,53.6127,-0.1513,0.4127,-0.7857,43.1094
19:36:54:397,0.1893,0.0581,7.4018,52.9165,0.0059,0.3011,-0.6147,44.4375
19:36:54:418,0.6861,0.4268,6.9254,52.6889,0.1174,0.2928,-0.5846,45.3438
19:36:54:443,0.9039,0.7033,6.3783,52.9333,0.1148,0.3464,-0.6275,46.0781
19:36:54:461,0.7854,0.7955,6.4321,53.9055,-0.0072,0.413,-0.6946,46.7656
19:36:54:479,0.6573,0.7093,7.4042,54.1288,-0.1473,0.4103,-0.7063,47.125
19:36:54:498,0.7076,0.7524,8.8467,53.02,-0.2146,0.3839,-0.6565,47.875
19:36:54:517,0.5472,0.8242,10.2832,53.4008,-0.1625,0.394,-0.5734,48.75
19:36:54:542,0.8608,0.8733,11.1391,53.6683,0.0216,0.3592,-0.3889,49.5781
19:36:54:557,1.6485,1.1067,11.4564,52.537,0.3004,-0.0057,-0.1945,50.2969
19:36:54:577,2.0304,1.1606,12.4117,52.4315,0.7001,-0.8174,-0.0901,50.9062
19:36:54:597,2.2148,0.8134,12.8115,53.5908,1.0253,-1.284,-0.0046,51.25
19:36:54:617,2.8803,0.4208,12.3398,52.3948,0.9457,-0.8622,0.1248,51.3125
19:36:54:643,3.5998,0.3442,11.272,53.3605,0.4434,0.1384,0.1685,51.1406
19:36:54:659,3.4346,0.4088,11.0518,51.7454,-0.2352,0.9152,0.0868,50.8594
19:36:54:678,2.9258,0.2867,12.7097,54.2783,-0.6581,0.9477,-0.007,50.6406
19:36:54:697,2.1824,-0.5453,14.5856,54.3453,-0.5667,0.463,-0.097,50.625
19:36:54:718,0.8118,-1.5065,15.6211,54.2799,0.0477,-0.2257,-0.0725,50.7344
19:36:54:743,-0.1184,-2.2487,14.072,52.2301,0.7707,-0.5743,0.1278,50.9062
19:36:54:759,-0.0705,-2.378,10.8889,52.9638,1.0525,-0.3263,0.401,50.9688
19:36:54:783,0.5101,-2.0249,7.9142,52.9077,0.8171,0.0348,0.5661,50.7344
19:36:54:796,1.0955,-1.8908,7.1337,53.3125,0.293,0.0095,0.5786,50.1875
19:36:54:818,1.6401,-1.4814,11.0649,53.3142,-0.2312,-0.4267,0.5749,49.5156
19:36:54:843,1.8377,-1.3318,11.6623,53.1438,-0.0213,-0.2528,0.54,49.5156
19:36:54:860,1.3133,-0.9319,9.7194,53.7552,0.233,0.0673,0.5195,48.8281
19:36:54:879,1.1625,-0.513,7.4604,53.6737,0.2996,0.2617,0.5739,47.5312
19:36:54:899,1.3277,-0.1431,6.1712,51.6725,0.2253,0.2718,0.6125,46.6406
19:36:54:917,1.5168,-0.0197,5.8911,53.0454,0.1068,0.1829,0.6215,46.3281
19:36:54:943,1.5659,0.1586,6.5171,52.3727,0.0685,0.0734,0.633,46.3281
19:36:54:961,1.7048,0.2005,7.1109,50.7884,0.1736,0.0068,0.637,44.9844
19:36:54:976,1.8712,0.2783,6.7973,53.341,0.289,0.0777,0.6412,44.2812
19:36:55:000,1.943,0.4771,6.2143,52.5544,0.2421,0.2183,0.6418,43.5625
19:36:55:015,2.0352,0.7691,6.3747,51.737,0.0711,0.2492,0.6237,42.8594
19:36:55:037,2.2423,0.9942,7.4054,50.8991,-0.0764,0.1536,0.5571,42.1094
19:36:55:059,2.344,1.1618,8.7509,51.3109,-0.102,-0.0124,0.4564,41.3594
19:36:55:076,2.2626,1.0134,9.7529,53.0297,-0.0184,-0.1415,0.3605,40.6406
19:36:55:096,2.3201,0.8745,10.106,53.3251,0.1129,-0.2049,0.2844,40.0625
19:36:55:116,2.4015,0.6937,9.8666,52.014,0.143,-0.2283,0.1959,39.5469
19:36:55:143,2.702,0.1921,9.9768,51.9474,-0.0045,-0.3056,0.119,39.125
19:36:55:161,3.0527,-0.3645,11.4492,51.5354,-0.2533,-0.3692,0.0607,38.7969
19:36:55:178,3.3628,-0.8278,13.4771,51.2585,-0.3649,-0.2712,0.0359,38.4688
19:36:55:199,3.7435,-1.3162,13.8027,52.1895,-0.2221,0.0524,0.0314,38.375
19:36:55:220,3.6788,-1.1606,11.5019,51.6105,-0.0956,0.3703,-0.0155,38.3281
19:36:55:245,3.7195,-0.8996,9.9744,51.6109,-0.2344,0.3954,-0.1375,38.3125
19:36:55:313,3.4645,-0.7655,9.9205,50.748,-0.5036,0.2366,-0.3495,38.3125
19:36:55:314,2.9989,-1.1079,11.8897,51.5819,-0.6844,0.0726,-0.5319,38.4062
19:36:55:321,2.7187,-1.6777,13.161,50.4042,-0.5891,0.2681,-0.587,38.7188
19:36:55:322,2.4793,-1.7867,12.5517,50.3231,-0.3284,0.6004,-0.5567,39.2812
19:36:55:337,3.2383,-1.9579,10.5478,50.9899,-0.1353,0.7179,-0.5284,39.9844
19:36:55:362,4.0116,-1.8334,9.2848,48.9565,-0.1161,0.5568,-0.6193,40.6719
19:36:55:377,3.8967,-1.7639,8.8575,49.9763,-0.135,0.3331,-0.8275,41.3438
19:36:55:397,3.0635,-1.8621,8.1332,50.1374,-0.1321,0.2771,-0.995,42.0312
19:36:55:418,2.0891,-1.7687,7.0977,50.1673,-0.1827,0.3916,-1.0462,42.4375
19:36:55:440,1.226,-1.5712,6.1472,50.9993,-0.286,0.5906,-0.9836,43.3594
19:36:55:458,1.0775,-1.1031,5.6121,48.6392,-0.396,0.6894,-0.847,44.5312
19:36:55:479,1.366,-0.6985,5.9186,49.564,-0.4557,0.5688,-0.7971,46.3125
19:36:55:497,0.9243,-0.5716,6.9098,49.8363,-0.3681,0.3932,-0.8083,47.4219
19:36:55:519,0.224,-0.4986,7.1121,49.4754,-0.0983,0.271,-0.7327,48.4062
19:36:55:541,-0.4225,-0.3071,6.4309,49.0935,0.1084,0.152,-0.5759,49.375
19:36:55:560,-0.5123,-0.0437,6.4561,49.0848,0.1204,0.0665,-0.3465,50.2656
19:36:55:576,0.066,0.4854,6.9613,48.8208,0.0426,-0.0315,-0.1657,51.0469
19:36:55:597,0.9219,1.1474,8.3331,48.7342,-0.0762,-0.1615,-0.1236,51.5781
19:36:55:619,1.4642,1.4623,9.881,48.2724,-0.1017,-0.2305,-0.2699,51.8594
19:36:55:643,0.9638,1.2624,10.8722,47.1519,-0.1017,-0.2241,-0.4792,51.9844
19:36:55:661,0.0791,0.7632,11.9065,47.3437,-0.183,-0.1064,-0.5404,52.1562
19:36:55:678,-0.5326,0.4807,13.349,48.2954,-0.2535,0.1251,-0.4075,52.5781
19:36:55:696,-0.7026,0.4172,14.345,49.2335,-0.1691,0.3466,-0.1862,53.1562
19:36:55:717,-0.1603,0.2688,14.6371,46.4544,0.0898,0.3645,0.0465,53.7188
19:36:55:746,0.6202,0.1538,13.8111,46.783,0.3539,0.2686,0.1866,54.0938
19:36:55:763,0.8932,0.1287,13.0449,47.7449,0.4469,0.1863,0.2215,54.2031
19:36:55:779,0.862,0.3945,12.8055,46.9117,0.4123,0.1256,0.2569,53.9688
19:36:55:799,1.2846,0.5477,13.2784,46.8758,0.3742,0.1442,0.254,53.7344
19:36:55:817,1.3792,0.4699,12.9551,46.7102,0.3941,0.2388,0.1523,53.4531
19:36:55:842,1.1038,0.4399,12.9097,47.2352,0.3747,0.1709,0.0708,53.1719
19:36:55:861,0.8118,0.0473,13.9511,46.5363,0.4434,-0.0219,0.0276,53.0156
19:36:55:876,0.2934,-0.7069,14.2121,46.1524,0.7721,-0.0768,0.0567,52.9531
19:36:55:897,-0.0933,-1.0337,12.0777,45.4845,1.1886,0.0103,0.1805,52.9219
19:36:55:917,-0.3027,-0.8266,9.3423,46.872,1.322,-0.0419,0.3105,52.8594
19:36:55:946,-0.2261,-0.4962,8.2314,46.2378,1.1446,-0.2491,0.405,52.6406
19:36:55:963,0.2695,-0.0066,8.4109,45.5749,0.8549,-0.4286,0.5046,52.5
19:36:55:980,1.615,0.0904,9.705,44.8575,0.6432,-0.5559,0.5009,52.0938
19:36:55:999,2.1812,-0.1407,10.9356,44.3032,0.6938,-0.5871,0.3358,51.5625
19:36:56:016,1.9179,-0.0461,10.3586,44.3032,0.9774,-0.4129,0.1901,50.9688
19:36:56:046,1.6593,-0.0377,7.9333,46.4956,1.2293,-0.0624,0.0913,50.4688
19:36:56:063,1.1422,0.2915,5.2877,45.1622,1.2762,0.2601,0.0255,50.1719
19:36:56:079,0.959,0.4902,2.6649,45.5713,1.1486,0.4473,0.0005,49.9375
19:36:56:096,1.3911,0.9595,0.455,43.4194,0.7534,0.2308,-0.0453,49.875
19:36:56:116,1.8461,1.2743,1.3217,45.2281,0.0003,-0.3769,-0.2168,49.8281
19:36:56:142,2.1082,0.9092,5.7893,44.8463,-0.6932,-0.8387,-0.4334,49.8438
19:36:56:160,1.4809,0.1383,11.2146,44.1941,-0.7553,-0.72,-0.6286,50.1094
19:36:56:177,-0.0454,-0.5776,12.3219,44.6142,-0.1683,0.108,-0.6118,50.6719
19:36:56:197,-1.1946,-0.3334,8.9473,42.3732,0.331,0.7395,-0.2563,51.4531
19:36:56:218,0.6202,1.8142,6.4704,43.4003,-0.0131,0.3307,0.3504,52.125
19:36:56:243,1.7156,2.0896,7.8531,43.4224,-0.2101,-0.0986,0.2761,52.375
19:36:56:259,1.9514,1.9172,9.1867,43.9931,-0.3433,-0.3642,0.099,52.125
19:36:56:276,1.8927,1.4252,10.8961,44.086,-0.535,-0.378,-0.0376,51.7188
19:36:56:295,1.3145,0.9116,12.6391,43.9032,-0.6783,-0.1745,-0.0704,51.4219
19:36:56:316,0.8872,0.7272,14.3139,43.6959,-0.6152,0.0273,0.1312,51.3281
19:36:56:336,2.2004,0.5824,14.0804,43.2081,-0.2764,0.1336,0.4567,51.4062
19:36:56:358,3.6249,0.9727,12.6044,41.858,0.0328,-0.0864,0.5193,51.4844
19:36:56:376,4.2714,1.23,11.6659,43.4944,0.1151,-0.418,0.3046,51.3594
19:36:56:396,3.9901,0.8936,11.5509,41.508,-0.0415,-0.4632,-0.0278,50.8438
19:36:56:416,2.9462,0.3681,12.4978,44.08,-0.2429,-0.2076,-0.2411,50.2812
19:36:56:435,2.2567,0.1574,13.0653,42.3972,-0.2463,0.2244,-0.2368,49.9375
19:36:56:462,2.3381,0.1598,12.0214,44.7668,-0.021,0.5626,-0.1601,49.9844
19:36:56:478,2.4733,0.3023,10.051,43.5854,0.232,0.5714,-0.142,50.2812
19:36:56:496,2.8217,0.3705,8.0339,43.4848,0.3705,0.3171,-0.2054,50.5312
19:36:56:518,2.7714,0.319,6.4381,44.0462,0.3196,-0.0496,-0.3505,50.7031
19:36:56:543,2.3189,0.3561,5.7079,43.1064,0.1177,-0.3666,-0.4611,51.0625
19:36:56:561,2.1824,0.4723,5.8001,43.368,-0.1734,-0.4736,-0.4954,51.4531
19:36:56:579,2.2267,0.7165,6.7302,42.4089,-0.4767,-0.3146,-0.5306,51.7188
19:36:56:599,1.8137,0.9846,7.573,42.8787,-0.6487,0.0204,-0.5897,52.2812
19:36:56:619,1.129,1.1654,8.1763,43.2916,-0.6112,0.2572,-0.6094,53.1875
19:36:56:642,0.5855,1.2121,7.8136,44.0132,-0.3944,0.3741,-0.5468,53.5312
19:36:56:660,0.2719,1.5173,6.9732,43.7907,-0.2032,0.3216,-0.4374,54.2344
19:36:56:677,0.3521,2.001,6.7565,42.6182,-0.138,0.1557,-0.35,54.8906
19:36:56:696,0.4442,2.4152,7.051,41.0543,-0.155,0.0289,-0.3511,55.4531
19:36:56:717,0.3138,2.5421,7.9884,43.1503,-0.2234,-0.0518,-0.4091,55.9062
19:36:56:742,0.0564,2.4008,9.3148,43.255,-0.2333,-0.0283,-0.4248,56.2656
19:36:56:762,-0.4847,2.4056,10.1827,43.0135,-0.1297,0.0337,-0.3628,56.7031
19:36:56:777,-0.4991,2.5253,10.6878,43.0984,0.0229,0.0851,-0.2374,57.2031
19:36:56:796,-0.1819,2.6929,10.6639,43.8442,0.1198,0.1378,-0.1434,57.6719
19:36:56:817,-0.031,2.7946,10.7956,42.5816,0.1028,0.201,-0.1234,57.8438
19:36:56:844,-0.0897,2.73,11.1487,41.8199,0.0258,0.2689,-0.1303,58.1094
19:36:56:861,-0.2908,2.4187,12.0777,41.3173,-0.0221,0.3006,-0.1143,58.2656
19:36:56:879,-0.4859,2.0896,12.778,42.7154,0.0301,0.3706,-0.0435,58.4844
19:36:56:896,-0.3399,1.7448,12.3913,43.9341,0.102,0.4449,0.0471,58.625
19:36:56:921,-0.0741,1.4623,12.1184,42.9369,0.0506,0.3155,0.1174,58.7188
19:36:56:945,-0.0825,0.981,12.9228,42.5123,0.012,0.1008,0.1613,58.7188
19:36:56:962,-0.5182,0.2975,12.6032,41.5884,0.1417,0.0279,0.2596,58.6094
19:36:56:979,-0.7816,0.0844,11.1379,42.9789,0.2858,0.0303,0.4769,58.4531
19:36:56:997,-0.5613,0.0054,9.778,41.144,0.2458,0.1996,0.6772,58.2344
19:36:57:019,-0.1208,-0.3226,9.1053,42.6079,0.0538,0.6713,0.841,57.8438
19:36:57:043,0.704,-0.2759,8.1799,43.9132,-0.0884,1.0918,0.9126,57.1719
19:36:57:061,0.8692,-0.0521,6.8427,43.7127,-0.282,0.9075,0.7949,56.2969
19:36:57:075,0.7136,-0.2652,7.6496,41.5569,-0.5398,0.1751,0.6135,55.2969
19:36:57:100,0.4155,-0.9966,9.778,41.0197,-0.5867,-0.5783,0.4657,54.2812
19:36:57:116,0.121,-1.57,11.0913,43.4483,-0.4296,-0.8587,0.4649,53.4531
19:36:57:137,0.4969,-1.3713,10.8064,41.7613,-0.2538,-0.6422,0.5701,52.8281
19:36:57:160,1.2415,-0.738,9.3184,40.967,-0.1784,-0.2424,0.5853,52.3281
19:36:57:176,1.7359,-0.2675,7.6101,42.087,-0.2304,0.0295,0.4785,51.375
19:36:57:198,1.5994,0.1371,6.9792,42.6892,-0.4288,0.054,0.3081,50.7031
19:36:57:215,0.5424,-0.0006,8.3511,42.5243,-0.6005,-0.0456,0.2079,50.1875
19:36:57:235,-0.0382,-0.1921,9.8918,43.5185,-0.4748,-0.0515,0.3126,49.8281
19:36:57:259,0.2132,0.1658,9.4596,41.5948,-0.1145,0.038,0.4955,49.5781
19:36:57:278,0.8728,0.8805,7.7549,44.9486,0.1534,0.0308,0.5776,49.2188
19:36:57:299,1.6258,1.3497,6.5794,43.1843,0.139,-0.1021,0.5009,48.9688
19:36:57:373,1.4941,1.6227,6.7889,42.2581,-0.1084,-0.2158,0.3176,48.3281
19:36:57:374,0.9494,1.3797,8.545,43.1335,-0.3433,-0.259,0.1808,47.7031
19:36:57:374,0.2204,1.1163,10.1755,41.894,-0.3896,-0.2254,0.1635,47.25
19:36:57:375,0.1964,0.9595,11.4408,43.5197,-0.2368,-0.1764,0.2665,46.9531
19:36:57:397,0.7794,1.2995,11.2625,41.7152,0.0415,-0.1847,0.3248,46.7656
19:36:57:416,1.208,1.3976,10.2736,42.95,0.1673,-0.3527,0.241,46.5469
19:36:57:437,1.3313,1.0696,10.6806,43.1225,0.0495,-0.5695,0.1198,46.1719
19:36:57:459,1.3085,0.4675,12.3171,43.2468,-0.1031,-0.631,0.0449,45.7031
19:36:57:477,1.4869,-0.1502,13.61,43.6779,-0.1004,-0.4792,0.0782,45.5469
19:36:57:501,2.1405,-0.4304,13.3921,40.7915,0.0477,-0.1889,0.1485,45.4844
19:36:57:515,2.6397,-0.2688,11.7772,42.3185,0.1473,-0.0291,0.1051,45.375
19:36:57:536,2.9354,-0.1814,10.7417,42.4478,0.0538,-0.0651,-0.0565,45.2031
19:36:57:559,2.9067,-0.2771,10.8566,44.2273,-0.1699,-0.214,-0.2888,45.0781
19:36:57:575,2.4709,-0.7512,12.8199,44.3118,-0.3356,-0.3327,-0.4954,45.1406
19:36:57:595,1.8006,-1.3701,14.151,41.6916,-0.2211,-0.1255,-0.5665,45.4688
19:36:57:616,2.0783,-1.1558,9.9277,44.3135,0.4245,0.3887,-0.3921,46
19:36:57:637,3.0743,-0.8793,8.1129,43.3906,0.3878,0.0984,-0.4704,46
19:36:57:661,3.0934,-0.8493,8.0734,44.2445,0.1606,-0.1708,-0.7093,46.9531
19:36:57:678,2.0723,-1.1151,8.7114,42.8839,-0.0394,-0.0888,-0.9002,47.6406
19:36:57:698,1.1505,-1.3054,8.4301,43.633,-0.1177,0.1991,-0.9436,48.9844
19:36:57:716,0.1569,-0.9164,7.3707,43.9375,-0.1076,0.5134,-0.8496,49.9531
19:36:57:736,-0.0358,-0.4459,5.9868,44.2712,-0.1033,0.6372,-0.6781,49.9531
19:36:57:760,0.03,0.2783,5.2602,43.3278,-0.1193,0.4582,-0.566,51.0469
19:36:57:777,0.4071,0.5884,5.4721,43.4871,-0.1425,0.124,-0.5452,52.0312
19:36:57:794,0.1115,0.6686,6.3328,44.1155,-0.1318,-0.0861,-0.57,52.8281
19:36:57:815,0.0073,0.659,6.8882,44.2993,-0.1124,-0.0624,-0.5239,53.4688
19:36:57:834,-0.0993,0.9332,7.2091,43.557,-0.118,0.0092,-0.484,54.0938
19:36:57:861,0.0073,1.1343,7.7944,44.8217,-0.1763,0.0092,-0.4651,54.7344
19:36:57:882,0.0672,1.1762,8.9676,44.7427,-0.228,0.0018,-0.4685,55.3125
19:36:57:900,-0.1388,1.1235,10.0594,44.366,-0.2045,0.0518,-0.468,55.875
19:36:57:914,-0.2585,1.1666,10.622,44.9383,-0.1409,0.1935,-0.42,56.4062
19:36:57:935,-0.2776,1.2971,10.9093,43.5959,-0.1001,0.3653,-0.3652,57.4531
19:36:57:960,-0.3578,1.3761,11.2948,43.2906,-0.0607,0.4971,-0.3204,57.7031
19:36:57:977,-0.7804,1.4479,11.3822,42.3476,0.0019,0.5621,-0.244,58.1719
19:36:57:997,-0.9241,1.4659,11.4169,43.3952,0.0639,0.45,-0.0885,58.5625
19:36:58:015,-0.7948,1.3426,12.0298,44.2387,0.1539,0.1818,0.0977,58.9219
19:36:58:036,-0.1184,1.0972,12.3135,43.531,0.3001,-0.0329,0.2793,59.1406
19:36:58:061,0.4885,1.0696,11.7042,41.9213,0.3545,-0.0472,0.384,59.1562
19:36:58:078,0.6489,1.4276,11.5821,45.2491,0.1915,0.0148,0.4244,58.9531
19:36:58:095,1.2164,1.643,12.5074,45.8318,-0.0248,0.1719,0.4069,58.5625
19:36:58:117,1.4749,1.4431,13.0042,45.8318,-0.0972,0.3229,0.2303,58.0938
19:36:58:136,0.8656,0.5716,12.784,44.5461,-0.0304,0.2196,0.0263,57.6406
19:36:58:162,0.127,-0.2867,12.8953,43.4574,0.094,-0.0417,-0.0275,57.4219
19:36:58:179,-0.3494,-0.9858,12.4057,43.2996,0.3329,-0.2259,0.0457,57.1719
19:36:58:198,-0.4416,-1.3569,11.606,45.4587,0.5918,-0.3223,0.213,57.1406
19:36:58:215,0.1354,-1.2576,10.5681,44.3552,0.8498,-0.3652,0.38,57.1719
19:36:58:236,0.9769,-0.9283,8.5486,45.7055,0.9089,-0.2867,0.3728,57.125
19:36:58:260,1.2511,-0.2412,7.1241,45.1307,0.575,-0.2576,0.2492,56.6719
19:36:58:278,1.5815,0.3861,7.9872,44.9778,0.0703,-0.3085,0.1637,56.25
19:36:58:299,2.2004,0.3693,9.9971,46.4721,-0.2013,-0.3644,0.017,55.8906
19:36:58:319,2.0567,0.2735,10.6052,45.3154,-0.0812,-0.4393,-0.2193,55.6719
19:36:58:334,1.5336,0.1299,9.8666,46.4516,0.1856,-0.2619,-0.4078,55.5469
19:36:58:357,1.0572,0.0126,8.3128,47.3132,0.3571,-0.0792,-0.489,55.6562
19:36:58:375,0.7854,0.1909,7.0846,45.2683,0.3774,0.0548,-0.4861,56.0312
19:36:58:395,0.7363,0.4076,6.504,48.0812,0.2413,0.1184,-0.488,56.5625
19:36:58:419,0.5711,0.5585,7.1001,46.4997,0.0304,0.063,-0.5324,57.0938
19:36:58:434,0.2575,0.5142,8.0794,47.2272,-0.1087,0.0545,-0.5961,57.6406
19:36:58:455,0.3712,0.2209,8.7186,46.5669,-0.1396,0.2231,-0.6659,58.2188
19:36:58:479,0.643,0.2149,9.6512,45.8794,0.098,0.6007,-0.8038,58.8281
19:36:58:496,0.194,0.2783,9.4428,48.1209,0.4333,0.5419,-0.9109,59.5469
19:36:58:515,-0.6044,0.9188,9.7936,45.9946,0.6711,0.0356,-0.8691,60.375
19:36:58:535,-0.7744,0.9786,10.3287,48.0451,0.8631,-0.4656,-0.6922,61.8438
19:36:58:563,-0.1974,1.0756,10.3239,48.7689,0.9289,-0.5588,-0.5077,62.8438
19:36:58:580,0.3569,1.6143,9.9121,46.9543,0.8482,-0.3205,-0.3982,63.6562
19:36:58:599,0.7495,2.0464,9.3591,48.9191,0.6056,-0.0355,-0.4019,64.2344
19:36:58:620,0.6968,2.25,9.237,48.3301,0.265,-0.0635,-0.4126,64.7031
19:36:58:634,0.7016,2.05,9.9277,46.3197,-0.0154,-0.2044,-0.3705,65.1562
19:36:58:656,0.7758,1.8789,11.0027,48.3377,-0.1478,-0.2946,-0.2808,65.4062
19:36:58:678,1.5504,2.1937,11.4779,48.1187,-0.0698,-0.222,-0.134,65.8281
19:36:58:694,2.4446,1.6586,11.1619,49.0459,0.1819,-0.2092,-0.1263,66.2344
19:36:58:721,2.2435,1.236,10.8099,49.9248,0.3891,-0.2819,-0.2549,66.4844
19:36:58:734,1.7275,1.1462,10.4819,48.1542,0.4956,-0.2755,-0.3415,66.6094
19:36:58:756,1.6401,0.9355,9.9492,48.97,0.4589,-0.2656,-0.3391,66.8438
19:36:58:780,1.4821,1.0565,9.4524,48.65,0.2751,-0.3647,-0.2856,67.2031
19:36:58:796,1.5755,1.3342,9.6535,49.1534,0.0394,-0.5746,-0.1591,67.6094
19:36:58:819,2.2914,1.5066,9.8439,48.9311,-0.1036,-0.4835,-0.0272,67.9688
19:36:58:834,2.7738,1.886,9.4369,49.6521,-0.1478,-0.2054,-0.0065,68.375
19:36:58:855,3.1988,2.0333,8.9425,50.3681,-0.0961,-0.0145,-0.1378,68.4375
19:36:58:880,3.279,1.8226,8.4684,49.3931,-0.0144,-0.0249,-0.4288,68.4688
19:36:58:895,2.5679,1.6167,8.4109,51.75,-0.0221,-0.2185,-0.7561,68.625
19:36:58:915,1.7263,1.2839,8.8132,50.3482,-0.1007,-0.3958,-0.9633,69.125
19:36:58:935,0.7854,0.8913,9.1903,49.5062,-0.2003,-0.3458,-0.9734,69.9688
19:36:58:961,0.2719,0.9786,9.3124,50.1289,-0.2802,-0.0936,-0.8267,71.0938
19:36:58:978,0.2515,1.3426,9.128,50.477,-0.289,0.1378,-0.6834,72.25
19:36:58:995,0.2288,1.5078,8.709,51.9744,-0.2139,0.2042,-0.6051,73.1719
19:36:59:016,0.0181,1.8813,8.3738,50.9827,0.0844,0.1227,-0.4219,73.9531
19:36:59:036,0.1928,2.0213,7.7418,51.1098,0.1643,0.2849,-0.3279,73.9531
19:36:59:061,0.285,2.2368,7.1277,49.8052,0.1204,0.3472,-0.2746,74.6406
19:36:59:079,0.3748,2.3852,7.1073,51.0116,-0.0256,0.2151,-0.2248,75.6719
19:36:59:095,0.4215,2.5013,7.731,51.5825,-0.1926,0.0292,-0.174,76.0312
19:36:59:119,0.5209,2.4774,8.7162,52.377,-0.2746,-0.0651,-0.137,76.1719
19:36:59:134,0.5532,2.4954,9.4069,52.4694,-0.2493,0.0742,-0.113,76.5469
19:36:59:155,0.455,2.6917,9.6069,51.2077,-0.1558,0.3288,-0.0797,76.6562
19:36:59:180,0.4478,2.9431,9.541,52.4715,-0.0336,0.4396,-0.0493,76.9219
19:36:59:199,0.4191,2.9491,9.6188,53.0144,0.0711,0.3789,-0.068,77.0312
19:36:59:217,0.1222,2.9227,10.0127,51.4988,0.1318,0.1967,-0.0858,77.1094
19:36:59:237,-0.0933,2.7994,10.695,53.3067,0.1779,0.03,-0.0653,77.1406
19:36:59:260,-0.0753,2.6007,11.0446,52.6526,0.2448,0.0497,-0.0366,77.1875
19:36:59:277,-0.0154,2.3577,10.8267,53.8124,0.2951,0.1722,-0.0017,77.2656
19:36:59:295,0.2084,2.3266,10.3275,52.9468,0.2775,0.2383,0.0476,77.3438
19:36:59:314,0.5783,2.408,9.9792,54.4392,0.1401,0.2281,0.0529,77.375
19:36:59:334,0.8489,2.238,10.4173,52.8929,-0.0802,0.0063,0.0021,77.3594
19:36:59:354,0.6729,1.6143,11.9292,53.2988,-0.3262,-0.2425,-0.0725,77.2969
19:36:59:378,0.309,0.8039,12.8881,54.6909,-0.4645,-0.0598,-0.0238,77.2188
19:36:59:444,0.1055,0.319,12.1591,55.4541,-0.3981,0.4676,0.1017,77.25
19:36:59:444,0.1258,0.598,10.4963,54.8978,-0.1715,0.7807,0.1707,77.3438
19:36:59:445,-0.2369,0.7847,9.2082,54.0449,0.1063,0.5858,0.18,77.2969
19:36:59:460,-0.541,0.6698,8.6444,57.0586,0.3521,0.2047,0.2106,77.0938
19:36:59:478,-0.8175,0.5788,8.387,54.8934,0.4607,-0.0568,0.2732,76.8438
19:36:59:499,-0.7996,0.6375,8.1548,55.0015,0.3696,-0.1892,0.3917,76.5938
19:36:59:519,-0.0394,0.92,8.2661,56.9109,0.1001,-0.3029,0.5041,76.3281
19:36:59:533,0.8848,1.1307,9.1496,55.3051,-0.2498,-0.4116,0.5009,76
19:36:59:555,0.9781,0.9918,10.3562,56.7519,-0.4927,-0.3482,0.4026,75.5
19:36:59:576,0.455,0.6662,10.8111,55.8624,-0.5007,-0.0976,0.3496,74.9375
19:36:59:594,0.2252,0.7644,10.2138,56.7871,-0.2996,0.193,0.4077,74.4531
19:36:59:615,0.3748,1.1151,9.2681,57.579,-0.0269,0.2351,0.4354,74.0625
19:36:59:640,0.3449,1.2863,8.6971,56.59,0.2024,0.0835,0.3906,73.6406
19:36:59:660,0.133,1.4276,8.5235,57.5919,0.33,-0.0989,0.344,73.375
19:36:59:676,0.0899,1.5987,8.4421,57.2535,0.3302,-0.1743,0.3443,72.8906
19:36:59:695,0.3377,1.7627,8.4325,58.3847,0.232,-0.0853,0.3605,72.4375
19:36:59:717,0.4574,2.0213,8.569,57.5782,0.102,-0.0353,0.3427,71.875
19:36:59:736,0.5867,2.0548,8.8766,56.5506,0.0088,-0.0717,0.2969,71.5
19:36:59:761,0.7268,2.135,9.1879,59.0805,-0.0245,-0.0885,0.2457,71.0938
19:36:59:776,0.7507,2.2595,9.1855,57.9849,-0.0163,-0.0046,0.1871,70.7344
19:36:59:794,0.5639,2.3433,8.8587,59.5354,0.0027,0.0902,0.128,70.4375
19:36:59:814,0.4359,2.4666,8.6288,57.9796,0.0107,0.0433,0.091,70.1875
19:36:59:836,0.3281,2.4619,8.7868,59.2973,-0.0224,-0.1394,0.0479,70.0156
19:36:59:862,0.3341,2.323,9.2513,58.4005,-0.1007,-0.2656,0.0061,69.8906
19:36:59:878,0.4299,2.1578,9.8846,59.0612,-0.2064,-0.2736,-0.0139,69.8125
19:36:59:896,0.3209,2.0225,10.47,60.837,-0.3241,-0.182,0.0029,69.7969
19:36:59:914,0.1007,1.9208,10.6376,58.5154,-0.3979,-0.0089,0.0705,69.8281
19:36:59:935,0.0983,2.0955,11.199,59.6734,-0.3425,0.1762,0.1688,69.8594
19:36:59:960,0.5759,2.2631,11.199,58.6866,0.0392,0.2103,0.168,69.8281
19:36:59:978,0.6645,2.5205,10.2329,60.8116,0.3763,-0.2555,0.1408,69.7031
19:36:59:995,1.2104,2.2464,9.3267,61.8537,0.4016,-0.5786,0.1171,69.4844
19:37:00:021,1.8664,2.0907,9.3315,61.6385,0.1057,-0.5815,0.0679,69.2344
19:37:00:034,2.1968,1.9136,10.0821,60.9531,-0.1792,-0.3421,0.0484,69.1406
